7 4
jagmesh8
FR
3
17125.966151 1447.428625 1407.621610
0.000065 0.049593 0.067049
Elapsed_time: 0.067049
Score: 1407.621610
3
16520.928974 1449.008562 1409.248233
0.000059 0.049033 0.066680
Elapsed_time: 0.066680
Score: 1409.248233
3
18443.844903 1455.519245 1417.336136
0.000055 0.048009 0.070595
Elapsed_time: 0.070595
Score: 1417.336136
CN-FR
3
271.861964 198.567218 166.894951
0.269725 0.349176 0.363860
Elapsed_time: 0.363860
Score: 166.894951
3
286.302317 213.853007 185.205291
0.282483 0.376684 0.391992
Elapsed_time: 0.391992
Score: 185.205291
3
281.326243 278.863639 172.191968
0.278953 0.343328 0.358117
Elapsed_time: 0.358117
Score: 172.191968
L-BFGS
3
17125.966151 13423.722682 2995.057758
0.000055 0.036051 0.052518
Elapsed_time: 0.052518
Score: 2995.057758
3
16520.928974 12936.527358 2903.187207
0.000041 0.033280 0.049870
Elapsed_time: 0.049870
Score: 2903.187207
3
18443.844903 14517.212967 3158.005375
0.000055 0.038251 0.054843
Elapsed_time: 0.054843
Score: 3158.005375
CN-L-BFGS
3
271.861964 181.225813 158.207224
0.290649 0.320547 0.340767
Elapsed_time: 0.340767
Score: 158.207224
3
286.302317 201.044399 179.511704
0.288466 0.316534 0.330176
Elapsed_time: 0.330176
Score: 179.511704
3
281.326243 187.579919 162.550534
0.273532 0.301240 0.314839
Elapsed_time: 0.314839
Score: 162.550534
bcsstk14
FR
3
1888618.334103 3592.744668 3550.564999
0.000565 0.135924 0.173508
Elapsed_time: 0.173508
Score: 3550.564999
3
1736670.209634 3588.494186 3547.305879
0.000071 0.122086 0.159076
Elapsed_time: 0.159076
Score: 3547.305879
3
1883110.521680 3592.555704 3550.316793
0.000084 0.161770 0.201211
Elapsed_time: 0.201211
Score: 3550.316793
CN-FR
3
2452.444934 2431.869806 2308.408401
0.369996 0.501799 0.541005
Elapsed_time: 0.541005
Score: 2308.408401
3
2395.247277 2362.030411 2234.562168
0.388045 0.514630 0.552986
Elapsed_time: 0.552986
Score: 2234.562168
3
2435.052377 2387.115431 2258.795055
0.389938 0.525208 0.576189
Elapsed_time: 0.576189
Score: 2258.795055
L-BFGS
3
1888618.334103 1561115.064244 241958.152491
0.000103 0.093340 0.137858
Elapsed_time: 0.137858
Score: 241958.152491
3
1736670.209634 1429635.502849 221301.672220
0.000129 0.110846 0.154103
Elapsed_time: 0.154103
Score: 221301.672220
3
1883110.521680 1557232.759799 240237.477064
0.000103 0.096321 0.142497
Elapsed_time: 0.142497
Score: 240237.477064
CN-L-BFGS
3
2452.444934 2357.701900 2343.886851
0.386929 0.516504 0.595549
Elapsed_time: 0.595549
Score: 2343.886851
3
2395.247277 2276.617109 2265.070376
0.399665 0.510916 0.592785
Elapsed_time: 0.592785
Score: 2265.070376
3
2435.052377 2359.526837 2310.622187
0.375713 0.490027 0.523563
Elapsed_time: 0.523563
Score: 2310.622187
bcsstk15
FR
3
4182818.886008 7877.913398 7795.460938
0.000897 0.575807 0.792911
Elapsed_time: 0.792911
Score: 7795.460938
3
4096182.739053 7878.159241 7796.044094
0.000195 0.674172 0.884083
Elapsed_time: 0.884083
Score: 7796.044094
3
4179648.266298 7876.109185 7792.788849
0.000152 0.679605 0.919176
Elapsed_time: 0.919176
Score: 7792.788849
CN-FR
3
4603.718863 4534.311458 4422.907645
2.204791 2.949483 3.130612
Elapsed_time: 3.130612
Score: 4422.907645
3
4556.797276 4506.733286 4396.326430
2.138431 2.868199 3.047746
Elapsed_time: 3.047746
Score: 4396.326430
3
4966.310838 4835.369578 4757.174159
2.073247 2.861136 3.055112
Elapsed_time: 3.055112
Score: 4757.174159
L-BFGS
3
4182818.886008 3231991.508069 1828623.610967
0.000223 0.675921 0.895303
Elapsed_time: 0.895303
Score: 1828623.610967
3
4096182.739053 3155912.735594 775967.213786
0.000160 0.680085 0.909654
Elapsed_time: 0.909654
Score: 775967.213786
3
4179648.266298 3228160.952930 1749417.663243
0.000257 0.669037 0.905122
Elapsed_time: 0.905122
Score: 1749417.663243
CN-L-BFGS
3
4603.718863 4454.182782 4447.867592
2.052781 2.539752 2.829896
Elapsed_time: 2.829896
Score: 4447.867592
3
4556.797276 4546.044442 4523.485998
1.993177 2.476493 2.629074
Elapsed_time: 2.629074
Score: 4523.485998
3
4966.310838 4907.204316 4826.170142
2.019108 2.516507 2.683443
Elapsed_time: 2.683443
Score: 4826.170142
bcsstk16
FR
3
13900071.950738 10562.056094 10478.468285
0.001327 0.905538 1.221476
Elapsed_time: 1.221476
Score: 10478.468285
3
13403370.126289 10554.465461 10466.702082
0.000171 0.977497 1.277484
Elapsed_time: 1.277484
Score: 10466.702082
3
13700456.865449 10557.141459 10469.620278
0.000180 0.981669 1.261877
Elapsed_time: 1.261877
Score: 10469.620278
CN-FR
3
6908.074465 6680.790803 6531.460093
2.796508 3.940212 4.260082
Elapsed_time: 4.260082
Score: 6531.460093
3
6835.913925 6630.997790 6481.398748
2.835123 3.976584 4.288756
Elapsed_time: 4.288756
Score: 6481.398748
3
6645.347949 6439.799979 6273.991511
2.809274 3.878311 4.172802
Elapsed_time: 4.172802
Score: 6273.991511
L-BFGS
3
13900071.950738 11038501.960470 1733471.500950
0.000172 1.047463 1.389035
Elapsed_time: 1.389035
Score: 1733471.500950
3
13403370.126289 10619893.406752 1659903.600435
0.000177 1.022243 1.355283
Elapsed_time: 1.355283
Score: 1659903.600435
3
13700456.865449 10871339.044613 2557332.644549
0.000176 1.076430 1.428907
Elapsed_time: 1.428907
Score: 2557332.644549
CN-L-BFGS
3
6908.074465 6672.736505 6633.925945
2.893948 3.624894 4.075801
Elapsed_time: 4.075801
Score: 6633.925945
3
6835.913925 6584.642949 6568.380317
2.772609 3.504165 3.988298
Elapsed_time: 3.988298
Score: 6568.380317
3
6645.347949 6384.036174 6367.244378
2.739153 4.574624 5.057663
Elapsed_time: 5.057663
Score: 6367.244378
USpowerGrid
FR
3
75921.027034 6098.130612 5858.148830
0.000250 0.951711 1.243490
Elapsed_time: 1.243490
Score: 5858.148830
3
74460.734269 6107.871340 5868.124423
0.000164 0.879855 1.188207
Elapsed_time: 1.188207
Score: 5868.124423
3
78073.662524 6133.851785 5893.916501
0.000194 0.973805 1.241938
Elapsed_time: 1.241938
Score: 5893.916501
CN-FR
3
-243.282386 -435.800254 -518.263204
12.287266 14.266502 14.569733
Elapsed_time: 14.569733
Score: -518.263204
3
-336.354070 -545.340215 -643.746588
9.217587 11.002327 11.296644
Elapsed_time: 11.296644
Score: -643.746588
3
-434.429759 -654.671509 -753.729634
7.782251 9.506955 9.786712
Elapsed_time: 9.786712
Score: -753.729634
L-BFGS
3
75921.027034 65995.205043 16532.696188
0.000175 0.690365 1.037414
Elapsed_time: 1.037414
Score: 16532.696188
3
74460.734269 64676.624704 16436.341578
0.000170 0.722241 1.057354
Elapsed_time: 1.057354
Score: 16436.341578
3
78073.662524 67796.404697 17333.164958
0.000201 0.769848 1.123776
Elapsed_time: 1.123776
Score: 17333.164958
CN-L-BFGS
3
-243.282386 -414.020930 -477.460510
8.117016 8.711412 9.007550
Elapsed_time: 9.007550
Score: -477.460510
3
-336.354070 -519.771330 -595.143879
9.208051 9.785782 10.066235
Elapsed_time: 10.066235
Score: -595.143879
3
-434.429759 -623.958293 -699.972790
7.649444 8.197464 8.463947
Elapsed_time: 8.463947
Score: -699.972790
bcspwr10
FR
3
99646.000229 6791.505401 6565.534115
0.000330 1.107836 1.452503
Elapsed_time: 1.452503
Score: 6565.534115
3
97072.157982 6772.370879 6538.841723
0.000208 1.034677 1.431561
Elapsed_time: 1.431561
Score: 6538.841723
3
97850.613688 6779.749196 6548.866259
0.000212 1.093434 1.441348
Elapsed_time: 1.441348
Score: 6548.866259
CN-FR
3
-310.126363 -577.475381 -694.031760
9.711898 11.958337 12.266834
Elapsed_time: 12.266834
Score: -694.031760
3
-229.466962 -477.847932 -592.252022
8.268402 10.532151 10.851465
Elapsed_time: 10.851465
Score: -592.252022
3
-229.266281 -478.873793 -591.400651
8.288920 10.530195 10.836072
Elapsed_time: 10.836072
Score: -591.400651
L-BFGS
3
99646.000229 77477.552227 18667.778564
0.000180 1.152479 1.544540
Elapsed_time: 1.544540
Score: 18667.778564
3
97072.157982 85495.681006 19255.700609
0.000183 1.806555 2.204282
Elapsed_time: 2.204282
Score: 19255.700609
3
97850.613688 75803.811626 18606.734384
0.000179 1.135102 1.503954
Elapsed_time: 1.503954
Score: 18606.734384
CN-L-BFGS
3
-310.126363 -541.450061 -666.209093
8.095153 8.807022 9.207640
Elapsed_time: 9.207640
Score: -666.209093
3
-229.466962 -450.815372 -570.957552
8.212986 8.946451 9.297136
Elapsed_time: 9.297136
Score: -570.957552
3
-229.266281 -448.289245 -568.099551
8.068198 8.783743 9.148222
Elapsed_time: 9.148222
Score: -568.099551
wiki-Vote
FR
3
836940.996361 12500.378005 11936.490170
0.001415 2.462043 3.236550
Elapsed_time: 3.236550
Score: 11936.490170
3
817950.421672 12499.714005 11939.402639
0.000279 2.440834 3.197275
Elapsed_time: 3.197275
Score: 11939.402639
3
845109.305849 12537.053320 11975.916228
0.000293 2.350444 3.115932
Elapsed_time: 3.115932
Score: 11975.916228
CN-FR
3
11118.447006 10245.386444 9495.532601
8.716616 12.028761 12.795258
Elapsed_time: 12.795258
Score: 9495.532601
3
11062.334657 10188.373688 9484.711964
8.665165 10.878845 11.634208
Elapsed_time: 11.634208
Score: 9484.711964
3
11131.742573 10207.280741 9517.982455
7.239555 9.476906 10.327432
Elapsed_time: 10.327432
Score: 9517.982455
L-BFGS
3
836940.996361 743450.116126 678233.848260
0.000415 2.008705 2.930441
Elapsed_time: 2.930441
Score: 678233.848260
3
817950.421672 712874.752068 660118.976010
0.000280 1.953479 3.994740
Elapsed_time: 3.994740
Score: 660118.976010
3
845109.305849 734692.068229 680725.700992
0.000295 1.931239 2.892886
Elapsed_time: 2.892886
Score: 680725.700992
CN-L-BFGS
3
11118.447006 10820.888616 10772.098585
9.318754 11.928344 13.682819
Elapsed_time: 13.682819
Score: 10772.098585
3
11062.334657 10737.697079 10657.803789
9.268003 11.871309 14.649974
Elapsed_time: 14.649974
Score: 10657.803789
3
11131.742573 10826.954313 10792.431830
9.153281 11.665290 13.315850
Elapsed_time: 13.315850
Score: 10792.431830
