1 4
dwt_1005
FR
201
18564.936744 1312.645415 1263.753349 1215.722379 1168.032222 1121.618580 1076.164992 1033.201334 992.454727 953.723777 917.300448 883.189846 851.232870 820.907976 792.044829 765.151867 740.355592 716.446447 693.873739 672.650792 652.516205 633.426766 615.325761 597.890889 581.151730 565.353134 550.064758 535.809500 521.977145 509.158757 497.062785 485.809011 475.084502 464.850470 455.079285 445.725970 436.652969 428.230125 420.256516 412.830030 405.463357 398.805889 392.412948 386.439715 380.638656 375.079718 369.938915 364.841115 360.189415 355.540045 351.208071 346.926134 342.753249 338.678072 334.817286 330.852844 327.340766 323.799213 320.598320 317.214144 314.254378 311.093491 308.432115 305.466993 302.866399 300.212668 297.725489 295.222828 292.864391 290.467911 288.266421 285.929586 283.734994 281.344904 279.136548 276.881018 274.659914 272.380643 270.313528 268.267697 266.345392 264.409117 262.466858 260.490065 258.572217 256.704590 254.887307 253.132809 251.463791 249.820329 248.183193 246.564479 244.991269 243.387489 241.910094 240.401371 238.868987 237.404497 235.923850 234.480079 233.073661 231.731244 230.408583 229.015420 227.674162 226.406529 225.131834 223.875259 222.673477 221.412625 220.226718 219.020882 217.862943 216.705793 215.604549 214.561206 213.518466 212.532618 211.559852 210.592196 209.585811 208.620305 207.627804 206.709620 205.766737 204.811688 203.861192 202.959057 202.026302 201.178601 200.254743 199.405627 198.511410 197.687776 196.830911 196.069081 195.278584 194.567196 193.809574 193.109569 192.374764 191.715799 191.043012 190.426652 189.781673 189.175761 188.536838 187.941613 187.315004 186.729944 186.132477 185.533076 184.939729 184.356893 183.763328 183.190182 182.635399 182.091107 181.561544 181.041385 180.530217 180.038224 179.546144 179.066501 178.604047 178.151557 177.710505 177.271300 176.848122 176.433867 176.033032 175.639096 175.256562 174.890453 174.539391 174.200799 173.868909 173.555632 173.251193 172.958165 172.674880 172.403904 172.146291 171.899459 171.666775 171.445277 171.237484 171.041477 170.858415 170.687853 170.530177 170.385589 170.253497 170.134996 170.029507 169.937521 169.858814 169.793445 169.741285 169.702281 169.676344
0.000073 0.036158 0.047512 0.058811 0.072498 0.084265 0.095566 0.106895 0.119161 0.131561 0.144188 0.155539 0.167107 0.178452 0.189874 0.201416 0.213877 0.225691 0.237046 0.248349 0.260287 0.272406 0.284003 0.295799 0.308654 0.320200 0.333183 0.344830 0.356091 0.367316 0.378573 0.389830 0.401254 0.412522 0.424137 0.435964 0.447255 0.458545 0.470295 0.481912 0.493187 0.504457 0.516612 0.528619 0.540164 0.552204 0.563665 0.575412 0.588504 0.600420 0.611815 0.623167 0.635078 0.650352 0.662055 0.675257 0.687222 0.698569 0.709884 0.721574 0.733294 0.745896 0.758546 0.770349 0.781959 0.794950 0.808319 0.820229 0.833228 0.848726 0.862788 0.876576 0.888555 0.899971 0.911456 0.922783 0.934668 0.947050 0.958473 0.969954 0.982149 0.993539 1.005788 1.017061 1.028360 1.039720 1.051155 1.062491 1.073710 1.085387 1.099558 1.111996 1.124443 1.136619 1.148285 1.159761 1.171278 1.182570 1.193972 1.205453 1.217084 1.229599 1.241046 1.255587 1.267284 1.278643 1.289939 1.301526 1.312893 1.324600 1.337256 1.351844 1.365388 1.376777 1.388249 1.399799 1.411226 1.422873 1.434109 1.445884 1.457471 1.469194 1.481946 1.494082 1.507440 1.519278 1.530581 1.542289 1.554181 1.566136 1.578692 1.590428 1.601629 1.612950 1.623967 1.634938 1.646553 1.657339 1.668058 1.680318 1.694947 1.707477 1.718886 1.730242 1.742159 1.754556 1.765243 1.776218 1.787268 1.797984 1.808696 1.820172 1.831441 1.842923 1.853774 1.864468 1.876020 1.886981 1.897759 1.909190 1.922414 1.934451 1.945394 1.957167 1.968725 1.979937 1.991439 2.002549 2.013454 2.024138 2.034789 2.045671 2.057486 2.069720 2.084671 2.097054 2.109377 2.120293 2.130996 2.142615 2.153816 2.164760 2.175973 2.187496 2.198697 2.209620 2.220692 2.232356 2.243929 2.254655 2.265727 2.277554 2.289441 2.300190 2.310937 2.321827 2.332714 2.344198 2.355909 2.366718 2.377912
Elapsed_time: 2.377912
Score: 169.676344
CN-FR
200
439.085751 391.878805 373.518053 368.554744 359.102645 356.095915 348.629299 346.299690 340.514190 338.715651 333.801002 332.653003 328.452735 327.238572 323.270962 322.532554 319.313382 318.503354 315.151383 314.501569 310.739968 310.508080 306.516095 306.773114 302.562901 302.731529 298.946192 299.260875 295.615756 295.898457 292.327847 292.455370 289.285172 289.475481 286.725400 286.883860 284.087799 284.571723 281.780352 282.332889 279.744057 280.173965 277.814808 278.290231 276.000106 276.473740 274.209379 274.691142 272.356448 272.997739 270.570790 271.316728 268.770714 269.642878 266.963170 267.695274 265.107758 265.998366 263.481503 264.175877 261.816365 262.168981 259.907032 260.324136 258.097980 258.477787 256.498311 256.853193 254.975541 255.331445 253.258190 253.677972 251.769035 251.920678 249.974142 250.122140 248.008416 248.342155 246.307330 246.563033 244.684412 244.883810 242.917737 242.897860 240.945153 240.916952 239.064635 238.768905 236.876324 236.348531 234.569180 234.115239 232.285216 231.788095 230.275253 229.926667 228.389166 227.689140 225.890187 225.037404 223.196619 222.240962 220.340367 219.392590 217.677095 216.785076 214.864315 213.976833 212.176658 211.436692 209.986070 209.299959 207.708737 206.874302 205.259992 204.197393 202.549999 201.469891 199.532590 198.274669 196.306651 195.045108 193.137032 192.017237 190.288405 189.021229 187.542898 186.259695 184.737632 183.727638 182.253965 181.215345 179.784211 178.580346 177.349553 175.935746 174.771318 173.407722 171.985013 170.495098 168.995966 167.516227 165.820364 164.428040 162.710487 161.594606 159.898901 158.787538 157.175372 156.247294 154.805438 153.995646 152.647687 151.783141 150.453688 149.482399 148.186220 147.240135 145.925533 144.771777 143.289886 142.108002 140.664860 139.517941 138.077117 136.876261 135.549953 134.359932 133.061405 131.867915 130.677156 129.490082 128.375171 127.264891 126.142082 125.033369 123.895640 122.760666 121.637389 120.571510 119.581114 118.649714 117.743052 116.875300 116.046336 115.264553 114.533298 113.851854 113.228454 112.646326 112.121972 111.637075 111.209476 110.826683 110.492493 110.203971 109.962149 109.764690 109.609783 109.495038
0.091487 0.143940 0.154755 0.165547 0.176563 0.187459 0.198405 0.209404 0.220881 0.231944 0.243395 0.255110 0.265922 0.276640 0.287743 0.298756 0.309753 0.321383 0.332477 0.343868 0.354874 0.366562 0.377987 0.389469 0.401097 0.412353 0.423575 0.434548 0.445287 0.456066 0.467210 0.478263 0.489633 0.500720 0.511499 0.522187 0.533443 0.545842 0.556879 0.567879 0.578670 0.589408 0.600102 0.610817 0.621486 0.632165 0.644225 0.655696 0.667385 0.678650 0.689369 0.700054 0.710766 0.721454 0.732569 0.744056 0.754815 0.765494 0.776188 0.786896 0.797579 0.809546 0.821645 0.833034 0.844765 0.856239 0.868307 0.879572 0.892431 0.903158 0.914006 0.924764 0.935499 0.946370 0.957878 0.968811 0.983559 0.996620 1.008823 1.020779 1.032732 1.044778 1.056972 1.068269 1.079045 1.090415 1.101087 1.112020 1.123437 1.134593 1.145410 1.156038 1.166826 1.178197 1.189402 1.200813 1.213164 1.225107 1.236024 1.246711 1.257420 1.268490 1.279234 1.289934 1.300666 1.311750 1.324511 1.335571 1.346327 1.357099 1.368768 1.379942 1.390758 1.401612 1.412505 1.423306 1.434169 1.445074 1.455923 1.466656 1.477743 1.489024 1.501979 1.514087 1.526015 1.538278 1.549653 1.560433 1.571188 1.583189 1.595966 1.606747 1.619102 1.630200 1.640882 1.652220 1.663042 1.673864 1.684579 1.695594 1.706700 1.718069 1.729441 1.740786 1.752185 1.763494 1.774627 1.785544 1.796869 1.807557 1.818352 1.829067 1.840092 1.851333 1.862089 1.873100 1.886479 1.897778 1.909308 1.920897 1.932377 1.943519 1.954247 1.965220 1.975881 1.986596 1.997273 2.007974 2.020284 2.031994 2.043187 2.053896 2.065044 2.075746 2.086786 2.097948 2.108710 2.119435 2.130313 2.141086 2.151719 2.163606 2.176874 2.188552 2.201007 2.212784 2.223753 2.234500 2.245205 2.255979 2.266765 2.277643 2.288492 2.299255 2.310620 2.321905 2.334036 2.346382 2.358464 2.370513
Elapsed_time: 2.370513
Score: 109.495038
L-BFGS
201
18564.936744 14093.718750 3320.041260 1699.679810 1206.124878 1083.193970 982.588562 899.870667 811.977295 752.845398 687.571716 637.007019 603.081421 571.579346 527.529236 489.051758 452.481049 428.377533 395.430054 377.745483 353.180908 339.265625 320.831543 304.579865 288.988739 278.167816 267.239624 257.577026 248.433334 241.674637 236.237701 230.977646 225.670319 221.157288 217.500061 214.010345 210.253052 206.951843 203.342392 199.473007 196.600891 193.660019 190.480194 187.102112 183.477112 180.065613 175.759338 170.810806 167.353256 163.728165 160.207779 157.439453 154.286530 151.392166 148.829300 146.492935 144.188889 142.111649 139.956589 138.082382 136.214996 134.259399 132.308899 130.311234 128.339096 126.227692 123.850761 120.720009 117.922050 115.320107 112.865112 110.449142 108.207207 106.207283 104.383514 102.497818 100.372231 99.080597 97.110886 94.325928 92.213013 89.655983 86.514351 83.466690 80.803116 77.806938 74.543015 70.983841 66.880722 63.157051 58.929127 54.210922 50.778126 47.257343 43.604923 40.389900 36.923878 33.708576 30.968254 28.294884 25.769094 23.444662 21.273996 19.010126 17.089233 15.227278 13.371678 12.226486 11.110927 10.057672 9.333916 8.622604 8.032418 7.564766 7.151412 6.768596 6.479823 6.233378 6.039890 5.840539 5.632464 5.520434 5.357002 5.214881 5.148297 5.005340 4.895963 4.807914 4.694359 4.588589 4.494511 4.417809 4.351727 4.274107 4.224939 4.168797 4.115002 4.064459 4.009613 3.979561 3.934840 3.891237 3.854620 3.821600 3.781206 3.753938 3.741215 3.726777 3.713852 3.700040 3.689010 3.680494 3.673093 3.669345 3.666527 3.662050 3.656428 3.650796 3.643748 3.635771 3.631638 3.628486 3.626150 3.622400 3.621579 3.615927 3.611406 3.606014 3.602817 3.600191 3.597801 3.595361 3.593052 3.591078 3.589848 3.588400 3.587634 3.586502 3.585885 3.585279 3.584840 3.584082 3.583843 3.583529 3.582972 3.582527 3.582046 3.581765 3.581478 3.581260 3.581064 3.580943 3.580852 3.580754 3.580625 3.580520 3.580414 3.580280 3.580175 3.580059 3.579961
0.000034 0.029389 0.044013 0.059951 0.074673 0.089910 0.105080 0.119373 0.132989 0.146069 0.158517 0.171588 0.185251 0.199441 0.213629 0.226454 0.241053 0.255879 0.268344 0.281012 0.296714 0.309923 0.322996 0.335026 0.346890 0.359046 0.371460 0.383858 0.395844 0.409129 0.426046 0.439218 0.451856 0.463624 0.475171 0.486787 0.499272 0.511501 0.525013 0.537383 0.549326 0.560867 0.573604 0.586322 0.598219 0.612056 0.625851 0.637831 0.649263 0.662543 0.675618 0.690353 0.705450 0.718318 0.731540 0.744244 0.755799 0.769571 0.784967 0.800285 0.815462 0.829153 0.842380 0.854381 0.867203 0.879437 0.893441 0.907954 0.920113 0.933190 0.947626 0.961584 0.974211 0.985950 0.998671 1.011496 1.023262 1.035641 1.047443 1.059737 1.071462 1.086161 1.100009 1.114170 1.128014 1.141454 1.153258 1.166041 1.180313 1.193912 1.205984 1.218296 1.231210 1.243463 1.256076 1.268188 1.281604 1.295502 1.308533 1.321731 1.333450 1.344879 1.356356 1.367922 1.380730 1.392801 1.404231 1.415806 1.428859 1.440782 1.452119 1.464869 1.479173 1.492173 1.503536 1.516145 1.529155 1.541866 1.553600 1.566032 1.578072 1.590047 1.602913 1.616851 1.632907 1.647235 1.661218 1.678201 1.690325 1.704812 1.723791 1.737436 1.752000 1.765389 1.779259 1.792745 1.804323 1.818321 1.833896 1.845872 1.857371 1.869960 1.882585 1.894345 1.907188 1.918678 1.933361 1.944930 1.956389 1.967846 1.979342 1.992503 2.004831 2.030616 2.043699 2.055965 2.068265 2.080705 2.092936 2.104443 2.116504 2.129948 2.141965 2.153500 2.165969 2.177705 2.189822 2.201449 2.213751 2.226956 2.238689 2.250940 2.263513 2.276112 2.289364 2.301388 2.313185 2.325256 2.337607 2.349583 2.362393 2.374975 2.387257 2.399387 2.412672 2.426074 2.438378 2.450611 2.464045 2.479318 2.491354 2.502905 2.515147 2.528296 2.539968 2.552671 2.565781 2.578942 2.593033 2.605442 2.617855
Elapsed_time: 2.617855
Score: 3.579961
CN-L-BFGS
194
439.085751 370.497925 352.687927 341.510193 329.721191 317.550842 303.272705 281.167084 269.377625 254.236938 240.469864 227.647614 213.511642 201.836472 192.217880 186.131073 180.547455 174.450470 168.801193 165.199692 161.736710 157.124939 153.918900 149.538269 143.378082 138.338913 132.797989 127.051743 122.750015 119.479927 115.854225 112.653625 109.988640 107.620918 104.987572 102.726036 100.523949 97.879662 95.496719 92.447762 88.848686 85.625771 82.548782 79.888138 77.048332 74.458923 72.126648 69.410034 67.050865 64.232536 60.989643 58.714748 56.528587 53.877193 51.816563 50.055641 48.618919 47.328259 46.172546 45.214546 44.010784 42.791782 41.435825 39.429409 37.414009 35.143177 31.887247 29.640923 27.212431 24.668997 22.630455 20.800398 19.155462 17.789080 16.728556 15.550742 14.323647 13.192409 12.053802 11.578928 10.874754 9.647985 9.015723 8.415294 7.781537 7.288568 6.721403 6.223144 5.836041 5.536164 5.272144 5.032267 4.872849 4.709167 4.530154 4.501245 4.480542 4.377707 4.269191 4.175281 4.132936 4.058735 4.012774 3.973678 3.935569 3.917260 3.892092 3.866894 3.844251 3.815600 3.787823 3.762218 3.741150 3.717489 3.698797 3.680527 3.666928 3.655807 3.644949 3.636172 3.628201 3.622208 3.617065 3.611928 3.608310 3.605009 3.601992 3.599175 3.596760 3.594833 3.592956 3.591560 3.590207 3.588947 3.588125 3.587543 3.586768 3.586257 3.585823 3.585228 3.584996 3.584794 3.584480 3.584367 3.584242 3.584047 3.583959 3.583858 3.583703 3.583654 3.583594 3.583507 3.583416 3.583342 3.583273 3.583217 3.583152 3.583106 3.583063 3.583024 3.582984 3.582950 3.582926 3.582896 3.582879 3.582858 3.582837 3.582824 3.582811 3.582783 3.582774 3.582758 3.582749 3.582734 3.582728 3.582721 3.582711 3.582707 3.582701 3.582697 3.582692 3.582688 3.582684 3.582680 3.582678 3.582675 3.582673 3.582671 3.582670 3.582668 3.582668 3.582668 3.582665 3.582665
0.099388 0.126706 0.140955 0.154083 0.167237 0.179935 0.194125 0.207647 0.220471 0.233398 0.245952 0.259940 0.276008 0.291930 0.304575 0.317889 0.331468 0.343812 0.356630 0.370492 0.385094 0.398843 0.411762 0.425679 0.438126 0.451292 0.462798 0.474913 0.487125 0.498990 0.514562 0.527280 0.540252 0.552342 0.564541 0.576244 0.588688 0.601881 0.613371 0.625209 0.637584 0.649912 0.662218 0.674684 0.687191 0.699926 0.711963 0.723736 0.735255 0.747204 0.759541 0.771217 0.782520 0.794614 0.806258 0.817994 0.830069 0.841772 0.853715 0.865756 0.879097 0.893448 0.905719 0.917406 0.929242 0.941763 0.953823 0.965310 0.976900 0.988898 1.000777 1.013083 1.024875 1.037292 1.049327 1.060681 1.072162 1.084301 1.097893 1.121359 1.133168 1.144699 1.156961 1.168426 1.179820 1.191902 1.203100 1.214602 1.226777 1.238936 1.250051 1.261929 1.273507 1.284386 1.295598 1.318343 1.329434 1.340720 1.353077 1.364638 1.376080 1.388685 1.400894 1.411987 1.422924 1.434838 1.445873 1.457215 1.468485 1.480170 1.492162 1.503421 1.515217 1.527232 1.538458 1.550077 1.561124 1.572483 1.584214 1.595436 1.607792 1.619920 1.630982 1.642925 1.654214 1.666082 1.677406 1.688605 1.700779 1.711758 1.723272 1.735731 1.746826 1.758051 1.769452 1.781671 1.793253 1.804171 1.815872 1.828691 1.840012 1.851415 1.863672 1.875309 1.886354 1.897519 1.909643 1.921532 1.932642 1.944144 1.955187 1.966482 1.977738 1.988738 1.999940 2.010959 2.022750 2.035249 2.046324 2.058058 2.070178 2.081047 2.092503 2.104186 2.115189 2.126565 2.137889 2.149741 2.160675 2.171476 2.182371 2.193129 2.203897 2.214702 2.225490 2.236365 2.247369 2.270761 2.282262 2.293636 2.304843 2.324692 2.336018 2.357631 2.382049 2.402259 2.416797 2.430475 2.445910 2.458322 2.469256 2.480626 2.491421 2.502415
Elapsed_time: 2.502415
Score: 3.582665
