5
301
1281443.785275 1273453.910821 1097941.532266 989501.865512 989374.350006 945465.029978 944519.279300 944467.921484 944069.642037 943354.510279 942701.634875 941725.758108 941421.787669 941241.602101 940989.464316 940844.747319 940726.394294 939720.624010 939286.111190 939263.363125 939217.027462 939061.119985 938676.817238 938168.509551 935326.568445 934703.955225 934237.834069 934176.865172 931054.905113 930591.069851 929589.906015 929564.731262 929454.255219 929367.759181 929047.385678 928606.477258 927875.001009 927634.667330 927527.476264 927077.049800 926433.007739 926240.268812 925968.136475 925952.641671 925864.713340 925657.268894 925170.722542 924586.272123 923398.003958 921300.035138 920219.472633 915937.001652 894595.940197 894240.941278 894171.328138 893972.810970 893525.670941 893310.266797 893122.502382 893088.594174 893054.051703 892522.666696 892241.191340 891946.285019 890482.463446 888167.883851 886030.777082 881791.401671 873465.911347 866794.670451 863457.295115 861874.995816 861866.381826 861664.248384 861042.472478 860948.654815 860767.560391 860472.930778 860439.997442 860250.384077 859996.455366 859356.100754 858357.548579 856988.464191 856945.707228 856575.419810 856351.143685 855233.276488 855132.113329 854840.511024 854020.643915 852186.930811 851950.425536 851795.866143 851027.823618 850860.069008 850765.769891 850642.177026 850481.085759 850156.213303 850134.830531 850095.533411 849788.581867 849425.973213 848841.198281 848089.650264 846041.399270 845121.477303 842891.641515 840203.642058 837071.501786 833133.095417 832950.356754 829783.088441 828637.129268 826064.430759 822839.365311 822701.873387 822632.504837 822174.080834 821848.372674 821721.818218 821318.417241 820546.881022 820446.011291 820443.602441 819973.849283 819131.462838 819116.017033 819113.654923 819086.724057 818844.606734 818598.149224 818219.508769 817528.017363 817395.254254 817072.904658 816130.801310 815425.918911 814095.568453 813937.985231 813311.789214 813277.340616 812100.751181 812090.431977 811585.880618 811045.722532 810687.468551 810660.587875 810509.260845 809889.782537 807818.507810 807787.032865 807684.982493 807364.025121 807141.166398 806830.694419 806259.465825 805623.802857 804916.871146 804324.158518 804278.352395 804257.471630 804192.008119 804142.983760 804115.881560 803941.063512 803467.071776 801941.888706 801529.787798 801499.209080 801460.914368 801415.293984 801049.492847 800846.837672 800586.695367 800504.475124 800183.553498 799675.806537 798716.602084 796995.400275 795353.674393 795301.558687 795300.425994 795226.564194 795054.282815 794914.838748 794719.631498 794695.671488 794596.297726 794577.042989 794298.169768 794104.144332 793450.168386 792731.462889 792342.081629 791506.960834 791255.229324 789881.842971 786845.922425 786350.568202 786220.242933 785844.980189 785817.002814 785492.502581 785246.088053 785046.855103 784845.585266 784621.470364 784269.613086 783985.192023 782067.064759 782038.659243 781769.292310 781414.842264 781151.932559 780741.495666 780428.592752 780022.866821 779868.431103 779630.252341 779508.052138 778879.498089 777460.567775 774775.763325 774693.669940 773550.677289 773415.524494 773351.979984 773132.627155 772848.577473 772473.299198 771020.201340 770820.440965 770715.617578 770671.157889 770557.077222 769688.082039 769520.679328 769300.358861 769200.259293 769116.908006 768827.247132 768666.538995 768565.170413 768302.829482 768228.470005 768142.845434 767925.743536 767699.737166 766938.258579 766279.588586 765446.544142 764547.359166 763792.742491 763256.794367 763165.380563 763059.368347 763055.090210 762918.356830 762644.253925 761608.434439 760905.472094 759899.095207 758846.689880 757976.767562 757575.201944 757327.381117 756338.054891 754717.919195 752143.357781 751987.159179 751884.557338 751848.217649 751790.867758 751620.622950 751570.076400 751138.796546 751015.055730 750595.265002 750421.079787 750058.739136 749806.054552 749679.735932 749057.994429 748906.499588 748701.120202 748660.118051 748633.757943 748357.074549 748057.469256 747408.397336 747115.556737 746761.384723 746480.741619 745415.162832 744250.823321 743677.009904 743164.703257 742535.178088 741936.146387
6.121638 7.264648 7.727131 8.180962 9.966227 10.192231 10.863926 11.756415 12.209436 13.326500 13.555931 13.785460 14.450323 15.141934 15.591541 15.813153 16.038874 16.262711 16.489780 17.191633 17.868276 18.095668 18.343169 18.578875 19.038166 19.255639 19.482582 19.716797 19.952750 20.200910 20.458107 20.916976 22.068607 22.536419 22.779861 23.002339 23.240389 23.464090 23.695884 23.929719 24.168175 24.401979 25.313723 26.474651 26.710406 26.946359 27.190040 27.414247 27.642366 27.864210 28.091485 28.318944 28.550814 29.289619 30.658034 31.358583 31.601043 32.052866 32.297435 32.517668 32.965492 33.200969 33.432086 34.135623 34.373103 34.601421 34.830806 35.063201 35.297947 35.540271 35.981470 37.894322 39.252986 39.482545 39.947661 40.413216 40.635078 41.347681 42.044113 42.307671 42.537060 42.790385 43.037335 43.269573 43.498413 43.736061 43.967991 44.223953 44.677262 44.916533 45.361762 46.273206 46.971458 47.198391 47.669401 47.910128 48.590704 48.830437 49.063826 49.313792 49.562928 50.030109 50.267329 50.495532 50.718395 50.959291 51.179972 51.399395 51.628528 51.861086 52.084737 53.712721 53.934688 54.400309 54.629121 54.858595 55.090778 55.562848 56.479117 56.715343 58.152052 58.372112 58.845691 59.087426 59.533927 59.759838 60.224884 61.587947 62.294847 62.975373 63.879065 64.108803 64.334048 64.567980 64.801678 65.242142 65.472979 65.694365 65.937161 66.158512 66.399025 66.640041 67.785598 68.268414 68.713255 68.944633 69.169674 69.402376 69.869785 70.094392 70.315601 71.668367 72.594656 72.817373 73.057146 73.728913 73.961746 74.669897 75.135631 75.390651 75.617869 76.059424 77.266432 77.951948 78.195007 79.123368 79.360864 79.580376 80.034839 80.727895 82.094555 83.006031 83.671819 83.914975 84.360148 85.021597 85.246627 85.489638 85.720135 85.949515 86.171437 87.100348 87.814512 88.964057 89.424955 90.321131 91.216920 91.464425 92.390267 92.838813 93.284429 93.506819 93.733269 93.955006 94.181619 94.422313 94.648763 94.877600 95.115818 95.344116 95.572510 96.265316 96.965917 97.412489 97.629638 97.866883 98.101152 98.784669 99.015491 99.253094 99.738974 99.979969 100.900918 101.120226 101.334703 101.552191 101.770159 102.013856 102.481665 103.402125 103.627431 103.861015 104.086919 104.305371 105.237019 105.925480 106.148119 106.838649 107.058680 107.289084 107.516964 107.748411 107.980215 108.680538 110.024786 110.489636 110.718493 110.965546 111.675063 111.916027 112.383670 112.601701 112.839631 113.528102 114.463254 114.683161 115.384345 115.610623 115.855206 116.078000 116.315404 116.780224 117.016017 117.249404 117.467916 117.936639 118.179605 119.084731 119.989005 120.203147 120.429993 120.651733 120.885413 121.109874 121.340236 121.793999 122.023877 122.250819 122.480141 122.713135 123.162647 123.383899 123.605545 124.722523 124.945825 125.167992 125.614432 125.835755 126.292893 126.515202 127.415593 127.637252 127.867635 128.088841 128.533250 128.760517 129.432456 130.100004 130.753137 130.983516 131.204225 131.430031 131.652436 131.885386 132.106795 132.333617 132.560840 132.783863 133.015901 133.243601 133.473668
Elapsed_time: 133.473668
Score: 741936.146387
301
1248980.923410 1241033.774245 1058707.782095 942711.119770 927420.291023 926480.224094 925632.748623 925486.305233 924343.289552 923503.416192 921847.746016 921819.177671 921153.020171 920052.691306 918472.998369 918128.507219 917681.491918 917518.332497 917333.577831 917321.342950 916945.963653 916178.607777 913114.832685 909435.254910 909429.230654 909129.272372 909053.680527 908671.433640 908431.688897 908095.241655 907737.654956 906721.326544 905062.212650 902608.780626 899998.656636 896895.139544 894768.997465 891862.294623 891171.157105 889988.823715 889669.029737 888699.536741 888382.528332 887418.053790 886809.082424 881584.368322 881544.392271 880790.034269 878896.445329 878878.328916 878497.234764 878349.052570 878117.580132 877673.593783 877306.396382 876626.056135 875777.377263 875158.439934 872043.052076 867069.568037 859243.834532 849435.530480 847070.578060 845732.733219 845490.188686 845446.129062 844697.983701 843141.524623 842084.856320 842026.003885 841835.430571 841154.920734 840478.782371 838779.783347 838636.638266 838270.679862 838251.717698 838066.554019 837836.805085 837443.176428 837124.924137 836589.290159 836277.802484 835192.089220 833053.513062 830640.335828 826364.523133 814827.529037 807174.768523 806946.775757 806835.948971 806332.822903 806263.106951 806246.225205 805993.084648 803516.909371 803207.668467 802547.506232 802451.508990 802234.814720 801996.967531 801838.225847 801640.135646 800653.576111 798314.031443 798261.338940 798252.015765 798122.362409 798007.213899 797245.856375 796785.855857 795798.565303 791854.414043 790693.293425 790632.848785 790412.686174 790325.585209 789943.882682 789827.708580 789579.570560 789234.603084 788708.434725 787942.506160 786746.803094 785218.630775 783333.139398 768685.128329 768264.887747 767807.500274 766996.396289 760420.904396 760087.334857 759107.155222 758733.019451 756595.191288 756129.898075 755832.761194 755766.508571 755574.153453 755455.536124 755450.447111 755414.103306 755319.788663 755223.956652 755003.991942 754378.729947 754114.104753 752784.003650 752172.091592 748639.122461 745009.563861 743883.194541 742068.869818 730824.437930 730468.461353 727630.899954 727026.590978 726462.578680 726194.502774 726165.368625 725934.795926 725391.343663 725362.780196 725202.067862 724965.243300 724509.069196 724083.774787 723717.231730 723252.366239 722823.280264 722552.680843 722145.587132 721995.552039 721875.712489 721605.593556 721427.523759 721320.126302 721028.028510 720801.539553 720613.736103 720596.850507 720590.465744 720509.938491 720204.817714 720188.608648 720087.209444 719936.930559 719614.043419 719095.586956 718532.025499 716865.245801 715014.062456 714828.972158 714662.381438 714524.096253 714521.522083 714405.403558 714137.761962 714104.377169 714008.642698 713846.291347 713628.245942 713282.740370 712419.556752 711951.250414 711744.567327 711190.158512 710858.678806 710564.031591 709698.886919 708699.465636 706490.877280 704493.881017 702256.467878 702093.967810 701745.780804 701477.385675 701106.936708 700862.257007 700479.556119 700242.979813 699993.869579 699562.576284 699401.325030 699116.953949 698486.581677 697911.730638 697608.244495 697452.954586 697253.049631 697224.194787 696959.253248 696737.177679 696441.504788 696283.696011 696204.691119 695822.999929 695658.040486 695122.305053 694875.493077 693673.706905 691723.919396 690930.935856 690309.007480 690048.321204 690006.577784 689880.448259 689685.911603 689490.628098 689048.585738 688353.951153 688293.864208 687866.336101 687517.400390 687110.970249 686896.102221 686773.813713 686753.811565 686625.299164 686321.685362 685874.187164 685631.644859 684113.886100 683795.524768 682117.455876 678340.816549 678061.130859 677810.399477 677449.064797 676879.721822 676485.758941 676424.629477 676411.390848 676281.283232 676267.965843 676039.641198 676036.258913 675961.650659 675826.689905 675743.410290 675624.865643 675409.340674 675229.313890 674677.659485 674319.158947 673693.057207 673062.533659 671819.963182 670393.385590 667648.041116 666050.733209 665381.534476 665302.326069 665270.478137 665237.353015 664985.692540 664806.849870 664646.272397 664336.960484 664332.096807 664315.645183
6.229713 7.414518 7.876924 8.119964 8.347814 9.250174 9.478410 11.081602 11.301970 12.480817 12.936615 14.116845 14.342153 14.576236 14.792949 15.241414 15.943979 16.652917 17.585629 18.516424 18.739896 18.959009 19.187437 19.871664 21.473004 21.721777 22.182033 22.410537 22.648365 22.871769 23.119129 23.353503 23.573573 23.798454 24.018287 24.271226 24.499844 24.976630 25.217704 25.456182 25.675772 25.904612 26.135847 26.367532 26.614714 27.076242 28.219167 29.145089 30.554847 31.710420 31.955277 32.853423 33.095932 33.348227 33.575085 33.806922 34.028291 34.485310 34.712129 34.932196 35.159995 35.388426 35.617939 35.842115 36.083064 37.480218 37.713430 38.165886 38.387502 39.312601 39.538556 39.770237 39.995498 40.452848 42.041264 42.268004 43.406203 43.627391 43.846285 44.292665 44.531427 44.765730 44.995200 45.223186 45.447185 45.671219 45.923627 46.373638 46.612982 47.082517 48.002990 48.456979 48.677946 48.905049 49.145190 49.373716 49.588880 50.047524 50.514917 50.737000 50.975125 51.200737 51.442780 51.669295 52.362266 53.711754 54.377041 54.609963 55.069616 55.308497 55.534157 55.752467 55.985616 56.208479 56.879287 57.343939 57.795162 58.037540 58.698538 58.920422 59.158423 59.384355 59.609553 59.854839 60.077835 60.301119 60.535252 60.770169 61.704550 61.943643 62.186011 62.418318 62.643528 63.336704 63.560945 63.788694 64.020809 64.689011 64.931399 65.612407 65.848452 66.748174 66.976080 67.208973 67.427025 67.650353 68.345732 68.566180 68.998726 69.223214 69.468466 70.160426 70.380990 71.300906 71.529415 71.764494 72.418673 72.649787 72.874368 74.459363 74.676289 75.109940 76.458545 76.921039 77.143174 77.359481 77.586965 77.808960 78.042184 78.721694 78.952203 79.177788 80.313460 81.424348 81.857598 82.294080 82.518967 82.968792 83.432087 83.649690 83.870621 84.089038 84.542364 84.767542 85.724802 85.953206 86.173430 86.402107 86.635591 86.851728 87.076228 87.526676 88.472137 88.696504 88.928766 89.394426 89.617707 89.840477 90.973769 91.196457 91.415963 91.651917 91.878974 92.113121 92.568542 92.799562 93.040147 93.256091 93.488444 93.718035 93.955666 94.191541 94.421294 94.651958 95.313382 95.531147 95.761103 95.974283 96.200122 96.427596 96.873822 97.095308 97.311447 97.541891 97.776596 98.000180 98.891306 100.007191 100.694199 100.922923 101.157060 101.380620 101.609915 101.829681 102.052149 102.475646 102.692481 102.909470 103.136026 103.360205 103.576061 103.789333 104.019230 104.238590 104.461637 105.792506 106.032585 106.281582 106.502397 106.720909 106.948527 107.178443 107.405238 107.621338 107.861447 108.309972 108.771932 109.437918 109.665099 109.891566 110.108607 110.334054 110.557524 111.224983 111.469193 111.691634 111.911750 112.340968 112.585816 112.806608 113.518908 114.179052 115.977431 116.197460 116.670676 116.894616 118.247163 118.470485 118.700834 118.923902 119.853209 120.097965 120.335284 120.806399 121.029815 121.260114 121.474436 121.701433 121.922808 122.142814 122.374270 122.869127 123.781666 124.007493 124.234693 124.472507 124.696567 124.914174 125.361097 126.028135 126.247362
Elapsed_time: 126.247362
Score: 664315.645183
301
1239251.830996 1231408.682486 1143191.909125 981992.989999 956318.022317 923863.351524 922299.854525 922271.736982 920156.606757 906134.670151 906088.454557 906032.724701 905789.818238 905780.586521 905652.499057 905321.511497 904296.236948 903648.585224 903342.306604 903287.028897 903101.244810 902007.368067 901186.521726 898406.860143 897688.975154 897233.081988 897030.260776 896727.884181 896522.852944 896462.527481 896368.686050 896164.311839 896126.574063 895981.979319 895727.705780 895072.765055 893466.642568 892123.485731 891930.014275 891114.294106 890504.605075 886656.714213 884010.645926 881466.636084 880133.337883 880075.706373 879646.872483 879219.845627 878719.476880 878446.096559 878439.686092 878203.770125 877935.482658 877608.005090 877202.589157 876728.411183 875725.045266 874491.676155 873592.274248 870581.067078 870261.056206 870203.283941 869997.645180 869974.443081 869907.623715 869417.854998 869220.972960 868742.118907 868139.517296 867723.228435 867547.630156 867489.875737 867421.637136 867255.128787 867151.632340 867023.055779 866779.087831 866550.176239 865460.742330 863294.380361 860754.646005 860420.790450 859675.813581 857777.481380 856707.256445 856663.097207 856576.145646 855959.332522 844496.513595 843678.603415 842796.381875 842610.763817 842570.420900 842564.559515 842342.365765 839913.038794 837815.636766 835024.176509 829855.137346 829761.320754 829365.003267 829354.176628 829071.896234 828755.271749 827955.126623 827942.107859 827217.864883 826454.137705 826268.774521 824680.540534 823823.313161 823125.825706 823079.243595 822576.233944 822364.149812 821414.378913 820607.382040 816934.683001 813612.294597 809140.168615 802999.867768 802093.701612 801642.777891 801576.780954 801337.717002 799903.363887 799768.656384 797830.872311 797349.210149 795342.847011 795109.116307 794692.762350 794666.644048 794175.656050 793337.671309 793214.635127 793184.738591 792975.276709 792841.940818 792459.128331 791939.029164 791349.506072 790962.770099 790323.561827 789751.766008 789656.735001 787475.527900 787256.261031 787130.442040 786614.384116 786530.228042 786179.225172 785917.949793 785308.072444 784703.124533 783332.412588 782301.449687 781713.992560 781027.099178 780563.043461 778788.872113 777171.006711 776823.523474 776797.172127 776276.189686 776163.370344 776131.523116 776057.681915 775808.747580 775299.776231 775265.500459 775057.440149 774727.173342 774722.418854 773807.105783 773665.695284 773267.668978 773254.894541 773142.979873 772810.884952 772638.710283 772012.496731 770999.916048 770620.366130 768396.004983 768172.337594 766113.210864 766089.458860 766070.563018 764190.625184 763860.142796 763285.741435 762996.155140 762698.598823 762558.870004 762189.799227 761620.642975 761291.761693 760997.998207 760258.497671 759454.225882 758966.888681 757727.532491 757090.981776 755829.707105 754200.140665 752836.850509 751091.916201 750562.643189 750288.734081 750182.183836 750042.342001 749621.459326 749491.896242 749367.925515 748257.722691 747724.250380 747667.104865 747584.412640 747254.149156 747157.509122 746923.918597 746815.640985 746675.085682 746646.638410 746640.129547 746589.420222 746353.807674 746058.007744 745772.435353 745426.448432 745036.748622 744567.430236 743062.155437 742718.851736 742310.037477 742181.693331 741922.318959 740332.511635 739569.402325 737692.089033 736824.122762 736770.513714 736669.485929 736568.985517 736560.194628 736381.759446 736271.845032 735625.219354 734960.761409 734531.084957 733845.764800 733253.209487 732301.495322 731745.049505 731500.439801 731403.110695 730044.468829 728553.118434 727369.821599 725658.115091 721551.741019 715241.773288 715080.082925 714836.065279 714785.261797 714462.177555 714209.218100 713545.750697 712356.603117 709743.701991 707941.158856 706407.560962 705542.380029 704834.673746 704565.716719 704294.613808 704222.801784 703940.663257 703816.414357 703678.263150 703633.732299 703604.864811 703312.348585 702479.642653 700802.441694 698817.373707 696530.982289 694242.268117 694198.091493 694092.064176 693916.219482 693664.779689 693216.652727 692392.497073 691618.139600 691466.572012 690962.135352 689622.144135 689087.253206 688456.603021
6.273241 7.449231 7.695585 8.165114 8.630444 8.854940 9.548490 10.907964 11.573537 12.254694 13.853240 14.766284 15.230901 16.375412 16.827409 17.059480 17.516039 17.740121 17.971201 19.813136 20.041424 20.498957 20.725580 20.956567 21.183142 21.639193 21.869424 22.096259 22.333530 22.564231 23.012864 23.239724 23.693447 23.920787 24.147766 24.369711 24.598394 24.832552 25.526279 26.197836 26.424298 26.652934 26.880784 27.333028 27.791668 28.502675 28.742563 28.989837 29.928669 30.154198 31.064006 31.299042 31.522655 31.746632 31.974454 32.434899 32.672607 32.917693 33.162324 33.397361 33.869754 34.797594 35.022161 35.947545 36.178015 36.399022 36.649294 36.890716 37.142325 38.293074 38.755381 39.224781 39.699562 39.931719 41.096093 41.330482 41.563698 41.811105 42.041712 42.282775 42.531052 43.223218 43.452021 43.694912 44.161514 44.841989 46.263437 46.492003 46.981697 47.674992 47.899067 48.393835 49.086859 50.023765 50.252311 50.710094 50.934795 51.169345 52.590318 53.999559 54.238067 54.941069 55.170997 55.400942 56.087660 56.797682 57.046451 57.726106 57.952300 58.179640 58.406560 58.650215 59.342052 59.568963 60.927480 61.174149 61.429189 61.646908 61.892935 62.119792 63.056506 63.282067 63.504265 64.665114 64.904841 65.151783 65.392829 65.612545 65.838677 66.303867 67.709331 67.934173 69.786766 70.028048 71.212262 71.450211 72.157902 72.381953 72.828139 73.056237 73.287424 73.517879 73.760809 73.995145 74.691316 75.394932 75.630393 77.262490 77.945039 78.408364 79.109461 79.341658 79.806344 80.023313 80.265258 80.723306 80.953096 81.413895 81.645212 81.895585 82.366128 82.585761 82.827774 83.987811 84.214320 84.652418 85.583355 85.816542 87.025029 87.473561 88.410350 88.652979 89.361692 89.592339 90.552851 91.499374 92.426405 93.573432 93.803965 94.035310 94.276434 94.520140 94.763047 94.980171 95.197169 95.889661 96.377260 96.845633 98.201355 98.665444 98.898154 100.277577 100.499392 100.747338 100.982770 101.210404 101.445671 101.674443 102.125397 102.360666 103.278882 103.500824 103.724186 103.951354 104.187524 104.410415 104.647164 104.876401 105.587539 106.055715 106.509800 106.959624 107.178795 107.415613 107.882249 108.107882 108.818753 109.770694 110.231587 110.462218 110.700909 110.926817 111.853236 112.074087 112.304696 112.979354 113.651742 113.904337 114.136485 114.361603 114.594143 114.820544 115.035555 115.276169 116.194474 116.647966 117.111655 117.610029 117.955645 118.175477 118.646568 118.881475 120.245572 120.468738 120.933085 121.391706 121.618692 122.090919 122.533664 122.750126 122.995765 123.230877 123.681844 123.911554 124.135564 124.359413 125.054210 125.288777 125.534931 125.781329 126.010426 126.237946 127.383574 128.325957 129.000975 129.688436 129.910379 130.135217 130.369616 130.592148 130.812782 131.031588 131.272076 131.964956 132.198328 132.437616 132.661366 133.108417 133.329101 133.564533 134.249646 134.479333 134.944919 135.166456 135.398987 135.631448 135.872850 136.106436 137.253014 138.631187 139.104201 139.344645 139.570495 139.804490 140.029597 140.256357 140.954631 141.184256 141.414023 141.650341 141.882584
Elapsed_time: 141.882584
Score: 688456.603021
301
1246837.293031 1238913.402461 1149315.887131 963755.683800 922351.377400 921580.963054 920859.870787 920551.581507 920540.573526 920523.242510 920209.817250 919936.639704 918514.110701 915426.320871 911211.440741 905829.503966 905548.721704 905383.666032 905325.326922 904628.592616 904392.168808 903804.437164 902220.348656 900347.654898 899346.661257 896204.682920 894006.891684 885412.634376 884360.884938 884286.773733 883808.177654 883502.951468 883492.365213 883218.171595 882994.829340 882600.988669 882201.515938 882176.579952 881980.847056 881974.518872 881844.967273 881423.909612 880721.779560 879140.755574 875661.438889 865444.787280 848002.309774 846264.959863 840929.044302 836869.750375 834949.403765 833117.229618 831250.187914 829301.391231 827681.753405 827041.012036 826934.623529 826636.962899 826185.507939 825867.792491 825228.840945 824925.389169 823949.227535 822405.462088 821494.931655 821144.236803 821082.867154 820739.740744 820446.806086 819119.384501 816838.644248 813991.037877 808258.369399 807420.364056 806577.171551 806471.663566 806360.133188 805630.320407 805488.552639 805105.955801 805058.447922 804844.398558 804509.156577 804212.680249 804135.990993 804104.813629 803907.645519 802123.639149 801191.157130 801084.029005 800814.346511 800467.457549 800280.797680 796739.334860 796205.249109 796116.412102 795791.517625 795761.671218 795600.535735 795588.859389 795214.871879 794885.478564 794069.083031 792707.361608 792182.061493 791996.713583 791807.842774 791755.482087 791585.821951 791492.093743 790592.968473 790034.351003 789483.189864 789182.700890 789168.404264 788489.897107 787539.093652 785362.870257 784250.198890 783957.566428 783792.847187 783073.283699 779992.866940 779831.276925 779804.206933 779692.053974 779202.298742 779122.629658 778954.788443 778735.170816 778640.034434 778002.795367 777585.377780 777165.266277 776363.522474 775856.237997 775217.228707 773457.771749 770678.184419 765632.709279 762452.918730 760491.921082 758094.294491 752185.738927 752177.534761 752059.256112 750942.871855 750939.076011 750770.826854 750433.615852 750390.168498 750297.900951 749936.533857 749582.146420 748699.263243 748665.010991 748599.921653 748287.793842 747554.232085 747445.363677 747145.045486 746932.352610 746836.435302 746483.652561 746210.654639 745665.966703 745502.144246 745432.531394 745205.182939 744812.166515 743321.222688 741445.411782 740095.076639 739203.596749 738729.039772 737945.200126 737689.145135 736639.858324 736162.374848 736129.259675 735895.692514 735610.205555 735531.481726 735351.174258 735094.298308 734936.716866 734219.160544 733920.104294 733839.803152 733326.752383 732727.188483 732316.312015 731958.234353 731583.370047 730833.087420 729237.314682 729236.594888 729043.598294 728850.811305 728639.023276 728579.812813 728513.038783 728512.518509 728464.081328 728426.568024 728031.188336 727599.943871 727298.811031 727117.774581 725865.330315 725405.437438 725232.161163 725181.755789 724764.041369 724450.953710 724112.863674 723938.080462 723851.563388 723651.977508 723579.048602 723478.242517 723403.099737 723216.923972 723154.551775 723131.886540 723024.531999 722813.587028 721921.074662 721514.745319 718586.406502 716020.787783 714546.452051 712794.942566 711677.060508 711661.820022 711500.334465 711264.164806 710942.291551 710831.151602 710749.836697 710428.204198 710064.351253 710022.697186 709859.902047 709739.141937 709477.438090 709051.793839 708761.555634 708514.705004 708080.434533 708070.155008 707633.625475 707233.303651 706906.395941 706532.014822 705858.392190 705026.226737 704139.481814 700124.538203 697965.075886 697825.640979 697634.418018 697560.520778 697551.904296 697079.539598 696927.328577 696914.244734 696816.926422 696770.269056 696491.414796 696359.507704 696054.012043 695859.032074 695657.612034 694982.633247 694390.336618 694187.750972 694161.868591 693002.053856 692680.785903 692622.378650 692539.133851 692412.752961 692263.678355 691965.759132 691802.343649 690868.082408 690709.512842 689985.965661 689416.198794 688477.530527 688164.180742 688147.949558 687778.325206 687175.844835 685951.419718 685401.967163 685222.001290 685063.802297 684965.901035 684632.974593
6.279806 7.457004 7.698961 7.932340 8.171925 8.634457 8.864937 9.104824 10.013285 10.689320 10.921440 11.163644 12.070016 12.290661 12.514654 12.743692 13.420146 14.601233 14.824024 15.051044 15.269807 15.495501 15.729435 15.965410 16.185496 16.415123 16.644292 16.867079 17.308672 18.425106 18.641815 19.318151 20.036136 20.279453 20.505166 20.725880 21.401939 21.867845 22.101103 22.826839 23.059754 23.284901 23.519108 23.746908 23.991099 24.203999 24.444548 24.689108 24.913241 25.148448 25.373723 25.601852 25.835264 26.054795 26.276041 26.491524 27.198697 27.418957 27.658387 27.880960 28.114605 28.353884 28.573855 28.805930 29.036512 29.994881 31.391776 31.629880 31.856013 32.078482 32.311553 32.549439 32.776160 33.454047 33.672013 34.596451 35.762038 36.427917 36.644186 36.870850 37.098465 37.567886 37.785154 38.001151 39.347717 40.508901 40.947468 41.390306 41.617770 42.073503 42.307075 42.525226 42.738972 42.956622 44.525764 45.177146 45.413208 46.095371 46.316203 47.224411 47.437771 47.654205 47.891612 48.110903 48.349500 48.831111 49.505842 50.197329 50.425658 50.644550 50.885766 51.798158 52.022858 52.489142 53.171411 53.399461 53.618730 54.087857 54.307956 54.544202 55.429850 55.865650 56.312174 57.217917 57.439628 57.668495 57.888033 58.325218 58.560414 59.243290 59.691876 59.927436 60.159948 60.376255 60.818220 61.046723 61.279091 61.495972 61.727362 61.969465 62.193064 62.412218 62.628737 63.083308 63.993027 64.450005 64.890582 65.793606 66.021559 66.243961 67.127322 67.576646 67.816616 68.039078 68.260097 69.623232 70.304297 70.751810 71.191106 71.409923 71.628044 71.843030 72.310534 72.536265 72.761263 72.982561 73.200356 74.087105 74.537042 74.769609 75.021354 75.237570 75.463436 75.688726 75.916888 76.143561 76.370535 77.266393 77.482931 78.392685 78.604785 80.432042 81.304981 81.753163 81.984701 82.201825 82.414879 82.630691 82.848890 83.077248 83.298425 83.529534 83.756229 83.982024 84.196326 85.342124 85.790894 86.436444 86.659733 87.090678 87.308707 87.522794 88.620443 89.281299 89.724980 90.159627 90.378814 90.593530 90.806472 91.245696 92.123900 92.350457 93.232217 93.446316 93.659411 94.526045 94.740855 94.964365 95.399830 95.834953 96.699011 96.934608 97.157300 97.604129 98.477859 98.694106 98.911086 99.127935 99.349332 99.566307 99.785043 100.002720 100.221179 100.436163 101.747265 101.971420 102.191442 102.401466 102.828997 103.063737 103.283487 103.501875 103.955953 104.167656 104.384821 104.609497 104.829735 105.042350 105.259411 105.475287 105.689374 105.920502 106.136870 106.366681 106.587824 106.808236 107.022720 107.245558 107.685394 107.907747 108.130993 108.347530 109.216606 110.083896 110.517997 111.166739 111.604730 111.828282 112.262413 112.473562 112.689945 112.911245 113.126944 113.341659 113.564477 113.783721 114.442006 115.082370 115.294217 115.515015 116.380016 116.597058 116.818995 117.043963 117.262458 117.480934 117.696895 118.158411 118.372186 118.592940 118.806025 119.028340 119.912455 120.357580 120.573013 120.791833 121.009661 122.116953 122.548685 122.990699 123.209191
Elapsed_time: 123.209191
Score: 684632.974593
301
1294083.882994 1286010.443525 1116639.984586 958406.750735 958329.975537 957943.437029 957483.035338 956868.749783 955801.374962 952559.628933 946525.224144 946096.535820 946033.018765 945988.906104 945943.881304 945740.838390 945344.736558 945056.740315 944708.440207 944545.225772 941041.038327 940753.318038 939943.581246 939914.042814 939691.865172 939564.504708 939465.003626 939268.169251 938658.102049 938338.156593 937520.725637 936978.285504 936738.737595 935112.285981 934827.626119 934298.598541 934191.623787 934095.939583 934085.579333 934053.230801 933912.537977 933729.275325 933029.724675 932405.796862 931882.418582 931142.373535 930934.419308 929745.089204 927737.161080 925715.348990 924537.027962 922611.276203 921793.198574 919305.353543 914152.333190 913758.987837 913732.807914 913547.691702 913495.195619 913216.106649 912866.212730 912351.794836 911966.273956 911039.302235 910405.647008 909812.953023 906206.572352 899115.915587 888216.178975 888099.894058 888091.784620 887776.690572 887595.326064 887396.005854 887277.421808 887175.998025 887126.319625 887006.712152 886534.126610 885680.298843 884433.674232 883827.955729 883495.503445 883482.744576 883430.389062 883363.868243 883148.208414 882831.627231 882413.192998 881733.569731 881610.249119 881122.531325 880451.868640 880242.396673 879209.734119 878833.818032 878474.529634 877134.608276 876999.867092 876540.903267 876166.093552 874710.000493 874322.533949 874028.452362 873853.940194 873774.588746 873608.664422 873549.034237 873530.174507 873341.826532 873063.882467 871790.660034 871438.734856 871415.373169 871166.255099 869732.296184 868248.486392 867548.195082 866380.361152 866365.811121 866049.602025 865827.159533 865407.921046 864824.858967 864317.405714 863836.068192 863510.801642 863212.829305 862908.907395 862515.176419 862054.847542 859857.129445 853134.987745 849083.021350 848772.368428 848572.034461 848355.791439 848057.924807 848053.391781 847764.630746 847600.004577 847177.177372 846574.213358 844313.053934 842856.032207 841657.133165 840597.578691 839888.905067 839532.229405 839406.093888 838823.320855 838756.766772 838656.182624 838255.170374 837637.693269 837458.990117 837109.875820 836636.457363 836633.389165 836295.061892 835842.458812 835209.003283 833579.408895 832752.835755 832120.305090 831598.378600 830488.350466 829263.457615 825209.858872 824186.329613 824182.249649 823796.158481 823585.493027 823355.514463 822743.248042 822418.939297 821425.489113 819376.227270 817630.249707 817493.091019 816999.804276 815502.193516 812915.881175 808286.623084 807903.868537 807852.993697 806204.594944 805804.697902 805706.589404 805674.259837 805555.919750 805497.970676 805476.656664 805432.478468 804945.066648 804214.702218 801969.829595 801788.395452 801784.243833 801739.850623 801496.007151 801404.605857 801256.915989 800991.155770 800728.792535 800508.813513 800261.970320 799902.792674 798974.173557 798497.543135 798433.107546 797946.728513 796931.070396 796851.845215 796694.664784 796462.746242 796408.977683 796214.857571 796188.994979 795964.557943 795604.507383 794753.378217 792250.929192 791023.890864 789611.063069 787856.686559 786400.433108 785346.572873 781245.238549 780216.655119 780177.807835 780149.336069 779900.973317 779847.616490 779637.717025 779538.905576 779411.738129 779401.164481 779193.724709 778833.600456 777970.565450 776985.168939 776622.836422 776249.568568 775797.081296 775217.752861 774587.748711 772492.821701 772292.454705 771887.317489 771412.546079 771402.919478 771213.278552 771207.910275 770781.987618 770290.920651 769866.367754 768121.921813 761897.493304 761567.844937 760673.041716 759791.534257 759764.816325 759593.163290 759197.573202 758723.769236 757717.051363 756631.246529 754453.945798 748808.036477 748795.631370 748591.333121 748384.627837 748184.929736 747632.421637 747500.239669 746775.520802 745643.680967 744588.791023 744013.406714 740810.706604 737638.770543 737470.793358 737417.756642 737257.777846 737052.850551 737029.513996 736974.964789 736734.393379 736518.581501 736272.492338 736007.845240 735791.419931 735326.560235 734722.470316 734460.023779 733702.853980 733352.159686 731736.265644 730604.728106 728629.072825
6.104523 7.259093 7.715074 8.182524 10.003404 10.682501 10.908043 11.134491 11.362285 11.601662 11.824856 13.228231 14.366599 14.601120 14.824640 15.068018 15.285287 15.513080 15.742789 15.979654 16.437562 17.118926 17.571460 18.938557 19.170705 19.394651 20.070799 20.300710 20.532463 20.759967 20.990863 21.220927 21.447977 21.675883 21.906034 22.124836 23.033620 23.259387 23.714160 24.391471 24.617811 24.847013 25.071002 25.292936 25.740658 25.966083 26.187717 26.410775 26.635520 26.860569 27.086912 27.312198 27.541838 27.764582 29.348004 30.700945 31.829468 32.053826 32.731541 32.952805 33.182847 33.419317 33.651849 33.881697 34.114758 34.336108 34.793307 35.012581 35.236566 36.593949 37.041425 37.274035 37.496466 37.720140 37.941500 38.179153 38.625536 38.848107 39.071377 39.297840 39.521550 39.758827 40.431382 41.333497 42.008978 42.231311 42.464158 42.917218 43.152222 43.377024 43.828868 44.064004 44.290562 44.516193 44.750262 45.868430 47.012531 47.470910 48.164694 48.836730 49.284024 49.504783 49.723914 50.616561 51.520286 51.745422 52.199075 52.424187 53.099545 53.328281 53.552126 53.778500 54.908078 56.247407 56.472343 56.700155 56.925704 57.390110 58.746715 60.332769 60.560628 60.790155 61.017516 61.238113 61.470723 61.698544 61.920122 62.362742 62.601142 62.826638 63.051711 63.272390 63.715808 64.391215 64.617373 64.852838 65.076340 65.989527 66.893453 67.120062 67.341836 67.569025 67.791437 68.015178 68.235981 68.452665 68.676295 68.910172 70.272695 70.709923 70.936021 72.295594 72.526613 72.756777 72.986501 73.673543 75.451939 75.671427 76.577033 76.814783 77.037468 77.283481 77.514898 77.742808 77.974003 78.193481 78.421089 78.645001 80.001082 80.672504 81.563772 82.016357 82.240695 82.466714 82.704416 83.150186 83.596268 83.830297 84.049811 85.154518 85.828047 86.051307 86.502806 86.943456 87.163704 87.612789 88.283313 88.509420 89.398093 90.721212 90.953810 91.180484 91.851276 92.070518 92.745005 92.986940 93.881220 94.313203 95.872705 96.530451 96.753072 96.987179 97.209430 97.430674 97.653299 97.872385 98.105844 98.332102 98.554703 99.004018 100.119355 100.346734 100.575053 101.020923 101.464473 101.682119 102.791655 103.012302 103.933341 104.150750 104.369516 104.591532 104.817898 105.045951 105.267488 105.490352 105.709444 105.933094 106.377215 106.604468 107.052061 108.172871 108.631553 109.087367 109.547730 109.775153 110.656090 111.108285 111.325971 111.552990 111.773264 111.994634 112.210259 112.434480 112.657456 112.885513 113.115909 113.334363 113.560630 113.787791 114.008942 114.242749 115.152103 115.841244 116.068081 116.295060 116.509388 116.735278 116.959785 117.850091 118.306099 118.524784 119.662270 119.882543 120.107504 120.333379 120.556405 120.804122 121.248370 121.696907 122.134397 122.797568 123.020829 123.245861 123.480926 123.917451 124.136658 124.357396 124.586125 124.812893 125.032827 125.257368 126.382795 127.717932 127.940714 128.168385 128.615750 129.716267 129.941129 130.168472 130.385802 130.611490 130.830228 131.056945 131.275727 131.725651 131.939980 132.158182 132.381913 132.599713 132.812303
Elapsed_time: 132.812303
Score: 728629.072825
