5
301
91036.092612 89258.557623 77191.842087 74794.104425 72787.125812 72024.177101 71937.066366 71883.708618 71844.466338 71420.815534 71354.259215 70681.175006 70485.456480 70460.601679 70261.198615 70108.323087 70105.601940 70028.783556 69916.953226 69575.522093 69561.273233 69509.218598 69463.128532 69184.268902 68743.803255 67978.144707 67951.764985 67150.245001 66756.967265 66747.111048 66594.459616 65787.950224 65679.122501 65614.354142 65446.215288 65152.947604 64903.063286 64408.307287 63734.629028 63482.719907 63448.858678 63329.194567 63167.891415 62924.244535 62654.530305 62529.216135 62403.543608 62236.843793 62028.663230 61903.280544 61570.325307 61488.392004 61242.552727 61092.160512 60988.167436 60693.989895 60656.731654 60652.356780 60526.989997 60494.768998 60282.873965 60091.824611 59813.414800 59645.438358 59576.362889 59398.113267 59060.396459 58779.949225 58392.001709 58388.848682 58028.143556 57740.493152 57578.845267 57245.050027 57090.491897 56847.471445 56580.084643 55665.111307 55222.114695 55172.543523 55116.649128 54970.645155 54846.824833 54568.443309 54455.871483 54110.798805 54049.732193 53717.937265 53715.692011 53403.137673 53313.496739 53288.803194 53199.961293 52961.361153 52868.699639 52748.515307 52521.512833 52125.509958 51904.208057 51372.154698 51271.364002 51257.878568 51080.465408 50448.607568 50190.825748 50059.002207 50025.715703 49935.663347 49826.940211 49729.258754 49453.325231 49160.927666 49138.785548 48910.112270 48663.899517 48578.269618 48449.615169 48429.355559 48263.367843 48195.104751 47981.672615 47817.988384 47721.657754 47547.302509 47347.578283 47226.334158 47222.202201 47188.931959 47171.843700 47167.602856 47068.111535 47003.062873 46809.377280 46519.232518 46480.214711 46470.899098 46408.727263 46238.389842 46127.614510 46118.287627 46100.801391 46043.265427 45865.619104 45517.939252 45349.921468 45342.864900 45277.902337 45151.019231 45027.026539 44811.890722 44707.276037 44521.066287 44505.892548 44402.996064 44388.104751 44311.596252 44143.050600 43948.855484 43597.932456 43443.827708 43403.076295 43273.028713 43226.904393 43043.574883 42837.224396 42463.624838 42425.683192 42414.812007 42307.964707 42256.619580 42251.149271 42138.609190 42042.863916 41864.606255 41556.388997 41486.642395 41188.913954 40985.565099 40838.871807 40693.942652 40564.195147 40400.494251 40388.018422 40385.700048 40108.881001 40075.946302 40075.349440 39975.934111 39795.812356 39780.346183 39707.339462 39616.432365 39563.589647 39425.452552 39328.147306 39262.183648 39233.109691 39059.538364 38942.296025 38718.823096 38616.614085 38523.321117 38444.882614 38234.871059 38191.768489 37990.932243 37833.440947 37746.301093 37632.910258 37453.090932 37222.451084 37007.822620 36954.574402 36834.675290 36681.285912 36540.767700 36381.410159 36151.360042 36103.060146 36092.247218 36055.573960 36016.179007 36004.332240 35959.614904 35913.288628 35816.702726 35808.624829 35774.346755 35723.053777 35691.008669 35633.991600 35556.253944 35485.932395 35334.347539 35294.763671 35156.270787 35130.943911 35012.718228 34933.333171 34751.066142 34704.322976 34700.376483 34525.792865 34514.128915 34446.625913 34421.934116 34360.604610 34196.405867 34140.527894 34072.225209 34012.729273 33954.668152 33836.455843 33787.007961 33738.617114 33700.800204 33605.413135 33483.926378 33382.397938 33312.362525 33223.693772 33206.651985 33201.143698 33131.802083 33080.810342 33024.769611 32898.214971 32822.065028 32749.616185 32674.193119 32572.516785 32486.364686 32384.915224 32321.802171 32256.307197 32153.422812 32030.445822 32028.065784 32017.772477 31996.198926 31968.947364 31915.968943 31839.314275 31769.026491 31713.103494 31656.443920 31589.787178 31561.186424 31533.465281 31493.320398 31354.643345 31285.750784 31243.741333 31197.637669 31172.513762 31065.261825 30999.728907 30954.259955 30897.886575 30832.045628 30727.788123
0.247914 0.285498 0.294314 0.312007 0.329085 0.338242 0.373671 0.390182 0.398435 0.406680 0.414924 0.423141 0.431363 0.466743 0.476878 0.497224 0.529110 0.540448 0.560125 0.590001 0.624483 0.634124 0.642790 0.651720 0.660145 0.669550 0.711653 0.728468 0.736886 0.781966 0.790178 0.801307 0.812880 0.823904 0.835410 0.845451 0.856898 0.867726 0.887395 0.897880 0.914665 0.936618 0.948374 0.959177 0.970256 0.978587 0.986651 0.994730 1.002838 1.019036 1.027062 1.043154 1.051179 1.075328 1.083385 1.091396 1.099475 1.115607 1.131774 1.139836 1.147856 1.155904 1.167223 1.178405 1.198397 1.216709 1.225375 1.233487 1.267920 1.284403 1.293772 1.303267 1.312255 1.321116 1.329283 1.338577 1.348348 1.356990 1.366135 1.415480 1.431610 1.439609 1.449604 1.457743 1.475781 1.486278 1.525456 1.533298 1.556976 1.564872 1.580633 1.588593 1.599003 1.609762 1.635951 1.646146 1.656416 1.664457 1.672716 1.688561 1.713221 1.736846 1.744637 1.760198 1.767898 1.775662 1.806575 1.814336 1.822259 1.829981 1.837714 1.845471 1.876588 1.884398 1.893366 1.903291 1.911339 1.953957 1.969586 1.977520 1.985658 2.001326 2.009184 2.018517 2.026612 2.043210 2.096133 2.103811 2.134447 2.142077 2.149764 2.157431 2.165095 2.172784 2.203704 2.219247 2.228969 2.236735 2.275353 2.306917 2.351093 2.361594 2.371218 2.380002 2.387698 2.410415 2.418098 2.425981 2.433881 2.441536 2.449170 2.456774 2.488165 2.495756 2.513280 2.521538 2.531845 2.558568 2.568801 2.589176 2.604433 2.611947 2.627226 2.636899 2.646831 2.657130 2.667230 2.713104 2.722524 2.732637 2.763754 2.772263 2.780006 2.788536 2.796052 2.803537 2.811203 2.819361 2.826944 2.835231 2.842743 2.858039 2.865491 2.880373 2.887790 2.895186 2.902636 2.917430 2.924787 2.956889 2.965846 2.980530 2.987955 2.995374 3.002763 3.024858 3.032241 3.039581 3.047112 3.062760 3.071913 3.079322 3.086634 3.108513 3.130501 3.137864 3.145157 3.152471 3.159744 3.167250 3.182703 3.192841 3.213168 3.223870 3.235496 3.245848 3.253166 3.260451 3.267643 3.304108 3.311328 3.320583 3.330550 3.340574 3.357419 3.366485 3.398335 3.405482 3.412696 3.427021 3.434213 3.441649 3.448861 3.457169 3.467412 3.477532 3.487341 3.496950 3.506605 3.513956 3.521273 3.530564 3.540191 3.548154 3.555243 3.569405 3.576502 3.583602 3.590706 3.597794 3.604871 3.611903 3.618905 3.625985 3.633078 3.640094 3.647135 3.654171 3.661303 3.668338 3.677061 3.684387 3.706369 3.713762 3.721164 3.735691 3.742806 3.750013 3.757084 3.764235 3.772206 3.781301 3.791090 3.801230 3.811103 3.820745 3.830569 3.863474 3.870810 3.878450 3.885453 3.892541 3.900372 3.914579 3.921653 3.928691 3.935706 3.942698 3.949744 3.956754 3.963711 3.970668 3.977671 3.984685 3.991664 3.999401 4.006336 4.013374 4.022012 4.029156 4.036126
Elapsed_time: 4.036126
Score: 30727.788123
301
87050.064506 85177.980169 70489.083536 68255.664664 67827.820504 67510.632886 67363.025117 67350.396610 67200.781073 67010.416401 66702.207648 66298.780567 65979.396119 64735.551030 63896.098678 63678.630160 63517.677104 63102.093406 62882.409784 62765.339681 62743.304312 62685.712091 62572.996457 62198.343732 61685.096195 61661.855848 61418.342127 61202.163563 61177.840992 61118.479076 61040.006705 60870.069687 60644.344790 60476.215105 60470.549500 60346.455556 60261.451312 60162.154884 59867.706153 59361.838213 59189.101988 59118.273837 58934.797264 58805.465100 58801.071047 58364.190898 58363.869334 58278.171974 58109.795819 57956.032782 57569.824529 57127.402020 57030.477907 57013.337401 56832.446542 56789.199854 56778.627873 56614.061278 56359.444855 56319.461173 55987.348641 55690.778133 54869.913758 54708.883893 54702.880678 54471.387989 54413.181106 54329.681046 54240.987316 54128.853698 54068.842526 53875.410709 53720.988110 53378.639199 53070.050202 52819.918333 52682.626737 52572.983260 52317.653495 52087.488386 51999.394259 51888.571723 51847.673919 51755.734717 51595.131115 51497.039685 51261.434179 50749.294480 50679.963205 50553.942602 50469.568899 50461.658811 50326.359099 50296.861382 50237.599929 50209.832833 50147.834427 50079.915771 49847.585694 49650.585433 48751.221899 48704.426911 48366.788227 48308.521064 48296.126549 48210.388922 48164.571106 48115.608939 48003.965752 47905.582276 47694.174145 46988.226980 46915.845515 46898.119380 46710.474214 46590.969072 46576.560595 46414.931158 46289.313668 46026.557792 46015.300374 45643.361271 45419.407160 45212.438367 45058.130724 44975.755480 44931.634695 44835.041565 44740.717655 44516.633686 44403.765463 44335.186315 44331.936852 44135.527688 44080.669196 43856.024746 43653.831244 43298.775068 43077.344114 42904.365278 42644.876886 42463.117107 42364.819641 42182.161930 42020.642615 41911.864399 41820.930809 41718.625624 41650.990854 41544.822465 41541.495640 41510.466657 41427.043978 41301.008163 41213.275503 41131.498401 40875.773153 40646.504973 40626.631190 40527.044831 40274.484123 40131.394426 39886.144458 39819.981103 39658.163539 39528.353126 39319.570069 39075.381994 38873.090875 38850.109088 38736.280735 38645.428089 38341.809346 37946.535226 37927.478548 37792.662027 37779.090697 37772.861585 37744.477923 37680.190615 37664.697418 37575.060877 37440.998316 37253.018444 37205.250206 37047.001779 36910.057027 36905.377582 36845.625043 36781.267418 36717.290291 36498.393761 36343.747763 36240.962781 36164.194218 36036.767246 35906.303626 35716.849238 35583.005624 35498.067703 35417.738783 35185.956015 34992.624129 34974.403255 34971.303172 34946.344653 34930.019481 34893.595938 34807.638814 34710.183499 34676.318201 34601.222551 34564.862833 34471.263490 34349.089641 34271.917734 34227.362278 34211.647183 34155.335278 34146.765522 34130.927849 34008.841565 33973.132680 33888.287559 33803.919785 33686.198729 33671.396968 33636.119790 33597.374862 33498.078372 33469.886343 33430.118174 33376.978719 33296.665945 33215.515357 33145.114645 33056.698212 32963.240405 32890.488577 32880.948756 32834.081563 32774.964050 32672.281655 32641.080284 32587.908559 32534.266417 32441.669530 32435.351438 32407.712376 32372.330846 32284.300763 32262.526793 32210.953088 32159.535700 32152.134908 32134.961516 32124.379874 32085.426417 31993.807939 31987.011895 31950.632593 31919.247424 31837.764308 31797.924779 31780.126982 31751.531676 31711.614995 31625.366945 31580.811899 31539.165575 31485.228034 31428.746048 31363.101347 31298.800191 31223.627830 31153.969525 31082.541660 31044.735001 30982.022098 30908.083704 30844.721081 30798.062343 30763.493418 30707.524122 30663.382703 30620.902706 30572.424757 30506.622661 30472.632976 30466.631847 30382.868691 30361.120390 30324.541088 30260.718153 30214.940861 30156.927178 30100.997533 30055.102618 29999.050168 29927.728894 29847.729849
0.242835 0.278392 0.286658 0.305497 0.315617 0.323852 0.352753 0.380630 0.388667 0.396685 0.404753 0.412736 0.420962 0.429123 0.464189 0.480489 0.489254 0.498412 0.510330 0.520704 0.560707 0.568821 0.576938 0.587043 0.604325 0.622130 0.630935 0.638980 0.654874 0.670917 0.678850 0.686830 0.694805 0.702826 0.718749 0.726687 0.734771 0.742724 0.750655 0.758581 0.766597 0.782415 0.790390 0.798265 0.806201 0.814291 0.830105 0.838045 0.845965 0.853915 0.869781 0.877959 0.893849 0.935247 0.943165 0.951087 0.974699 0.982561 0.990608 0.998598 1.006457 1.014350 1.022211 1.038726 1.062864 1.070642 1.094730 1.102732 1.113054 1.124365 1.134078 1.142343 1.151428 1.162120 1.170351 1.185917 1.201390 1.225486 1.235703 1.245716 1.253530 1.261277 1.269066 1.276929 1.284704 1.293794 1.301975 1.309791 1.346766 1.356918 1.367321 1.397413 1.407691 1.432337 1.440086 1.448586 1.458661 1.477198 1.488983 1.500083 1.510278 1.531034 1.546762 1.554366 1.569638 1.577232 1.584843 1.592449 1.600371 1.607960 1.615567 1.623149 1.638238 1.668411 1.675932 1.683498 1.691148 1.698868 1.706568 1.716640 1.734574 1.742126 1.749689 1.757236 1.766309 1.794779 1.810274 1.818022 1.825715 1.834158 1.841976 1.857014 1.888050 1.895552 1.903388 1.911128 1.920373 1.932180 1.940187 1.947856 1.956814 1.965991 1.982943 1.991165 1.998669 2.014030 2.022506 2.045767 2.053942 2.062411 2.094526 2.102408 2.125340 2.133542 2.150305 2.166386 2.173977 2.181396 2.188847 2.196259 2.203732 2.211172 2.218509 2.240606 2.248030 2.255444 2.262889 2.270265 2.277654 2.295228 2.302581 2.310049 2.318684 2.326007 2.352287 2.359588 2.374155 2.396044 2.403337 2.410673 2.417981 2.425272 2.441164 2.448662 2.456100 2.463520 2.470952 2.493924 2.501291 2.515949 2.523304 2.532866 2.542807 2.552113 2.577883 2.587434 2.597237 2.606286 2.613495 2.620699 2.627880 2.635041 2.642222 2.670828 2.677996 2.685131 2.692300 2.699439 2.706614 2.720984 2.728135 2.735255 2.749720 2.757183 2.764308 2.785853 2.792993 2.814423 2.821566 2.848326 2.857994 2.867735 2.887155 2.894809 2.902784 2.912069 2.930037 2.937870 2.945057 2.952802 2.967909 2.975886 2.983589 2.991569 2.999381 3.006915 3.014055 3.021098 3.028144 3.042217 3.049283 3.056615 3.064095 3.071472 3.079316 3.086419 3.093433 3.117377 3.124420 3.131478 3.138497 3.145482 3.152471 3.159743 3.174458 3.182491 3.196576 3.203537 3.210578 3.224643 3.231641 3.238642 3.245658 3.252709 3.259706 3.266723 3.273693 3.280749 3.294695 3.308668 3.315677 3.322625 3.329565 3.336522 3.343534 3.350499 3.357412 3.364381 3.371400 3.378367 3.385272 3.392198 3.399187 3.406089 3.413016 3.419903 3.427015 3.434053 3.441137 3.470007 3.477920 3.487530 3.496697 3.503666 3.510609 3.517616 3.524527 3.531434 3.538334 3.545186 3.552124
Elapsed_time: 3.552124
Score: 29847.729849
301
95292.568852 93477.732942 76329.733304 74648.351232 73981.949775 73912.997992 73813.685772 73725.696604 72746.988068 71838.779781 71614.687122 71609.360551 71471.482621 71317.217329 70542.168929 70426.771505 70411.144042 70152.026433 69851.724589 69812.816772 69652.448403 69539.205470 69458.423392 69256.008466 69138.141788 68679.067024 68226.067246 67646.068167 66646.368750 66182.884592 65976.216775 65393.092906 65376.613479 64903.687818 64365.289064 64289.814138 64232.536443 64156.569345 64090.723631 64083.356068 63975.227901 63752.864842 63714.228481 63675.077529 63663.512486 63596.751399 63390.147142 63208.168877 62884.024120 62848.578179 62746.924445 62727.331535 62714.308265 62329.983393 62132.271410 62122.904894 61857.366776 61537.421573 61384.252467 61192.389386 60628.695186 60576.136326 60373.793107 60286.376545 60051.210609 59981.216970 59737.111503 59574.763921 58450.945201 57914.933640 57850.509558 57845.036637 57686.050802 57488.476780 57336.305594 57265.421098 57154.470515 56666.861392 56289.445475 55691.166193 55360.509893 55173.379179 55072.454229 55018.852176 54873.676624 54766.161932 54286.613398 53980.270573 53820.622879 53762.661520 53535.379362 53257.124852 52949.420827 52870.322637 52513.918608 52114.584123 51878.878896 51798.304061 51775.933428 51743.384925 51647.273099 51482.630934 51418.023615 51153.673151 50979.167672 50783.640943 50753.839586 50650.993963 50580.231500 50482.496456 50176.233855 49912.149076 49064.671470 48835.052269 48670.173124 48365.138987 48264.974094 48256.378636 48148.848452 48094.117164 47991.773291 47834.597446 47677.720551 47646.702990 47641.748167 47510.172495 47398.946364 47393.253434 47385.008373 47378.133517 47303.578028 47265.051797 47061.907737 46797.812868 46706.229943 46630.393598 46573.221801 46455.744264 46303.108888 46211.234511 46088.318367 45838.067997 45661.266764 45435.677202 45222.926348 44999.914805 44908.502479 44680.408680 44508.523835 43725.914395 43665.632938 43561.237780 43501.041026 43302.038570 43006.573046 42929.728192 42688.972949 42520.523563 42264.849906 41844.434379 41823.653347 41645.183350 41529.595461 41234.177562 40876.916365 40870.883683 40676.370339 40571.875980 40282.464883 39793.728890 39534.354243 39385.214008 39374.464286 39269.050698 39027.468086 38811.836986 38798.028675 38692.128742 38557.803533 38372.483413 38133.811298 37961.833729 37932.256882 37676.761741 37428.727046 37181.982878 36960.898722 36748.550348 36581.825181 36339.088238 36076.178065 35794.114607 35544.748474 35302.980533 35263.787951 35214.565888 35161.173700 35040.091135 34815.402595 34657.671042 34651.665845 34591.293020 34538.874572 34435.243317 34387.566250 34254.952155 34164.620409 34051.001879 33835.857940 33822.977709 33725.353285 33646.132462 33500.117705 33358.700475 33354.187958 33342.211617 33296.796576 33274.317048 33268.807330 33264.808546 33225.504910 33207.245492 33201.193163 33186.990464 33144.192944 33072.314481 33015.216877 32961.703095 32888.689837 32864.451042 32800.061018 32729.497461 32660.887367 32550.765212 32517.292993 32504.576209 32486.502629 32458.300639 32412.367331 32362.553116 32357.207990 32315.330275 32269.887139 32236.326569 32204.787481 32194.179302 32173.086356 32131.351837 32052.221598 31994.429080 31969.972279 31967.586172 31927.733344 31917.698670 31900.462796 31866.077683 31799.922267 31753.704143 31737.794143 31694.335654 31643.264279 31603.819729 31601.487433 31582.265933 31575.362312 31557.779741 31502.832165 31480.462890 31403.720471 31359.115886 31318.793796 31273.043209 31208.384062 31163.169354 31119.232961 31065.407287 31011.680511 30988.842579 30972.776150 30923.422608 30868.447907 30852.209183 30830.062050 30795.309843 30729.922538 30689.330107 30654.121222 30604.803033 30550.331272 30501.201308 30483.268150 30449.141542 30410.205229 30367.695446 30312.663366 30304.995036 30300.889421 30268.497697 30260.140881 30240.634227 30220.467460
0.260108 0.297313 0.305668 0.323320 0.331972 0.375880 0.386246 0.394557 0.404031 0.437462 0.445745 0.470701 0.478970 0.487265 0.503937 0.520871 0.547881 0.564353 0.572533 0.598223 0.606376 0.614529 0.622866 0.631038 0.648721 0.660800 0.672009 0.680246 0.688763 0.698220 0.708994 0.733104 0.757545 0.765576 0.781823 0.814109 0.832682 0.843466 0.852434 0.896564 0.904653 0.914638 0.925342 0.957833 0.981795 0.989789 0.997805 1.005835 1.045802 1.070264 1.078410 1.087031 1.095264 1.104337 1.120258 1.144240 1.168430 1.176675 1.192870 1.209727 1.219746 1.241598 1.254768 1.271244 1.279301 1.287395 1.295413 1.311858 1.319933 1.327932 1.351926 1.384422 1.393145 1.403475 1.414279 1.424041 1.431986 1.439908 1.450014 1.459072 1.468126 1.485349 1.493967 1.501827 1.509648 1.518708 1.526554 1.543524 1.551880 1.559706 1.567544 1.612212 1.620122 1.646757 1.655812 1.672190 1.681615 1.689841 1.716306 1.741580 1.749504 1.757422 1.772973 1.780691 1.789266 1.798061 1.831893 1.841776 1.852080 1.861646 1.904550 1.920282 1.928267 1.936077 1.951609 1.961534 1.994774 2.029049 2.039203 2.067450 2.075549 2.083227 2.093112 2.108848 2.134414 2.142580 2.162181 2.187917 2.213941 2.236665 2.251939 2.259563 2.267234 2.274822 2.282428 2.289998 2.297625 2.305160 2.312784 2.320538 2.328150 2.335666 2.343217 2.350734 2.358315 2.365870 2.373348 2.380879 2.388454 2.395951 2.425801 2.433261 2.440736 2.448261 2.455653 2.470449 2.477949 2.485393 2.492797 2.500192 2.537208 2.545006 2.553040 2.560926 2.568972 2.584044 2.591485 2.598899 2.606250 2.613611 2.620916 2.628338 2.665344 2.672739 2.682222 2.719575 2.749067 2.756425 2.763791 2.771195 2.778644 2.786422 2.810035 2.817291 2.824518 2.831753 2.839062 2.846325 2.853549 2.861739 2.869785 2.879411 2.889171 2.898897 2.917899 2.925117 2.932399 2.939780 2.947135 2.954447 2.977944 2.985195 2.993108 3.000503 3.007583 3.014719 3.021980 3.029953 3.037149 3.052454 3.060178 3.067301 3.074352 3.081524 3.103423 3.117884 3.125145 3.132256 3.139376 3.167795 3.174825 3.190896 3.214735 3.224361 3.232709 3.239867 3.247004 3.254024 3.261119 3.275403 3.283793 3.291532 3.298565 3.319674 3.326703 3.347741 3.354779 3.361878 3.368986 3.377134 3.400769 3.410012 3.417532 3.427224 3.443772 3.450797 3.457851 3.464831 3.471898 3.479196 3.494378 3.530960 3.539710 3.560066 3.570187 3.579866 3.588415 3.597638 3.613156 3.621136 3.628822 3.636954 3.659663 3.666691 3.681290 3.688319 3.695499 3.702832 3.712177 3.719471 3.726507 3.733454 3.740445 3.747537 3.754495 3.761432 3.768510 3.775671 3.784644 3.793846 3.803378 3.822319 3.831761 3.841122 3.850349 3.859361 3.866463 3.874818 3.884775 3.894711 3.912326 3.920092 3.929107 3.936341 3.944933 3.953459 3.974917 3.981961 3.988931 3.996088 4.002952
Elapsed_time: 4.002952
Score: 30220.467460
301
94322.277091 92507.293417 74275.624221 73566.284962 73334.372300 73254.637259 73110.397413 72731.069937 72539.587226 72366.067037 72106.311834 71835.159825 71647.949785 71368.760224 71305.984755 71281.204691 71096.670164 70249.050076 69658.932175 69575.974049 69543.978316 68775.520378 68519.377948 68390.641298 68311.129509 68296.246415 68269.250567 68156.349599 68127.405251 68113.737711 68008.477676 67904.949963 67730.014206 67587.512473 66898.833549 66666.750152 66469.540930 66280.467814 66140.602063 65569.665917 65244.641044 65167.553606 64953.644963 64905.650558 64808.433482 64742.315250 64619.246350 64610.186416 64231.796427 63673.777071 63599.193804 63589.468676 63119.392566 62819.524824 62703.111086 62463.648677 62234.597977 62090.727596 61838.999847 61782.261768 61624.327847 61568.186195 61372.170317 61320.463894 60855.394475 60281.896400 60126.298576 59455.746101 59034.360932 59025.710164 58900.295401 58859.987615 58857.897239 58799.147959 58524.151951 58508.769639 58427.105827 58233.781426 58217.957682 58177.491195 58175.507988 58119.359126 57988.414821 57668.661310 57416.867786 57009.397757 56943.538398 56784.578178 56622.310991 56476.031225 56361.755770 55779.822440 55220.333029 55123.287499 54786.701574 54396.423367 54391.332762 54377.333062 54208.240434 54189.986261 54175.623300 54099.513761 54023.444355 53894.539857 53682.020668 53475.979901 53468.746994 53046.397026 52639.968594 52393.817483 52375.759596 52245.988759 52064.984468 52039.417759 52000.113508 51908.899013 51699.140441 51101.878364 50501.918904 49694.624656 49636.616660 49341.627698 49261.889570 49126.386996 48970.996873 48419.532853 48408.250330 48208.323235 48113.778162 48001.618907 47751.038308 47537.912335 47476.509182 47373.908520 47231.441447 47064.732664 46993.153254 46705.060659 46596.874442 46491.349414 46347.398883 46306.753456 46285.470757 46032.336486 45881.155456 45179.062759 44904.961906 44878.199115 44614.822583 44347.072571 44290.238624 44276.284684 43997.717873 43981.170599 43968.593492 43867.379551 43728.991150 43600.017626 43574.212831 43435.985299 43298.234549 43045.964332 42957.385810 42790.634594 42580.263085 42187.465333 41893.008617 41857.954474 41800.067618 41769.066841 41734.841967 41655.916886 41265.822448 40823.515525 40709.298569 40674.856490 40604.338301 40474.169742 40399.098878 40318.550044 40293.103102 40211.803416 40121.376091 39872.994256 39407.515378 39391.439419 39247.058117 39023.003184 39016.867319 38973.723007 38936.302698 38857.086009 38836.400430 38600.239934 38593.854450 38507.210909 38452.952229 38188.544517 38059.437661 38033.495314 37873.869354 37747.347845 37559.550313 37355.517396 37351.349071 37246.039935 37151.703134 37083.717387 36938.108769 36823.504423 36757.386116 36748.372386 36692.440586 36673.084091 36655.231621 36598.419742 36425.170106 36309.897310 36182.941360 36025.318309 35933.049091 35884.162524 35742.175041 35719.715470 35715.106526 35683.658531 35634.395849 35506.886469 35364.094990 35326.671190 35246.800012 35191.663208 34991.270398 34979.812324 34955.850071 34930.629779 34895.245577 34746.048219 34705.633831 34700.379044 34652.108979 34613.798582 34547.659560 34485.295750 34406.895269 34282.870703 34077.168189 34017.758059 33934.494566 33838.059315 33735.446881 33694.899969 33663.889086 33597.768521 33490.906969 33470.214113 33425.369593 33381.154481 33317.265319 33204.755787 33144.405447 33073.151167 33033.422880 32929.093080 32817.549690 32802.666727 32751.700294 32698.593652 32588.817141 32579.587528 32501.325754 32429.177354 32367.367103 32230.695555 32225.686258 32214.937315 32118.117102 32052.520667 31934.449368 31866.301796 31865.742603 31822.829337 31777.320962 31755.325839 31692.116043 31621.059210 31507.579759 31438.720610 31411.174603 31380.470489 31359.894217 31349.866278 31319.033466 31280.853963 31242.028734 31206.469047 31079.816977 31030.739753 30948.721717 30867.581739 30847.006663
0.247210 0.286560 0.294961 0.320899 0.329216 0.362436 0.378890 0.387160 0.395449 0.403682 0.411927 0.420226 0.428485 0.436686 0.469731 0.486241 0.494574 0.502888 0.523925 0.546279 0.585800 0.597821 0.618917 0.627342 0.636022 0.681385 0.689997 0.699891 0.708410 0.733755 0.742016 0.750286 0.758510 0.766745 0.774983 0.783187 0.791352 0.799551 0.807928 0.816193 0.855415 0.880337 0.891427 0.925476 0.949729 0.957884 0.966011 0.982210 0.990364 0.998443 1.006554 1.042391 1.050576 1.058630 1.066714 1.074837 1.082962 1.091008 1.099063 1.107165 1.115255 1.123350 1.132695 1.157106 1.165436 1.173551 1.210505 1.221663 1.234767 1.271360 1.279387 1.313712 1.329831 1.337854 1.355307 1.389003 1.398066 1.406793 1.414874 1.452335 1.477015 1.485279 1.493508 1.501670 1.509849 1.518063 1.527463 1.537098 1.545213 1.553298 1.561965 1.570061 1.578009 1.586020 1.594934 1.604069 1.613143 1.647652 1.663358 1.686625 1.702113 1.709855 1.717643 1.725423 1.733159 1.748714 1.772225 1.779970 1.789957 1.801227 1.830887 1.840151 1.860065 1.891081 1.901078 1.910600 1.918355 1.926585 1.936235 1.946575 1.969834 1.978020 1.986121 1.994656 2.025618 2.033348 2.057481 2.065256 2.072883 2.080692 2.088356 2.096416 2.106177 2.121335 2.128955 2.136513 2.144069 2.151872 2.167985 2.188522 2.199336 2.207692 2.233858 2.243371 2.251160 2.258759 2.273824 2.296331 2.304110 2.311817 2.321150 2.331164 2.341398 2.367986 2.386842 2.394404 2.401870 2.416873 2.431917 2.439450 2.446987 2.454504 2.469352 2.476819 2.484331 2.491742 2.499147 2.529047 2.536618 2.556633 2.566759 2.576900 2.585349 2.600257 2.607727 2.615109 2.622488 2.630667 2.638098 2.645440 2.660465 2.668608 2.676626 2.686193 2.701511 2.734451 2.750796 2.768249 2.797491 2.806298 2.826083 2.835740 2.843291 2.850640 2.888653 2.896770 2.904614 2.911946 2.926568 2.941831 2.952288 2.960392 2.967731 2.974987 3.004133 3.011450 3.019196 3.034441 3.041849 3.049370 3.057804 3.085353 3.092600 3.114419 3.121698 3.129323 3.138765 3.157125 3.164759 3.171981 3.179300 3.186474 3.193647 3.200835 3.222854 3.230714 3.238344 3.245850 3.253051 3.267662 3.274890 3.282069 3.289235 3.318061 3.325298 3.332532 3.339708 3.347136 3.354340 3.378804 3.387491 3.402890 3.410085 3.417596 3.426365 3.436533 3.444073 3.458456 3.467982 3.478392 3.487468 3.508629 3.516724 3.523808 3.530853 3.561279 3.568466 3.576977 3.584164 3.594817 3.605066 3.614704 3.622018 3.631198 3.639520 3.646573 3.653714 3.661433 3.670904 3.678725 3.685775 3.692739 3.699889 3.706961 3.713975 3.727867 3.734865 3.741811 3.748804 3.755759 3.769581 3.776568 3.783503 3.797455 3.804537 3.811526 3.819123 3.828748 3.835755 3.842679 3.849579 3.856515 3.863613 3.871641 3.891396 3.902437 3.914052 3.933697 3.941780 3.948752 3.963700
Elapsed_time: 3.963700
Score: 30847.006663
301
92675.777588 90790.107737 75917.835530 72839.400678 72821.797959 72451.571727 72335.793992 72144.985408 72097.926211 72037.018216 72000.146851 71829.552212 71801.755236 71654.321119 71623.380646 71611.836114 71539.800078 71369.499912 71113.667957 70728.098745 70460.406864 70441.191642 70323.078855 70124.957421 69633.783946 69416.112247 69384.569390 69372.047188 69367.894277 69279.152300 69096.465012 68850.788545 68491.726951 68098.507467 67845.426515 67089.752254 66420.804007 66400.233950 66122.671682 66058.242326 65745.897322 65525.050479 64862.372062 63498.225543 63283.559065 63263.176721 62735.569846 62595.657586 62486.507997 62340.440130 62309.043561 62296.629167 62182.689581 61620.112710 61215.792772 60890.772675 60639.545666 60529.629252 60461.942802 60437.929232 60372.792169 60304.621252 60184.634911 59891.730355 59438.349742 58878.794672 58642.307181 58171.200388 57960.561017 57916.663195 57865.555587 57741.952838 57643.067102 57588.297332 57276.773207 56963.738897 56586.029816 56062.379772 55895.493759 55812.756362 55743.460797 55729.039484 55691.961613 55567.806130 55530.581924 55473.216885 55173.752200 54501.827389 53505.153315 52588.119929 52032.439526 51684.798785 51565.696990 51458.831352 51309.862689 51085.029756 51003.797806 50948.098353 50829.944423 50747.272605 50517.219028 49991.104067 48742.499258 48728.715043 48557.671749 48484.504235 48481.935552 48317.993731 48163.645276 48030.760801 47735.026148 47592.309563 47496.579259 47341.898436 47196.765902 47083.646001 46979.334027 46740.212846 46005.534933 45430.902232 45349.218271 45027.967995 44990.616523 44926.896863 44897.357710 44854.646502 44738.159889 44681.227292 44541.838358 44424.283441 44026.206090 43686.358763 43678.047346 43562.593051 43488.772952 43312.078418 43231.782465 43083.993404 43057.140925 43007.813370 42917.827836 42785.879332 42651.439219 42398.574230 42226.303678 42160.518700 42124.329478 42093.224091 42013.704996 42007.049403 41953.630697 41893.176419 41597.916771 41105.948212 40784.275832 40622.430275 40506.531396 40262.258896 39898.579153 39882.396685 39794.225553 39769.953942 39655.127410 39471.304783 39433.263854 39232.269588 39039.747292 38937.013965 38933.493995 38813.434305 38805.521028 38746.056160 38632.959975 38366.015326 38200.211772 38080.332057 37891.687580 37882.522039 37817.152648 37694.378487 37614.941937 37356.061106 37107.340336 37062.214931 36979.485513 36869.539911 36765.176279 36753.299757 36729.515278 36584.282716 36562.724069 36472.610575 36417.085139 36296.287298 36251.626274 35961.570008 35909.070295 35873.951423 35633.784419 35441.605002 35280.080343 35173.181944 35123.461273 34925.426536 34696.560419 34666.666484 34569.348719 34396.784477 34298.374605 34180.898628 34087.686367 33765.849107 33611.548702 33470.555721 33278.946071 33210.341867 33137.819842 33049.260050 32992.840838 32933.527642 32684.145981 32568.334136 32550.831926 32505.244907 32462.115730 32456.726980 32300.852487 32200.365141 32152.075724 32065.079406 31958.778328 31812.979900 31785.423152 31669.785537 31595.004526 31482.698328 31346.280399 31218.964291 31135.325310 31081.889698 31044.854778 30990.318075 30931.651078 30784.370800 30731.707982 30636.549646 30566.296675 30498.499598 30380.877645 30364.552405 30323.689770 30270.014427 30207.525224 30150.104534 30065.217202 30009.644519 29940.488498 29876.854628 29831.450827 29792.881878 29722.290842 29635.722096 29618.106528 29605.206709 29560.756261 29513.717941 29449.037608 29364.373626 29309.950417 29290.531021 29260.549416 29230.660852 29222.325387 29145.169519 29141.227140 29093.522589 29069.371929 29031.036286 28969.087394 28910.945303 28888.197949 28845.077133 28813.927008 28764.177310 28756.906466 28753.111559 28737.930153 28706.189444 28672.464432 28633.879157 28602.035849 28565.951902 28517.337941 28476.257195 28435.759718 28378.733120 28362.640986 28352.202633 28323.476258 28288.174227 28249.672566
0.259785 0.296970 0.308863 0.326041 0.371704 0.380184 0.442650 0.450956 0.475970 0.484209 0.509470 0.518002 0.535059 0.543641 0.570641 0.629510 0.637679 0.645934 0.654096 0.662294 0.687560 0.721400 0.739829 0.748062 0.788869 0.797272 0.816308 0.845307 0.875508 0.885816 0.895968 0.906186 0.917345 0.925730 0.934069 0.942274 0.950701 0.978363 0.986983 1.013008 1.022219 1.030490 1.039005 1.047209 1.064251 1.072379 1.088972 1.114611 1.130647 1.138685 1.155084 1.192079 1.202408 1.213834 1.222680 1.230704 1.238717 1.246858 1.254828 1.281562 1.289538 1.297601 1.305672 1.315112 1.325126 1.336070 1.344185 1.362212 1.372946 1.383744 1.401894 1.419549 1.429712 1.439053 1.447122 1.464127 1.472654 1.482270 1.508894 1.540691 1.550909 1.559562 1.599489 1.615349 1.638887 1.662499 1.671821 1.679673 1.713356 1.722115 1.730196 1.737944 1.745744 1.777271 1.785064 1.792761 1.800555 1.815999 1.823690 1.831443 1.841516 1.849547 1.857178 1.889460 1.897636 1.906559 1.914432 1.922013 1.931683 1.939472 1.947005 1.954563 1.962194 1.969763 1.977327 1.992421 1.999996 2.007556 2.015076 2.022636 2.045149 2.052725 2.075389 2.082964 2.090471 2.097962 2.105488 2.120527 2.128020 2.135488 2.143142 2.150661 2.167861 2.175392 2.185605 2.194742 2.209747 2.217615 2.240495 2.248451 2.255933 2.289382 2.304856 2.312614 2.320296 2.341663 2.349251 2.356751 2.364190 2.382727 2.390127 2.397509 2.405404 2.412848 2.422692 2.432881 2.443009 2.450875 2.460895 2.484272 2.492552 2.508415 2.515749 2.523249 2.540152 2.548405 2.556574 2.563889 2.590258 2.601139 2.616221 2.623597 2.630911 2.638202 2.646915 2.654178 2.661568 2.681172 2.690926 2.701058 2.719272 2.726790 2.734280 2.752574 2.760613 2.768591 2.783743 2.798372 2.805718 2.813160 2.820737 2.827991 2.835442 2.842952 2.858811 2.866190 2.890987 2.899506 2.906822 2.914505 2.924308 2.934245 2.943971 2.952338 2.959561 2.992962 3.000239 3.014522 3.022159 3.029739 3.036829 3.043953 3.051050 3.058106 3.065181 3.072280 3.079269 3.086578 3.093693 3.100789 3.107857 3.114881 3.135959 3.142984 3.149991 3.157000 3.164094 3.171080 3.178047 3.185011 3.192034 3.199474 3.206745 3.214278 3.221914 3.229018 3.236455 3.243511 3.257364 3.264331 3.271296 3.278218 3.285192 3.292136 3.298994 3.305914 3.312853 3.319747 3.326685 3.348060 3.355682 3.362736 3.370048 3.377239 3.384170 3.397995 3.404976 3.425581 3.432505 3.439384 3.446526 3.453361 3.475812 3.483673 3.491244 3.498078 3.504958 3.512467 3.519329 3.526233 3.532998 3.539978 3.553695 3.560469 3.567261 3.574072 3.580939 3.587750 3.594534 3.601296 3.608075 3.614899 3.628560 3.635415 3.642344 3.678326 3.687348 3.695857 3.704044 3.713220 3.722555 3.732583 3.740848 3.747650 3.754443 3.761309 3.768061 3.774813 3.781601 3.788361 3.795146
Elapsed_time: 3.795146
Score: 28249.672566
