5
301
447835.095582 441244.067468 423667.302329 341399.973815 338380.217579 338346.828653 338272.710072 338093.011921 338048.200483 337938.492391 337894.473458 337703.050240 337491.372964 336720.201220 335741.373437 333686.364743 329454.182006 329419.242987 328001.488287 327777.720111 327135.984228 326724.747866 326690.587912 326674.716419 326607.809065 326541.830370 326385.976404 326227.988130 325919.449370 325565.689076 325338.728667 324508.455408 323165.116676 322767.634351 322658.189734 321901.347382 318886.496911 318634.058373 318391.468643 318272.913598 318239.370304 318031.793935 317845.803688 317790.061346 317627.817542 317547.017951 317380.851902 317297.746324 317231.310010 317158.473476 316860.497514 316768.354874 316054.100356 315067.257650 312438.948484 311318.839096 311193.979743 310417.966681 309183.217268 308796.601193 308645.936224 308600.736419 308562.699150 308561.832715 308522.820974 308466.722336 308429.419971 308192.574699 307719.266219 307629.769918 307270.841945 306967.837052 306062.016958 305791.046984 305624.744157 305126.699882 303897.382865 302673.962522 302140.820021 302103.911793 301657.125237 301599.409119 301406.116316 301368.702382 301365.676133 301252.745657 301015.384557 300903.070029 300708.145412 300250.613869 300048.555246 299257.519575 295764.843462 294097.715316 290154.310405 290125.501634 290120.455884 289972.024303 289887.829264 289499.410721 289181.376931 288272.959296 287850.062894 287800.650837 287400.665707 287194.773556 286582.684531 285345.740683 284764.809106 284508.602794 284399.474338 284281.955058 284022.043571 283763.029850 283160.917225 282388.230519 282270.371344 281891.744287 281522.939512 281135.349080 280855.411935 280449.223437 280079.819055 279690.825433 279031.766387 278421.843612 277248.474211 276401.896732 276352.948176 275927.522994 275852.952470 275808.524623 275752.871848 275727.270523 275576.235503 275322.065952 274784.681920 273524.565853 272601.011510 272455.241979 271341.828933 270966.015039 270465.194280 270227.036581 270169.309937 270000.568605 269734.566181 269662.010093 269660.017239 269609.366213 269311.788966 269071.085030 268881.191066 268458.854723 267787.708750 267382.441228 266802.630152 266325.953481 265376.400740 264007.124313 263324.096799 263317.379522 262916.278372 262482.515752 262138.282964 262090.861990 262061.512954 262007.352892 261875.585611 261744.208997 261700.586650 261623.285943 261083.017165 260905.924510 260491.234512 260359.205277 260047.768260 259469.053683 258855.729764 258593.477649 258182.188872 257821.931172 257737.081410 257415.242335 257105.145822 256691.190717 255961.060951 254258.174137 251792.650068 250667.973848 250526.756796 250468.048523 250281.327980 250196.846439 250146.413263 249527.869016 248682.498047 248452.227774 248066.807207 247819.928083 247541.458694 247209.891944 246997.729462 246901.020323 246738.495909 246685.653390 246611.786574 246112.646833 245952.223825 245890.187748 245670.626132 245415.058749 244687.827500 244541.681224 244531.007819 244180.913693 243855.815954 243705.717821 243556.036148 243357.939919 243325.510120 243200.293710 242889.558159 242878.922840 242645.762115 242182.967138 240740.199804 240003.115414 239981.043030 239688.305663 239203.957248 239174.464029 238976.266474 238916.614829 238863.306343 238759.877113 238678.560144 238618.858289 238594.066929 238517.690954 238306.420398 238188.573225 238071.209732 237579.522603 237120.508962 236912.435500 236676.377481 236518.028062 236010.596835 235407.578441 234877.037833 234842.663661 234137.637372 233772.419011 233541.271814 233421.355222 233393.228712 233240.318516 233222.458362 233125.551452 232809.486914 232582.983212 232541.670162 232326.406820 231691.668000 231412.988020 231271.557555 230716.686259 230612.109429 230403.747684 230232.721862 230135.075126 230001.955369 229986.653690 229926.322801 229841.146143 229811.894517 229792.484622 229695.805116 229670.113596 229485.620626 229210.213667 228889.617942 228542.222985 228117.078291 228090.948457 227710.838625 227277.206539 227242.921888 227014.803954 226816.857873 226583.158020 226316.254678 225798.565300 225444.116398 224384.830018 224283.353750 224150.091446 224005.239258 223866.286937 223804.329949
1.691534 1.990981 2.050094 2.113635 2.167529 2.626751 2.680567 2.736123 2.790336 2.846103 2.900762 2.954674 3.063858 3.118183 3.172633 3.226722 3.335200 3.548923 3.658644 3.767620 3.822811 4.150688 4.257887 4.367673 4.544072 4.597851 4.651609 4.706263 4.825595 4.879455 4.933266 5.099072 5.208670 5.262805 5.481649 5.535302 5.588556 5.699063 5.807051 5.860987 6.026876 6.086633 6.194266 6.249476 6.304543 6.362185 6.416244 6.531420 6.585406 6.693220 6.747776 6.802930 6.872546 6.926194 6.979745 7.037567 7.378999 7.432721 7.539331 7.647215 7.966836 8.289840 8.506217 8.677979 8.841474 8.895022 9.002260 9.055803 9.109817 9.231024 9.284278 9.338085 9.391206 9.444360 9.497557 9.550733 9.603880 9.659178 9.765045 9.871052 9.924568 10.085461 10.139024 10.300746 10.353803 10.406839 10.514422 10.567727 10.620697 10.674389 10.780593 10.833510 10.886897 10.952636 11.213724 11.318383 11.587954 11.639943 11.691879 11.743694 11.795913 11.849590 11.953314 12.162514 12.214711 12.374122 12.478332 12.530364 12.582238 12.633737 12.736965 12.788859 12.840803 12.893749 12.945226 13.049311 13.154234 13.209087 13.269378 13.322039 13.376029 13.432710 13.536117 13.587891 13.639760 13.691508 13.743102 14.018001 14.070520 14.122596 14.225522 14.434528 14.537421 14.750584 14.801996 14.857441 14.914024 14.967034 15.019142 15.226658 15.381567 15.434387 15.485637 15.536849 15.587652 15.638403 15.689249 15.740085 15.954081 16.007339 16.109559 16.160700 16.212620 16.265211 16.318321 16.369370 16.471311 16.522316 16.573230 16.624127 16.674938 16.983834 17.034635 17.085287 17.186538 17.529296 17.632918 17.685913 17.738961 17.790541 17.842041 17.893125 17.995238 18.047205 18.097794 18.150554 18.201281 18.253354 18.303969 18.354494 18.404880 18.505524 18.664474 18.726488 18.793174 18.847065 18.897541 18.957968 19.011896 19.062794 19.215797 19.416272 19.515345 19.666118 19.715696 19.765154 19.863929 19.913488 19.964593 20.064439 20.114236 20.166915 20.216688 20.367047 20.416855 20.466557 20.516295 20.714791 20.764521 20.814179 20.964414 21.015370 21.135939 21.284494 21.536405 21.586699 21.635948 21.691939 21.742299 21.895699 21.997139 22.047135 22.097194 22.203166 22.253160 22.305164 22.355009 22.404635 22.660420 22.710062 22.809217 23.024029 23.073513 23.122949 23.270905 23.320666 23.427069 23.476420 23.624328 23.673608 23.722920 23.772578 23.875712 23.926411 24.026686 24.076021 24.127141 24.176653 24.226001 24.275441 24.328219 24.574349 24.635556 24.740861 24.790026 24.891033 25.037757 25.086849 25.135897 25.184979 25.234066 25.283019 25.431357 25.480513 25.529719 25.578766 25.627480 25.826118 25.874723 25.928446 25.978421 26.032974 26.189609 26.344846 26.393811 26.443958 26.590735 26.639704 26.690113 26.788375 26.838427 26.888385 26.938670 26.989012 27.038941 27.089491 27.138295 27.237510 27.335638 27.384660 27.433723 27.580334 27.630105 27.679195 27.974036 28.023020 28.071996 28.172399 28.272800 28.321962 28.374392
Elapsed_time: 28.374392
Score: 223804.329949
301
469125.526975 462254.894408 398573.695286 391602.441563 365698.312566 355556.179969 355529.812176 348617.662416 347377.753007 346461.044136 346418.298011 345969.097477 345777.439619 344479.761770 342302.431251 339931.408429 337671.156443 337337.774640 336778.588200 336628.636718 333933.448950 330288.854921 329585.809337 329119.620735 326874.966672 326484.013077 325658.975200 324805.176665 322924.893412 321145.597339 321137.294553 318952.681369 318664.879397 318110.698483 318023.975366 317784.948691 317542.843327 316839.686140 316622.447848 316196.701441 315697.677637 315262.846245 315120.249437 314559.508535 314174.565742 313936.291515 313691.045040 311983.853097 311320.435842 311165.930444 310725.428771 310488.199652 310314.319079 309863.541385 309509.045530 307467.978995 305264.983262 304643.409060 304600.696140 304461.648559 304328.152174 303874.620310 303605.359363 303431.433848 303423.213369 303363.661474 303181.804540 302772.092612 302029.935495 300976.268491 300237.695096 297207.166544 295940.295431 295907.422503 294681.119366 294592.902793 294122.991381 293905.182429 293513.730861 293134.595106 292732.050066 292264.119841 292160.142423 291874.721206 291470.437712 290120.014327 288880.232117 287852.666422 287553.861196 287214.311148 287171.149965 287091.069773 287034.291166 286876.661566 286820.323841 286546.975459 286488.597005 285751.675508 285671.815400 285187.942325 284516.740697 284124.772090 283442.500458 282512.928295 282235.083707 281901.721946 281845.397350 281479.738997 281132.127750 280721.772089 280116.793193 278900.908289 276771.495530 274232.759341 272752.317693 272575.464040 272397.506854 272333.284043 272319.541122 272048.568342 271710.272132 271325.046739 271160.108667 271010.981128 270782.882652 270630.187710 270074.186869 269111.212926 268869.295359 268473.532605 268241.613726 268159.015967 268147.523605 267379.099863 267143.284712 266769.964134 266586.807948 266551.006117 266474.853450 266358.670155 266336.826932 266298.913169 266026.666148 265708.175716 265573.291929 265276.797448 265196.552151 264951.389301 264906.666672 264763.718638 264033.087563 263653.464612 263652.745963 263388.087290 263176.779284 262454.664383 262060.264417 262009.774551 261874.345213 261720.169451 261444.736880 261112.306148 261090.167132 260864.221701 260514.550872 260313.160956 260274.059972 260027.470351 259674.107880 258793.348069 258556.897377 258432.263315 258056.814478 257919.994230 257028.496034 255334.073896 254956.265476 254642.150824 254579.472116 254165.136258 253808.902251 253492.404531 253192.005344 252777.341666 252375.474121 252134.423220 251923.056860 251892.002314 251826.919338 251795.943178 251549.305478 251337.393298 251010.348879 250503.845457 250477.653045 250035.525887 249676.322264 249504.549235 248725.933121 247436.060955 246217.852396 246190.706012 245892.097995 245742.344550 245376.840888 243938.040497 243366.901121 243280.213668 242179.954416 241856.764140 241854.885541 241836.588884 241596.610504 241041.545545 240851.884413 240666.443657 240440.792891 240101.076561 239608.484011 238845.225484 238696.679290 238659.052025 238348.028388 238241.562363 237945.173744 237848.267330 237805.993678 237538.299476 237315.060344 237302.960721 237235.370425 237090.582754 237013.890896 236986.970149 236902.788868 236667.574735 236557.098518 236423.504753 236395.344656 236017.503355 235765.071074 235554.279968 235225.334670 234342.734321 233466.786490 232992.384324 232907.589788 232592.932838 231758.484779 231190.172881 230828.520795 230822.688141 230646.307469 230543.557583 230480.329614 230368.825440 230335.276455 230242.185046 230151.521294 230005.739480 229860.739896 229711.681815 229342.475446 228973.978460 228797.526828 228449.069168 227958.345108 227602.576562 227531.407434 227356.302627 227169.935709 227130.057305 227092.285372 226955.170223 226861.696698 226799.991023 226728.292730 226565.222970 226528.978650 226229.387742 225963.184891 225733.119012 225359.398612 225000.205436 224906.439983 224854.482734 224670.166775 224197.242650 224168.655482 224059.292326 223723.994442 223664.993835 223421.450473 223331.049536 223160.281195 222596.607818 222561.200548 222476.785044 221854.518032 221792.592423 221770.701419
1.649970 1.950935 2.006481 2.061478 2.116842 2.239886 2.571559 2.625698 2.679369 2.734469 2.900606 2.959665 3.013336 3.066861 3.121742 3.175615 3.230746 3.338372 3.393360 3.446862 3.500318 3.553734 3.663248 3.720910 3.774042 3.883835 3.937447 3.992155 4.047392 4.106468 4.386524 4.441279 4.494769 4.548450 4.655858 4.709629 4.764201 4.818874 4.872214 4.925587 4.979052 5.087524 5.200169 5.254446 5.308108 5.361923 5.415635 5.523448 5.581873 5.816570 5.869662 5.924142 5.980071 6.037224 6.094691 6.151152 6.204009 6.256776 6.310912 6.419838 6.473137 6.525822 6.580744 6.634275 6.904053 6.956961 7.009737 7.062527 7.115284 7.168097 7.220781 7.275020 7.382875 7.487992 7.539677 7.591443 7.644693 7.697081 7.801515 7.853872 7.906920 7.959300 8.066130 8.118556 8.170924 8.223212 8.275352 8.327502 8.379784 8.432111 8.690983 8.743813 8.848481 8.901219 8.952723 9.004204 9.107245 9.158600 9.312338 9.363777 9.416810 9.468983 9.526647 9.578361 9.632592 9.689556 9.794070 9.845947 9.897716 9.949515 10.001644 10.055949 10.107333 10.158953 10.209574 10.264348 10.422306 10.578526 10.680653 10.732877 10.784190 10.835402 10.996133 11.050387 11.102510 11.267726 11.320223 11.371097 11.422037 11.473076 11.524095 11.574826 11.885218 12.041852 12.093012 12.144046 12.195799 12.297925 12.348994 12.552596 12.654009 12.704745 12.755454 12.806168 12.856923 12.907634 12.958327 13.009237 13.215084 13.265727 13.316584 13.418105 13.572517 13.623443 13.724891 13.775679 13.826446 14.040785 14.142178 14.193042 14.244915 14.295967 14.449157 14.502469 14.552710 14.605521 14.859025 14.909704 14.960290 15.010714 15.061185 15.162226 15.265591 15.316306 15.367016 15.468785 15.519659 15.570180 15.621728 15.672497 15.723473 15.775837 15.931470 15.982907 16.033920 16.084546 16.184765 16.337269 16.387335 16.437530 16.487710 16.537820 16.587985 16.638449 16.791209 16.840865 16.890525 16.940198 16.989886 17.091497 17.142794 17.345024 17.395249 17.445541 17.495756 17.545905 17.596107 17.747357 17.797425 17.847558 17.947625 18.103737 18.153528 18.204640 18.308757 18.364957 18.426441 18.483700 18.533205 18.587910 18.709549 18.866185 19.016944 19.074466 19.175739 19.227151 19.330616 19.402845 19.521764 19.676409 19.728376 19.778237 19.878643 20.029425 20.079245 20.131078 20.236634 20.439321 20.645881 20.697079 20.747508 20.797279 20.846915 20.897354 20.947193 20.997680 21.150870 21.200686 21.250177 21.299575 21.350792 21.499820 21.599470 21.699526 21.798881 21.848307 21.960134 22.009979 22.059670 22.109384 22.160363 22.261113 22.311036 22.360929 22.461294 22.512163 22.562042 22.664363 22.867009 22.916670 23.017195 23.220271 23.269978 23.325583 23.375520 23.578286 23.627565 23.676843 23.775717 23.887516 23.937009 23.986429 24.038214 24.087382 24.136725 24.286227 24.335431 24.384739 24.435937 24.485184 24.542234 24.639997 24.688956 24.738049 24.787243 24.836472 24.885708 24.985306 25.035155 25.133061 25.279497
Elapsed_time: 25.279497
Score: 221770.701419
301
454089.165101 447424.199034 389785.501842 352145.349496 349327.640071 345408.822604 345300.491534 345216.686830 344972.576474 344699.394224 343191.993688 343189.705103 343153.843187 342207.063747 341868.167284 341795.302503 341704.842747 341475.739148 341028.241956 340773.606711 340560.472276 340112.099210 339974.928139 339964.254619 339425.375926 336761.147706 333211.030046 332996.792564 332719.056806 332674.067031 331628.916579 330078.315187 324990.277243 324755.652849 324713.926527 324505.995167 323903.521706 323729.104538 323589.226231 323399.186032 323164.288568 322903.543195 322465.049663 321705.449098 320497.957537 319787.734951 319256.502591 317584.859373 315431.732442 315114.738210 314748.452927 313518.955542 313171.816493 312655.604504 312609.323219 312410.135437 312246.303823 312083.220706 311926.089891 311759.422150 311711.403762 311582.226490 311303.770748 311134.739287 310778.455016 309703.526553 308569.028453 306742.796800 306511.415959 306224.794516 305275.200338 303773.913047 302988.123239 302897.198853 301526.718836 301187.551440 301126.456627 300901.061743 300740.013485 300450.978061 300329.356752 299988.521456 299578.663732 299265.103436 298465.596193 297646.746727 297346.289914 296813.704966 296326.549344 295329.080145 294867.518316 294401.760990 294396.212317 293691.919707 293307.440965 293291.778079 293063.600065 292964.997295 292717.342868 292552.601441 292390.712522 291432.801843 289595.868770 287831.024327 287438.745236 286931.737039 286583.243279 286424.110146 284669.498456 284603.154554 284506.334758 284464.668380 284297.603666 284228.012019 284064.640538 284050.777435 284026.703704 283975.410190 283838.024932 283710.933940 283643.751647 283343.076778 283269.600710 283201.627067 283062.380129 282985.895017 282850.873552 281084.786550 280370.817031 280244.508736 279825.509902 279581.822151 279483.379224 279250.702694 278930.018276 278650.337986 278250.339350 276132.597638 275058.273967 273970.001498 273491.561211 273464.283998 271593.815440 271559.982355 271296.595832 270913.286714 270901.591616 270814.763736 270801.421250 270744.293692 270634.075482 270419.966292 270190.995652 269913.560038 269853.108990 269652.452035 269320.557298 268765.968221 267631.659747 266940.561607 266506.114038 266011.767066 265654.006281 265450.290492 264838.219994 264689.547723 264055.017584 263594.385728 263149.591475 262759.707138 261968.874747 261061.945715 260452.555128 260358.695164 260302.730810 260184.932963 259969.199884 259873.094582 259858.723532 259848.361753 259715.287811 259531.884982 258792.945414 258497.151039 258488.090132 258206.202364 257998.170818 257744.270201 257470.016331 257177.005944 256533.921175 256353.278441 256257.492096 256090.039911 255668.338825 253999.099745 253977.030855 253826.900802 253571.562906 253372.408842 253104.695340 252992.949740 252688.707760 252506.598824 252157.502727 252099.683267 252087.103369 252055.671843 252008.560538 251938.983326 251686.930672 251240.964616 250920.921156 250580.641559 249728.827467 248597.340426 248370.416528 247980.918975 247640.238743 247388.551362 247047.677341 246155.653649 245207.088832 245003.637948 244995.928465 244035.582984 243638.824683 243326.996135 243248.683705 243172.089447 243069.839658 242969.223856 242667.079170 242108.022643 242089.839621 241893.651206 241448.916478 241433.043429 241409.079435 241097.791158 240959.710406 240534.044085 240069.478847 240026.809807 239594.621029 238930.090881 237791.529934 237222.828279 237186.151821 236606.367729 236179.501039 236091.543483 235925.135977 235782.128237 235385.906208 235341.223024 235312.165229 235268.413798 235145.775290 234839.404273 234720.287537 234527.191656 234139.335464 233397.140969 233133.239360 233059.649990 232992.130161 232450.771582 232313.483780 231913.218465 231429.323284 230910.335810 230715.663109 230581.566058 230441.132160 230059.187417 229487.455027 229023.335091 228894.115429 228867.876997 228736.056659 228575.899553 228304.516759 228037.247271 227840.432301 227464.528509 227262.343300 227002.737779 226863.393196 226550.476327 226238.628923 226166.070897 225987.862530 225887.632176 225580.047284 225397.475914 225213.108501 225205.061507 224987.962140 224842.479520 224669.288195
1.631255 1.924696 1.980647 2.034619 2.090759 2.157455 2.483885 2.592022 2.645779 2.699462 2.753017 2.807492 3.022434 3.076094 3.129773 3.237104 3.290781 3.344436 3.398134 3.453877 3.507986 3.615997 3.778261 3.886268 3.940192 3.994784 4.048700 4.102374 4.158063 4.646572 4.700307 4.754514 4.808628 5.084359 5.138292 5.354526 5.409863 5.463553 5.843311 5.951393 6.004888 6.058406 6.113032 6.166712 6.220341 6.273994 6.328419 6.389615 6.444389 6.662211 6.715744 6.875681 6.931183 6.984312 7.256233 7.365926 7.419940 7.581871 7.689081 7.742429 7.796727 7.849906 7.904281 7.957617 8.011073 8.065960 8.119256 8.172405 8.280065 8.334714 8.387585 8.441691 8.494674 8.547622 8.653249 8.706107 8.867702 8.926785 9.032677 9.085248 9.138418 9.191071 9.243664 9.298229 9.350900 9.403769 9.510339 9.565497 9.631334 9.684033 9.896578 9.949355 10.160617 10.213297 10.534225 10.746899 10.799700 10.851708 10.905937 10.959306 11.120452 11.172780 11.224852 11.276839 11.335858 11.543574 11.646430 11.699078 11.751186 11.960517 12.118818 12.170756 12.222732 12.274588 12.326435 12.378273 12.534548 12.689120 12.792055 12.843579 12.946550 12.998095 13.049752 13.212000 13.265577 13.578473 13.631164 13.735389 13.787159 13.838865 13.890555 13.993941 14.098593 14.206157 14.259817 14.469487 14.521031 14.572438 14.623858 14.675074 14.726339 14.881035 15.033439 15.240449 15.292474 15.599732 15.856850 15.908254 16.117723 16.174787 16.227448 16.278916 16.381749 16.433515 16.651108 16.705449 16.772649 16.823515 16.874253 16.975294 17.025875 17.076395 17.127654 17.188028 17.291003 17.341751 17.393205 17.443690 17.496833 17.546884 17.598428 17.699551 17.802111 18.005513 18.106781 18.157448 18.208040 18.363330 18.513383 18.781374 18.832292 18.882920 18.933226 18.984149 19.242953 19.295838 19.348800 19.399320 19.449873 19.500403 19.550971 19.601697 19.702596 19.754895 19.807454 20.021770 20.072472 20.399640 20.451656 20.655289 20.705536 20.755927 20.806174 20.856240 20.906097 21.256829 21.407661 21.614507 21.664090 21.713598 21.764473 21.815322 21.865321 21.914859 21.969234 22.019985 22.119571 22.174653 22.227380 22.277940 22.327942 22.377692 22.427315 22.527941 22.678224 22.876754 22.926295 22.975879 23.178166 23.283203 23.337117 23.386685 23.440129 23.490805 23.829006 23.904100 23.970288 24.055124 24.271673 24.326511 24.442036 24.501435 24.561727 24.732744 24.793340 24.847568 24.897687 24.954971 25.181378 25.233357 25.294266 25.347238 25.396407 25.447051 25.496593 25.547768 25.861475 25.910861 25.961167 26.166746 26.230414 26.281730 26.332779 26.383295 26.537199 26.637273 26.741576 26.791126 26.899972 26.968933 27.037725 27.097820 27.148375 27.200410 27.251228 27.302092 27.354972 27.410421 27.461363 27.511723 27.563407 27.625538 27.698215 27.910508 28.160873 28.273357 28.323669 28.378373 28.482326 28.534841 28.585248 28.690857 28.741193 28.793835 28.844553 28.945451 28.997017 29.103383 29.155938 29.208049 29.257564
Elapsed_time: 29.257564
Score: 224669.288195
301
449024.701627 442326.528955 358802.867363 342230.133585 339354.413063 336936.897137 335202.568446 335159.214395 334964.244560 334740.169564 334458.858301 333507.492143 332679.956088 330524.102919 330446.979014 329587.035965 325401.783132 324765.483161 321612.798998 319048.299493 318099.576122 318014.048053 317922.301039 317917.573707 317764.147431 317744.620750 317598.628611 317337.077868 316909.972788 315102.139234 312586.594704 310288.595703 310162.245089 309281.434008 307886.253928 307038.971978 306873.303354 306765.330560 306569.435297 306318.774421 306223.225545 305792.781988 305571.141993 305567.341571 305483.939336 305360.472805 305356.040617 305301.950075 305075.216771 304830.431347 304607.427743 304230.471703 303736.409641 302576.028334 301640.388684 298940.077333 295437.350485 295198.160685 294868.760698 294847.421210 294762.318962 294679.597958 294664.401599 294531.324113 294385.026301 294108.773325 293607.832055 293406.388088 292725.230822 291977.536171 291345.630597 290327.828175 289980.921784 289614.316757 289473.164368 289446.575707 289397.000623 289316.143245 289051.179569 288854.127476 288836.241438 288621.459571 288432.726869 288416.871341 288070.133889 287764.217606 287553.223678 287291.892790 286787.293964 284796.014211 283309.285194 281697.428914 281352.777997 281306.384499 280369.414581 279707.277873 279475.527007 278804.048457 277975.575561 276874.778446 276735.662693 276707.676119 276250.346980 274795.536016 274292.386278 273905.246235 273844.996226 273479.233617 273356.633655 273174.799569 272947.564536 272816.279812 272254.274616 271442.813270 271256.336139 270419.072458 269161.883348 268909.020255 268879.512788 268548.236672 268459.042130 268351.114758 268137.229379 268088.088499 267992.829615 267723.883038 267526.534317 266592.822535 265024.282767 263478.643146 262223.208613 262190.173069 262119.567280 261991.245711 261729.207882 261679.260558 261605.926748 261497.399086 261411.293940 261317.426159 260822.536700 260762.693016 260727.439651 260653.060067 260497.947618 260244.954980 259751.891523 259360.950983 259094.618856 257868.065224 256937.132862 256754.950129 256128.001260 255256.001336 254754.149108 254717.117925 254620.820691 254523.680237 254402.662161 254378.557757 254267.919429 253850.168794 253615.212065 253588.650494 253392.572473 252768.534081 252243.644127 251400.335008 250859.475045 249938.673158 249825.057916 249637.580611 249428.640287 248321.150365 246756.439073 246273.665913 245931.330410 244359.823619 244316.593072 243624.844033 243220.673900 243079.278363 242861.375996 242627.028168 242240.465406 242153.602726 242127.190312 242109.908994 242102.270310 242030.690570 241851.048323 241843.551251 241745.774794 241434.372415 241278.369464 241064.171441 240788.988085 239950.202725 239140.198743 239091.891669 238459.929318 237950.439689 237746.107901 237561.554822 237313.214813 237035.941685 236717.234879 236097.235665 235879.469769 235736.790527 235509.263294 235310.202196 235188.995583 234954.723707 234457.607133 233284.808243 233209.724798 233047.153169 232845.970469 232382.681302 232170.827211 232067.446483 231950.188427 231915.779429 231711.002251 231554.967372 231313.223228 231060.262654 231026.481560 230917.051720 230806.505431 230532.881559 230457.532951 230295.263455 229981.043384 229397.846670 228628.387827 228339.087853 228116.278654 227130.485281 226558.499630 226395.343281 226152.368447 226050.942058 225994.813438 225906.838455 225495.451365 225330.614414 224949.910571 224350.767704 223997.683007 223965.083398 223640.144073 223467.361449 223136.391853 223048.750017 222636.543430 222180.510589 221033.846723 219201.584247 218678.944091 218659.847468 218620.271793 218613.801443 218587.437060 218519.598783 218463.278708 218345.300232 218098.600386 217822.387403 217637.299899 216868.314585 216619.656886 216615.770381 216263.822845 215950.592888 215900.293175 215824.442042 215768.190602 215651.092506 215560.249915 215475.319694 215345.605103 215120.514683 214178.728747 214125.341691 213318.048854 213197.126551 213166.852235 212847.527070 212656.904191 212373.425837 212304.704415 212049.482523 211925.216211 211795.831954 211619.483030 211188.019882 210818.863580 210807.727889 210493.908483
1.724534 2.029669 2.094664 2.220751 2.275601 2.340138 2.616876 2.833370 2.887368 2.941801 3.050134 3.104688 3.158244 3.211665 3.494825 3.548292 3.603285 3.656683 3.711563 3.934262 4.043436 4.288335 4.397794 4.559265 4.619398 4.836286 4.891577 4.945308 5.001479 5.055193 5.109807 5.165989 5.271735 5.329127 5.388343 5.553187 5.606560 5.663746 5.718141 5.771710 5.932520 5.992887 6.050452 6.270372 6.329661 6.437381 6.611771 6.664446 6.717528 6.770811 6.829878 6.886384 6.942016 6.997498 7.050884 7.105604 7.171739 7.349594 7.507442 7.780348 7.839256 7.896468 8.165293 8.227601 8.280026 8.386763 8.440601 8.493589 8.547398 8.600038 8.653286 8.708317 8.760906 8.815290 9.049797 9.261956 9.369070 9.422616 9.476664 9.591459 9.702490 9.758384 9.824979 9.947506 10.022842 10.101982 10.153992 10.206698 10.258939 10.314782 10.369493 10.421654 10.605011 10.869916 10.924609 10.976605 11.033968 11.089036 11.143997 11.202098 11.253796 11.468192 11.519670 11.798225 11.850543 11.965286 12.076023 12.146269 12.272316 12.330848 12.382500 12.444048 12.497472 12.549141 12.720913 12.776394 12.959146 13.018827 13.397661 13.448801 13.706179 13.820712 13.872591 14.028569 14.081939 14.135608 14.190948 14.253347 14.332037 14.382885 14.435610 14.802764 14.856192 14.906783 14.959146 15.222932 15.375117 15.478096 15.535434 15.587464 15.693976 15.954546 16.005446 16.058128 16.112228 16.164859 16.216089 16.375437 16.426520 16.477351 16.528274 16.685062 16.737919 16.788432 16.839084 17.001143 17.052318 17.102626 17.258507 17.421119 17.471337 17.575175 17.627554 17.836826 17.890638 17.943106 17.993445 18.045321 18.097929 18.148438 18.373919 18.442912 18.495659 18.548064 18.602259 18.654796 18.704954 18.755811 18.859073 18.910668 19.062577 19.168458 19.219229 19.272845 19.374122 19.426015 19.475843 19.632957 19.686545 19.745060 19.871669 20.139495 20.188953 20.239649 20.293892 20.394589 20.444488 20.495337 20.546190 20.700537 20.750924 20.801179 20.851702 20.904688 20.959530 21.012024 21.064658 21.114376 21.336707 21.488176 21.538102 21.588949 21.639497 21.689538 21.740522 21.789645 21.839411 22.041824 22.191046 22.411224 22.461166 22.561747 22.611011 22.808650 22.860353 22.910534 22.959708 23.009940 23.060753 23.159793 23.213476 23.267424 23.423394 23.490285 23.539649 23.589309 23.638655 23.696823 23.746874 23.797802 23.847157 23.896573 24.000885 24.208185 24.306162 24.357631 24.409714 24.467671 24.521370 24.578314 24.634571 24.794251 24.872736 24.931794 24.981627 25.113413 25.162959 25.224049 25.275757 25.326168 25.635510 25.689840 25.960163 26.011881 26.171850 26.220397 26.270307 26.338070 26.512077 26.560750 26.610160 26.664058 26.713073 26.879880 26.983612 27.095349 27.169717 27.246864 27.407680 27.471680 27.520484 27.569218 27.635172 27.749890 27.832103 27.887596 27.936819 28.058711 28.380670 28.430260 28.629751 28.677772 28.775836 28.830064 28.888546 28.951961 29.066415 29.188832 29.294889 29.345000 29.414097
Elapsed_time: 29.414097
Score: 210493.908483
301
430447.110619 423783.344534 357065.601926 327031.789296 326634.093380 326046.549204 325652.746785 324602.332286 324588.500473 324224.843894 324218.479279 324117.960041 323971.400974 323367.410172 323093.028923 322760.907485 322476.522057 322388.115546 322233.103040 322183.471419 322167.768803 321982.653058 321801.614355 321515.704533 321355.776732 321068.912014 321022.719152 319818.427644 319426.150073 316234.000689 315016.085456 315007.094476 313831.923732 312819.907669 311990.276891 311818.544987 311779.771800 311681.809611 311638.162225 311577.909515 311503.429289 311337.947351 310984.645954 310730.578376 309959.321064 309892.273591 309406.144100 308871.797549 308759.629247 308098.363729 307589.357393 307581.826061 307357.926051 307300.080901 307189.502084 306688.205935 305909.496846 305692.068450 305587.825520 305557.615756 305469.237361 305368.670657 305329.347801 305261.271252 304954.867152 304749.433416 304715.164929 304341.213786 304067.038072 303982.865524 303818.458698 303667.457536 303648.408234 303564.411452 303218.577890 302614.174501 301815.358098 300910.380405 299748.752793 296423.852300 295807.226529 295479.791586 295213.620062 295116.002247 294816.882511 294465.067449 294087.117931 293964.732518 293665.406633 293397.746507 293358.135470 293319.165309 293310.201322 292968.286230 292532.982078 292476.972663 292466.065424 292256.109011 292096.661291 291792.567961 291336.835409 291075.839328 290191.220281 287285.178655 285807.232870 284359.450755 283290.941051 281970.441415 281417.555539 280893.125548 280558.304114 279861.537552 279787.932789 279649.823479 279620.175219 279308.166241 279015.628332 278494.276055 278379.387628 278311.867370 277828.746395 277356.260317 276939.742384 276687.026661 276289.186066 274984.298526 274870.601664 274850.674180 274790.043423 274782.914247 274736.796040 274460.011241 274239.617517 273886.090181 273344.088211 273299.129252 273263.964461 271317.793280 269391.253940 269054.985344 268984.059968 268728.219477 268612.258032 268394.946337 268132.552180 268017.571684 267842.755246 267823.386953 267613.900396 267163.147571 264646.950109 264209.629210 263988.747435 263790.589908 263623.407344 263622.582947 263500.913291 263059.922585 262819.681659 261422.315717 259253.239176 258339.861250 257575.737011 256330.322947 255997.565852 255891.985543 255675.329405 255568.200745 255305.324265 255072.266313 255020.600632 254696.453454 254656.834434 254615.448873 254585.720928 254454.716387 254263.920276 253959.255723 253546.245872 253542.007227 253341.098894 253233.050929 252897.431170 252677.642445 251969.046503 251526.645229 250776.894050 250289.253177 249689.437993 249185.813523 248628.089856 248392.167475 247941.576712 247777.539644 247714.040754 247530.208165 247214.942713 247177.283570 246817.032441 246324.378566 245836.759387 245609.627115 245230.346313 244969.698937 244787.625861 244771.542735 244720.065414 244706.663092 244577.065505 244502.197661 244410.659489 243963.075874 243168.640343 241886.182753 241781.146823 241303.082474 240997.373519 240633.889421 240500.680118 240445.173399 240193.791298 240035.044410 239816.273214 239375.854384 239189.754785 239167.024041 239101.608214 238874.566605 238801.165135 238561.377328 238094.206010 237212.604012 237183.509438 236008.370836 235231.025245 234955.576605 234385.847393 234101.058674 234079.765970 233756.520995 233587.706736 233576.998910 233549.932030 233415.325839 233223.689486 232803.171783 232273.910723 230647.027392 230567.848565 230294.705417 230147.440039 229657.050227 228801.300732 225757.660388 225386.013143 225331.257848 225094.285504 225018.994580 224961.746941 224894.339542 224798.736930 224618.905453 224512.851942 224162.696431 223991.098288 222810.898686 222670.979160 222652.998950 221713.578621 221425.690708 221063.985828 220988.151285 220958.969918 220899.690456 220832.774196 220754.503404 220611.412793 220566.699690 220535.608106 220476.972317 220000.068415 219964.000085 219729.161975 219719.530327 219547.717117 219389.087296 219269.513781 219101.268369 218716.057273 218358.322128 217516.692727 216795.314794 216316.638293 215830.433878 215772.814863 215725.040942 215478.916452 215320.922031 214938.554593 214895.221252 214479.155981
1.826397 2.167721 2.243200 2.502411 2.563515 2.800116 2.854394 2.907526 3.103284 3.156966 3.210862 3.455433 3.521359 3.643902 3.963239 4.028739 4.257127 4.440525 4.660394 4.885659 5.050064 5.111822 5.168273 5.235084 5.294770 5.411389 5.603294 5.713698 5.847252 5.910577 5.969257 6.289582 6.343650 6.398746 6.459568 6.515186 6.741658 6.800455 7.196376 7.250498 7.303207 7.357299 7.416846 7.470924 7.528311 7.731927 7.785867 7.915675 7.969782 8.024622 8.086438 8.197544 8.255201 8.482123 8.538206 8.651435 8.705199 8.922363 8.978715 9.033841 9.090833 9.146753 9.269328 9.380125 9.432977 9.538932 9.601997 9.717133 9.784914 9.853741 9.908891 9.966190 10.309903 10.384268 10.437047 10.490692 10.543499 10.605682 10.673185 10.731401 10.786860 10.853106 10.907269 10.961016 11.019539 11.072471 11.124627 11.231479 11.284453 11.459619 11.574295 11.686851 11.865773 11.919410 11.976083 12.137463 12.301467 12.354419 12.407280 12.461843 12.515296 12.677655 12.729775 12.782510 12.896154 12.948508 13.001060 13.054949 13.109783 13.161530 13.213166 13.423703 13.646071 13.722314 13.942808 13.995654 14.323148 14.375172 14.427238 14.531937 14.590924 14.645953 14.702886 14.755395 14.808025 14.924131 15.026672 15.187131 15.243678 15.349952 15.401183 15.454235 15.507057 15.564871 15.617809 15.672330 15.997209 16.155281 16.363490 16.418243 16.571115 16.623367 16.729561 16.780481 16.832141 16.934879 16.995913 17.067523 17.119530 17.170777 17.222071 17.325020 17.539346 17.592954 17.702897 17.816710 17.869327 17.922267 17.975305 18.030352 18.081657 18.134341 18.188637 18.242571 18.398981 18.762145 18.813183 18.920392 18.973454 19.127206 19.334157 19.385449 19.437239 19.698912 19.749948 19.801840 19.857506 19.908915 20.062526 20.226497 20.284727 20.339079 20.390466 20.445890 20.496817 20.547254 20.597415 20.656168 20.707028 20.757580 20.808006 20.858551 20.909967 20.960451 21.012407 21.063578 21.116805 21.168809 21.220795 21.378438 21.428805 21.587761 21.647122 21.747444 21.939779 22.041597 22.141533 22.243540 22.294528 22.346368 22.396981 22.447098 22.501783 22.563394 22.725610 22.828553 22.880948 22.930703 22.982710 23.090177 23.201006 23.251647 23.403621 23.453336 23.553056 23.753312 23.803457 23.903858 23.954170 24.004177 24.054637 24.156720 24.513129 24.734853 24.785628 24.886259 24.937487 24.987079 25.142453 25.191843 25.294234 25.599438 25.700979 25.751374 25.801430 25.852239 25.904011 25.953748 26.103887 26.153182 26.259737 26.309057 26.358911 26.408651 26.506931 26.756908 26.806477 27.032824 27.131337 27.185139 27.233842 27.283686 27.437275 27.487041 27.585083 27.634628 27.683823 27.782128 27.881371 27.930038 27.978735 28.027538 28.225585 28.274445 28.376719 28.522612 28.671269 28.768658 28.974445 29.025224 29.074170 29.224278 29.272947 29.321549 29.371208 29.420314 29.468967 29.519477 29.568440 29.617224 29.669584 29.720538 29.769815 29.821234 29.922636 30.119585 30.216493 30.265916 30.365264 30.562038 30.611228
Elapsed_time: 30.611228
Score: 214479.155981
