5
301
136314.570854 127588.943226 122703.358750 119774.146155 116624.618050 107402.906896 98755.465547 72907.640550 29117.224879 26854.752624 21425.306331 16097.768990 15598.594693 15437.372885 15317.672074 15011.669279 14758.867151 14643.933375 14586.717810 14477.012410 14407.410443 14309.836890 14254.935192 14145.715177 14014.029511 13922.795868 13863.985589 13767.507395 13686.580148 13601.895717 13599.091372 13581.607005 13329.521013 13196.159626 13140.508444 13108.554526 13098.498938 13028.095156 12989.497089 12915.270581 12861.189167 12731.894976 12656.624345 12533.545573 12432.349014 12407.636930 12356.160993 12249.125575 12087.907094 11980.830706 11572.535387 11519.330365 11516.169883 11487.039146 11436.761455 11286.294885 11265.586181 11256.007594 11239.161515 11060.942415 11035.061448 11033.332670 10915.112275 10635.497705 10562.277911 10443.675026 10441.094761 10403.908756 10385.840908 10332.079483 10220.109395 10203.669446 10188.813723 10157.571826 10091.169781 10082.039814 10035.437461 10006.908813 9995.513473 9994.632176 9965.155987 9956.049722 9898.846551 9848.055385 9768.448488 9642.804227 9631.183429 9588.078430 9507.470624 9432.180239 9424.732920 9401.553591 9361.190781 9269.535043 9126.029661 9116.518175 8881.800933 8775.873876 8764.392880 8756.025952 8678.687084 8665.710991 8642.526972 8568.139871 8466.909341 8372.529776 8348.499846 8323.017175 8312.975616 8268.207722 8243.184858 8171.855722 8083.336517 8082.685041 8071.003112 8049.088078 8022.868957 8011.353439 7924.309327 7814.174083 7720.099834 7700.957000 7672.028605 7653.594239 7588.079333 7530.607285 7453.365569 7346.386812 7213.878509 7212.130961 7207.864631 7177.017679 7082.951198 6973.743757 6967.948032 6945.009052 6909.369312 6881.108285 6796.516461 6740.215570 6731.386345 6694.754123 6688.019133 6647.636539 6610.205141 6560.617869 6490.713228 6450.703679 6407.856495 6365.178570 6323.042732 6315.329586 6281.925241 6215.611874 6038.801488 5991.565404 5959.491564 5927.817016 5904.423819 5880.915661 5860.275496 5846.133000 5816.655210 5778.584153 5690.173051 5613.959738 5589.703221 5569.407402 5545.048007 5448.741290 5377.253407 5317.156146 5275.769031 5200.672961 5099.915337 5038.301570 4996.178570 4971.990142 4930.354532 4879.449639 4782.184836 4719.764517 4687.231677 4618.701942 4503.478911 4492.569378 4488.382054 4404.934997 4369.890881 4336.565123 4293.651740 4210.964134 4197.502403 4157.877003 4104.271764 4039.845231 3981.763246 3855.330324 3846.345241 3834.633964 3805.725641 3774.586752 3710.419940 3650.843537 3612.112207 3552.573483 3528.467202 3440.510682 3427.795963 3386.233105 3325.403637 3262.014376 3251.852035 3227.403890 3222.417959 3204.719066 3185.507558 3136.309769 3090.975219 3064.325521 3037.973833 3007.549480 2964.281711 2911.370769 2908.406384 2886.596482 2866.316289 2844.007934 2820.672439 2794.900693 2760.632787 2728.697621 2689.159122 2663.561275 2639.376179 2607.140180 2583.756579 2566.014228 2543.692090 2521.585528 2503.878233 2477.783496 2440.606060 2413.437241 2400.363606 2391.406079 2385.575829 2382.892183 2377.548426 2358.494677 2318.712938 2296.857564 2294.989677 2294.061875 2269.816908 2246.680322 2233.445547 2213.256735 2179.892407 2159.980869 2144.141694 2130.041034 2108.039324 2078.469396 2059.490637 2044.841382 2016.385051 2001.278233 1982.516126 1955.124617 1927.350712 1920.855858 1898.119841 1869.706944 1847.275145 1827.122076 1801.299843 1778.615066 1773.880695 1768.678163 1757.000873 1743.201818 1730.642006 1718.244317 1701.158084 1699.734788 1692.345694 1681.644263 1668.081370 1655.845444 1644.860383 1623.377216 1619.522672 1604.904116 1578.067714 1569.631259 1558.602866 1555.505007 1544.568564 1541.632221 1520.587556
0.000017 0.001951 0.002928 0.003864 0.004790 0.005699 0.006705 0.007597 0.008696 0.009794 0.010708 0.011550 0.012399 0.013280 0.014429 0.015608 0.016734 0.017901 0.019204 0.020582 0.021938 0.023268 0.024598 0.025889 0.027219 0.028602 0.029881 0.032504 0.036427 0.039523 0.043898 0.046539 0.047375 0.050034 0.050888 0.052615 0.055143 0.055974 0.056809 0.057687 0.058526 0.061174 0.062052 0.063839 0.064726 0.068095 0.069854 0.071553 0.073350 0.079448 0.080315 0.083727 0.086247 0.087072 0.088861 0.089835 0.090706 0.091583 0.094305 0.096843 0.098562 0.102805 0.104023 0.109515 0.110634 0.111743 0.112790 0.115610 0.116423 0.117242 0.118920 0.125304 0.126110 0.126927 0.127729 0.129494 0.130332 0.132792 0.135262 0.136119 0.136923 0.138719 0.139561 0.140366 0.141184 0.142034 0.146419 0.148770 0.149618 0.150454 0.152893 0.154499 0.155290 0.156098 0.157721 0.158533 0.159371 0.160173 0.161780 0.164170 0.165013 0.167385 0.168176 0.168991 0.169776 0.170571 0.174619 0.176164 0.176941 0.177719 0.178502 0.179273 0.180067 0.183282 0.184064 0.184838 0.185618 0.186402 0.187185 0.187978 0.188767 0.191842 0.192628 0.193406 0.194159 0.194908 0.195676 0.196435 0.197223 0.201337 0.202846 0.203587 0.204335 0.205119 0.208129 0.208893 0.209641 0.210369 0.211116 0.211858 0.215665 0.218694 0.220167 0.220906 0.221639 0.222399 0.223885 0.224625 0.225359 0.226843 0.227582 0.230529 0.231286 0.232012 0.232747 0.233487 0.234224 0.234963 0.237163 0.237891 0.238604 0.240059 0.240805 0.241519 0.242249 0.243072 0.244508 0.245962 0.246685 0.247404 0.248129 0.248865 0.249587 0.250284 0.250992 0.251684 0.252391 0.253083 0.253783 0.254485 0.255172 0.255856 0.257253 0.257937 0.258624 0.262018 0.263386 0.264060 0.264946 0.265781 0.266660 0.267652 0.269328 0.270143 0.271165 0.272200 0.273136 0.274462 0.277099 0.278580 0.279222 0.279875 0.280543 0.281192 0.281875 0.282534 0.283169 0.283820 0.285090 0.285731 0.286358 0.286998 0.289006 0.289662 0.290967 0.291613 0.292268 0.292901 0.294156 0.294776 0.295385 0.296008 0.296624 0.297229 0.297859 0.298474 0.299113 0.299737 0.300358 0.300974 0.301583 0.302203 0.302864 0.304092 0.304722 0.305325 0.305939 0.306541 0.307143 0.307756 0.308387 0.309033 0.309631 0.310431 0.311278 0.312057 0.313252 0.316597 0.317435 0.318288 0.319114 0.319855 0.321282 0.323273 0.323946 0.324581 0.325199 0.326428 0.327034 0.327662 0.328274 0.328883 0.330630 0.331239 0.331822 0.332419 0.333056 0.334257 0.334854 0.335436 0.336023 0.337200 0.337765 0.338399 0.338996 0.339573 0.340145 0.340750 0.341867 0.342441 0.343001 0.344132 0.344744 0.345303 0.345858 0.347645 0.348223 0.348806 0.349381 0.349953 0.350514 0.351077 0.352771 0.353343 0.353909 0.354476 0.355028 0.355581 0.356152 0.356715 0.357270
Elapsed_time: 0.357270
Score: 1520.587556
301
133636.595350 127200.229664 122706.162216 120256.179860 119008.438509 108874.936087 83503.153954 51536.484547 35229.816644 31156.267236 26786.400111 21583.222097 16505.890353 14727.655460 14597.601373 14459.321132 14242.701040 14093.756341 13848.955646 13198.507902 12774.683931 12315.634601 12260.983592 12112.963988 11995.835592 11987.739177 11860.685109 11755.208226 11485.172262 11336.833184 11106.098643 11038.059911 10947.301063 10897.331390 10876.572618 10869.987353 10768.284790 10552.730219 10509.895412 10467.023249 10398.383582 10264.151449 10144.433234 9900.425436 9513.742950 9338.792908 9334.034804 9330.659577 9005.937952 8936.899691 8926.505061 8907.212628 8830.639632 8780.274434 8635.358755 8527.362977 8489.816432 8311.531522 8131.624483 8119.229927 8050.417043 8003.813451 7929.962145 7849.066463 7835.464279 7776.134678 7776.026149 7738.537291 7699.774191 7685.270965 7673.440160 7480.401442 7471.662098 7410.925952 7380.368521 7340.773609 7258.525279 7223.376629 7211.191669 7161.195356 7088.584522 6940.111955 6905.131091 6841.742088 6763.922028 6752.016965 6683.262135 6633.814786 6594.004094 6531.954923 6470.033992 6372.308768 6268.439522 6245.623056 6177.057868 6073.230415 5962.480789 5885.795219 5825.834126 5798.183974 5745.637470 5617.851554 5521.519244 5512.187981 5464.217133 5439.435060 5428.238567 5406.254367 5347.872435 5345.872858 5303.400525 5263.281319 5249.183146 5175.555411 5123.728368 5107.558310 5091.761913 5089.702830 5086.669461 5069.052276 5027.385220 4998.395028 4966.226807 4934.251006 4929.827196 4916.334330 4890.320146 4833.844054 4800.613188 4792.080799 4744.559926 4703.356405 4657.024863 4574.976132 4517.371878 4503.044374 4494.978578 4474.059686 4429.825540 4404.935405 4387.799667 4334.161133 4251.171735 4162.992633 4073.279195 4035.924922 4028.488165 3997.662554 3988.369205 3966.703079 3922.087011 3891.922364 3889.469812 3862.456239 3823.559757 3738.295531 3670.582771 3657.185684 3637.406872 3633.527901 3596.820493 3563.472588 3554.663587 3474.622181 3391.335180 3331.574302 3289.099762 3235.797765 3187.406124 3172.444201 3151.942726 3131.381540 3059.027944 3054.443595 3025.700126 2991.736676 2920.463142 2899.762468 2882.900774 2867.575035 2810.481239 2770.944550 2725.698958 2665.845626 2625.977842 2591.033961 2566.160452 2540.042865 2483.293855 2435.535970 2423.263850 2402.961548 2374.665588 2333.176466 2324.415081 2287.410434 2262.794621 2220.937446 2218.711470 2197.446151 2182.809642 2143.228364 2123.354826 2105.483579 2065.076010 2017.254526 1979.088857 1942.131673 1937.628842 1905.351836 1880.723255 1854.590934 1831.593054 1823.557147 1821.761027 1806.946648 1786.418789 1757.627499 1743.260624 1733.257832 1723.310385 1692.920185 1674.545133 1653.283942 1641.961602 1618.088282 1593.313000 1576.033194 1557.635483 1542.394538 1524.847617 1516.976326 1508.667428 1489.897010 1485.048536 1472.736195 1459.509327 1442.228390 1433.944569 1425.182960 1410.552912 1406.763013 1393.403157 1378.135342 1365.910263 1354.761190 1344.003536 1330.419716 1320.526143 1311.146792 1302.516641 1292.268238 1290.591597 1284.818129 1277.148595 1268.943595 1260.897713 1252.508962 1243.277196 1236.478271 1230.650299 1221.871992 1213.582701 1211.710766 1206.225470 1202.009602 1196.704383 1190.190816 1184.732455 1177.132918 1169.930542 1163.792501 1158.138256 1150.849931 1140.978198 1136.688340 1134.919340 1131.931653 1126.225608 1122.535771 1118.555853 1112.990837 1105.622425 1100.804097 1097.205967 1093.748975 1089.827592 1085.409644 1082.252130 1077.783029 1071.614186 1068.521661 1065.585847 1062.447480 1059.587737 1056.060176 1051.216114 1047.542118 1044.233763 1042.739083 1038.793265
0.000019 0.001860 0.002744 0.003635 0.004524 0.005430 0.006316 0.007200 0.008085 0.009062 0.010030 0.010934 0.011810 0.012710 0.013577 0.014450 0.015317 0.020503 0.024937 0.025905 0.026976 0.030299 0.034006 0.034851 0.035693 0.038255 0.039104 0.039964 0.040850 0.043361 0.044217 0.045897 0.046735 0.049993 0.054229 0.058357 0.059178 0.060860 0.061693 0.063344 0.064194 0.065004 0.066674 0.067512 0.068338 0.071505 0.072337 0.075652 0.077285 0.078065 0.082233 0.083106 0.083965 0.084904 0.085931 0.087043 0.091472 0.092425 0.093335 0.096605 0.097449 0.098234 0.099137 0.100902 0.104067 0.105098 0.106071 0.107108 0.108230 0.109377 0.110505 0.111632 0.116183 0.117333 0.118489 0.119549 0.120644 0.124047 0.126259 0.127360 0.128480 0.129614 0.131836 0.132973 0.133976 0.135832 0.136694 0.137474 0.138388 0.139220 0.139989 0.140764 0.141599 0.144588 0.145672 0.146710 0.147778 0.148793 0.149828 0.150802 0.151793 0.152851 0.153906 0.154952 0.157013 0.158112 0.160188 0.161095 0.161973 0.165039 0.165757 0.166448 0.167161 0.167870 0.168565 0.169997 0.170695 0.172087 0.174179 0.174883 0.175581 0.176963 0.177652 0.179287 0.181395 0.182084 0.182777 0.183460 0.184162 0.185530 0.186220 0.186907 0.187649 0.188505 0.189353 0.190240 0.191034 0.194851 0.195554 0.196915 0.197668 0.198435 0.199136 0.199844 0.200530 0.201240 0.203428 0.204237 0.207011 0.207895 0.208781 0.209647 0.211841 0.212516 0.213191 0.213841 0.214504 0.215784 0.216457 0.217101 0.217736 0.218401 0.219690 0.220342 0.220988 0.221627 0.222898 0.223546 0.224195 0.224852 0.225484 0.226129 0.226772 0.228979 0.229643 0.230289 0.230921 0.231552 0.232172 0.232861 0.233490 0.234120 0.234750 0.235366 0.236622 0.237281 0.237978 0.238778 0.239656 0.240512 0.243063 0.243890 0.244686 0.245441 0.246864 0.247502 0.248142 0.248794 0.249422 0.250045 0.250658 0.251293 0.251960 0.252679 0.253440 0.254283 0.255091 0.255895 0.256725 0.257527 0.258356 0.259121 0.259868 0.260601 0.262626 0.263314 0.263945 0.264525 0.266246 0.266850 0.267428 0.268132 0.268852 0.269522 0.270188 0.270823 0.271422 0.272021 0.272583 0.273713 0.274281 0.275387 0.275952 0.276500 0.277055 0.277622 0.278166 0.278765 0.279325 0.279870 0.280438 0.281001 0.281566 0.282115 0.282673 0.283222 0.283779 0.284319 0.284903 0.285502 0.286129 0.286808 0.287506 0.288224 0.288966 0.289727 0.290474 0.291201 0.291987 0.292815 0.293560 0.294317 0.295085 0.296604 0.297403 0.298144 0.298853 0.299591 0.300233 0.300854 0.301485 0.302078 0.302640 0.303196 0.303739 0.304274 0.305371 0.305928 0.306470 0.307033 0.307570 0.308111 0.308671 0.309221 0.309754 0.310293 0.310830 0.311378 0.311925 0.312459 0.313011 0.313552 0.314092 0.314636 0.315185 0.315730 0.316282 0.316821 0.317371 0.317952 0.318490
Elapsed_time: 0.318490
Score: 1038.793265
301
128937.433137 122397.508433 119754.566385 117400.595485 113402.667316 98964.216773 70124.797029 42440.518178 34785.957308 30705.270105 22064.628214 16509.942675 15246.842643 14397.999775 14282.662025 14141.016400 13906.725920 13799.415469 13660.895581 12479.326735 12426.718306 12413.407952 12186.313234 12047.071035 12021.211116 11983.772562 11893.821449 11765.867007 11497.845509 11065.920371 10837.812472 10798.219462 10795.855879 10764.501054 10715.589214 10564.913869 10424.153075 10410.643280 10376.188385 10351.741344 10247.789818 10202.100083 10123.238858 10067.340797 10000.989374 9949.711817 9915.030813 9882.113350 9864.599162 9847.421409 9730.058407 9675.010771 9425.873451 9367.228125 9326.548427 9255.803018 9145.019447 9103.322717 8972.477192 8839.075563 8819.218777 8813.387515 8772.525082 8758.943935 8633.481129 8614.428499 8453.032583 8421.426399 8361.652598 8254.241686 8247.227016 8179.453825 8080.919480 8002.931379 7969.214328 7938.154229 7827.694302 7655.160568 7638.159607 7460.206878 7437.198141 7429.699939 7391.966194 7378.593376 7276.170415 7257.803336 7254.660922 7235.609479 7190.501906 7173.173282 7085.587502 7009.312416 6911.076128 6824.753772 6682.600790 6625.578736 6615.350959 6554.539954 6537.092626 6513.855470 6474.883112 6458.450904 6433.164786 6392.006830 6323.931614 6162.632667 6130.868923 6102.524934 6064.596879 6020.383014 5938.970457 5860.122341 5837.963872 5836.380212 5815.532750 5803.386662 5771.535217 5692.050465 5668.295529 5620.125416 5541.665514 5508.165378 5498.145037 5481.618257 5410.344607 5393.563389 5384.215267 5355.828866 5352.413438 5327.900596 5273.057656 5203.598976 5126.878247 5106.346979 5093.106227 5061.842602 5049.354048 5029.517383 5010.968469 4985.359145 4966.998047 4953.868758 4923.374575 4861.202610 4777.818264 4766.652134 4734.253373 4730.728829 4723.358128 4707.988780 4657.811874 4609.911914 4573.540339 4572.194815 4530.789287 4496.861240 4428.528890 4388.014219 4373.510167 4312.879184 4311.991475 4277.726353 4233.073426 4177.818000 4144.775996 4112.846131 4068.364856 4066.032706 4040.936092 4023.447650 3993.766477 3944.428632 3878.703371 3862.543784 3833.049582 3800.213025 3759.817633 3733.339428 3688.316606 3671.944142 3647.788824 3606.768805 3567.081251 3539.411898 3513.481712 3489.325290 3481.229074 3473.160710 3451.611292 3445.998877 3441.448300 3422.201456 3413.351817 3397.007766 3381.392315 3333.154650 3289.285998 3285.325864 3259.447793 3232.782246 3204.975811 3200.677904 3186.464555 3147.207349 3125.264132 3084.250427 3040.558908 2998.088552 2973.886410 2961.833448 2935.222995 2917.764653 2916.381653 2884.466795 2873.229610 2853.835712 2829.166161 2795.560169 2790.679892 2781.462155 2729.934352 2698.202486 2656.840252 2635.057785 2628.507381 2619.798955 2613.547109 2601.718471 2596.748334 2562.699456 2541.391423 2499.694984 2490.276340 2474.699941 2455.959153 2421.058435 2404.895623 2390.712195 2387.555576 2380.655404 2368.545919 2351.695449 2300.516526 2274.379732 2235.052614 2211.406194 2204.982447 2185.118867 2174.706743 2161.694700 2148.495839 2141.484707 2128.847864 2116.466230 2093.174548 2091.122219 2071.275539 2056.991886 2044.149568 2033.223874 2021.996088 2013.033004 1997.535162 1979.567923 1962.799063 1948.624968 1933.183971 1912.129732 1898.984458 1882.512990 1864.450879 1848.736109 1829.284296 1809.762493 1788.774989 1764.240206 1739.412834 1736.353864 1708.048337 1687.696158 1658.961235 1643.632418 1638.556809 1617.610495 1594.364167 1562.236405 1559.523159 1543.378454 1521.262715 1496.618945 1478.152234 1469.086458 1453.517497 1440.785485 1426.798727 1412.139995 1395.833803 1384.982137 1373.939208 1360.031309 1350.129083
0.000012 0.001874 0.002740 0.003674 0.004633 0.005792 0.006683 0.007572 0.008438 0.009599 0.010459 0.011353 0.012217 0.013152 0.014150 0.015247 0.016414 0.017505 0.018485 0.020511 0.028734 0.035430 0.037548 0.039595 0.042663 0.043598 0.044439 0.046951 0.047795 0.052111 0.053093 0.055387 0.061220 0.062322 0.063366 0.064357 0.066115 0.068411 0.069309 0.073029 0.074440 0.075350 0.077265 0.078928 0.079750 0.080587 0.083865 0.084675 0.086273 0.087196 0.088161 0.090170 0.092234 0.093297 0.094287 0.097539 0.099943 0.103108 0.103928 0.104720 0.105538 0.107142 0.107947 0.108720 0.109524 0.110333 0.111140 0.112708 0.113505 0.116633 0.121406 0.122186 0.122955 0.125370 0.126163 0.126935 0.127698 0.128487 0.130967 0.131764 0.133301 0.137184 0.138722 0.139477 0.140246 0.141057 0.146051 0.147082 0.148127 0.150202 0.151249 0.152184 0.153040 0.153920 0.154690 0.155447 0.157661 0.158407 0.161415 0.162151 0.162874 0.164367 0.165101 0.165824 0.166553 0.167302 0.168736 0.170189 0.170928 0.171644 0.172365 0.173090 0.175246 0.177388 0.178090 0.178824 0.179531 0.180275 0.180997 0.181713 0.182435 0.184090 0.184831 0.185601 0.186305 0.188392 0.191241 0.191981 0.193397 0.194129 0.194831 0.195530 0.196287 0.197107 0.199028 0.199976 0.201829 0.202701 0.203545 0.204384 0.205163 0.206620 0.207323 0.208007 0.208729 0.210105 0.210801 0.213550 0.214227 0.214910 0.215596 0.216289 0.216978 0.218336 0.219087 0.219757 0.220435 0.221118 0.221799 0.222472 0.223824 0.224493 0.225169 0.225839 0.226519 0.227201 0.227877 0.228565 0.229220 0.229893 0.230561 0.231224 0.231885 0.233650 0.234312 0.234960 0.235796 0.237413 0.238067 0.238725 0.239457 0.240129 0.240780 0.241436 0.242069 0.242873 0.243505 0.246104 0.246740 0.248014 0.248656 0.249306 0.250727 0.251429 0.252223 0.252954 0.253683 0.255751 0.256496 0.257855 0.258499 0.259118 0.261849 0.262477 0.263756 0.264375 0.265013 0.265635 0.266262 0.267518 0.268144 0.268783 0.270081 0.270895 0.273554 0.274487 0.275342 0.276187 0.276977 0.278512 0.279213 0.280045 0.280674 0.281310 0.283839 0.284437 0.285043 0.285679 0.287478 0.288097 0.288738 0.289586 0.290239 0.290940 0.291552 0.292176 0.292834 0.294074 0.296632 0.297387 0.297985 0.298578 0.299189 0.300980 0.301624 0.302219 0.302832 0.303485 0.304069 0.304667 0.305291 0.305957 0.306659 0.307358 0.308089 0.308882 0.309696 0.310474 0.311172 0.311849 0.312523 0.313144 0.313946 0.314626 0.315241 0.315866 0.316535 0.317435 0.318219 0.318988 0.319738 0.320461 0.321138 0.321837 0.322502 0.323110 0.323697 0.324293 0.324873 0.325443 0.326010 0.327153 0.327714 0.328283 0.328834 0.329471 0.330101 0.330653 0.331218 0.331771 0.332338 0.332896 0.333518 0.334138 0.334701 0.335301 0.335918 0.336564 0.337283 0.338017 0.338795
Elapsed_time: 0.338795
Score: 1350.129083
301
128743.886913 119711.101539 113294.584487 108674.775606 101768.791394 94510.251098 70572.469510 56703.948599 44439.238797 31955.280784 24810.255121 22664.285188 18155.079433 17051.492914 16848.893151 16690.408169 16353.634167 15579.709975 14425.370966 13768.245275 13112.161369 12739.003634 12734.879199 12718.067050 12651.167496 12608.163724 12446.806826 12192.577739 11913.578174 11511.192817 11002.389345 10871.840847 10861.445307 10824.495240 10823.298107 10821.054934 10722.126907 10700.913887 10664.194520 10618.907809 10574.481872 10546.507230 10542.255484 10486.953600 10411.220220 10290.563290 10210.761950 10192.074724 10171.371621 10153.662348 10114.610936 10069.520181 10027.665130 10018.058303 9921.632899 9801.565326 9771.035973 9678.401767 9661.396742 9658.659933 9628.242397 9601.484188 9590.525189 9552.441699 9534.245468 9512.859503 9333.290733 9282.006993 9083.606191 9032.114083 9022.192874 8940.416934 8930.827728 8922.630161 8883.607100 8802.720352 8730.905671 8525.878164 8442.182510 8299.312916 8151.637951 8089.978680 8032.936147 7969.714279 7952.931191 7910.169537 7896.834784 7829.716652 7820.062590 7800.962535 7760.849702 7730.704741 7705.364306 7704.603836 7693.173284 7692.436725 7667.494690 7617.063139 7548.882514 7455.902361 7313.247857 7098.298862 6984.772172 6963.847103 6921.767049 6888.484903 6747.651661 6706.313939 6693.522011 6673.828654 6558.022125 6275.778357 6254.668614 6231.010767 6202.646691 6138.140376 5975.833429 5851.276327 5799.692125 5790.564832 5747.654563 5706.784839 5673.873443 5594.196238 5477.795223 5462.947527 5369.632635 5324.773262 5296.609703 5235.901720 5183.122893 5152.593496 5123.153941 5116.019761 5035.769521 5000.798424 4920.568039 4871.779321 4854.740707 4813.553680 4754.492063 4723.035224 4709.457228 4697.361460 4645.216513 4602.498907 4510.293395 4505.176831 4493.698465 4448.781741 4437.371096 4426.929693 4380.799166 4305.981006 4178.336808 4173.712879 4126.393585 4077.916694 4045.473989 3970.191332 3922.537388 3914.430653 3852.437131 3852.331059 3851.299162 3836.620822 3791.380511 3745.152405 3728.318255 3726.763367 3666.190473 3609.054208 3603.229685 3602.723903 3601.971126 3587.309790 3539.157985 3512.922071 3499.016244 3461.519288 3429.798590 3340.479333 3312.360669 3308.673183 3236.986724 3214.249760 3179.586723 3148.273630 3126.099308 3083.783919 3040.226919 2979.490532 2931.562718 2925.481172 2912.395515 2901.578115 2866.352082 2845.384262 2803.814763 2799.803785 2798.061460 2768.077668 2753.809388 2721.453626 2690.184996 2685.767702 2665.252651 2656.885346 2655.043042 2647.286316 2636.250837 2618.218478 2603.868168 2567.256823 2531.361435 2502.963025 2467.326822 2448.813980 2418.989359 2397.506121 2362.218897 2322.784095 2288.853411 2281.778848 2271.651726 2256.100537 2229.905380 2194.588059 2152.112786 2118.330531 2096.760438 2087.893975 2083.147704 2065.312137 2038.885032 2015.007198 2000.354665 1949.638981 1924.454083 1899.968830 1873.080799 1840.977853 1819.085254 1800.011775 1774.387275 1751.193691 1726.772416 1684.082097 1656.596563 1620.150516 1578.754199 1569.277186 1547.598195 1530.101611 1509.611405 1485.251510 1475.431914 1465.296432 1444.777096 1438.677100 1421.841778 1403.096267 1382.050523 1365.004145 1348.543705 1337.716866 1325.249024 1307.191475 1302.594944 1289.283722 1283.373018 1273.295242 1263.183771 1261.302585 1251.550522 1245.161758 1238.720158 1231.482177 1228.520311 1226.192306 1220.090623 1212.911412 1206.295491 1198.989538 1189.685705 1180.564813 1179.533309 1169.648094 1160.791426 1153.977694 1147.197986 1140.158534 1133.354842 1127.617033 1121.954613 1119.066935 1117.103783 1114.856271 1113.134476 1109.202859 1104.392779
0.000016 0.002156 0.003101 0.004004 0.004883 0.005792 0.006672 0.007547 0.008418 0.009294 0.010147 0.010986 0.011860 0.012712 0.013578 0.014405 0.015265 0.016130 0.019580 0.020447 0.021329 0.022204 0.024802 0.027406 0.028284 0.029282 0.030137 0.030999 0.031849 0.032720 0.033595 0.036975 0.039411 0.040257 0.042741 0.047039 0.047876 0.048688 0.049922 0.051014 0.052012 0.052970 0.055719 0.056594 0.057601 0.058494 0.059336 0.060386 0.063074 0.067729 0.069044 0.069933 0.072558 0.073829 0.077281 0.080811 0.082480 0.083370 0.085047 0.086813 0.087622 0.088443 0.090945 0.091763 0.093377 0.094187 0.096616 0.099428 0.101959 0.102777 0.106790 0.107586 0.109146 0.110039 0.110906 0.111682 0.112462 0.113259 0.114130 0.114947 0.115731 0.117490 0.118465 0.119500 0.121378 0.122385 0.125137 0.125958 0.129084 0.129847 0.130625 0.131393 0.132935 0.133719 0.135247 0.136790 0.137556 0.138326 0.139164 0.139960 0.140744 0.141546 0.143866 0.146157 0.146928 0.147721 0.148561 0.149534 0.152091 0.153111 0.154074 0.154951 0.158100 0.158855 0.159786 0.160524 0.161241 0.161991 0.162763 0.165306 0.166100 0.167597 0.168324 0.169024 0.169928 0.170722 0.171453 0.172171 0.172886 0.173694 0.174484 0.175343 0.176149 0.176904 0.177661 0.178350 0.179034 0.179741 0.181848 0.182533 0.185923 0.187297 0.187968 0.188656 0.189461 0.190225 0.190900 0.191589 0.193623 0.194319 0.196343 0.197766 0.198557 0.199359 0.200189 0.201745 0.202471 0.203231 0.203891 0.204563 0.205247 0.205901 0.206586 0.207917 0.210766 0.211468 0.212296 0.213190 0.214028 0.214689 0.215345 0.215978 0.216653 0.220132 0.221666 0.223044 0.223696 0.224348 0.225014 0.225663 0.226308 0.226939 0.227585 0.230143 0.230780 0.232061 0.232685 0.233322 0.234000 0.234618 0.235281 0.235904 0.236516 0.238384 0.239070 0.239777 0.240411 0.241668 0.242301 0.242916 0.245641 0.246300 0.246915 0.247556 0.248205 0.250378 0.251203 0.252745 0.254168 0.254831 0.255466 0.256698 0.257307 0.257928 0.258615 0.259874 0.261077 0.262401 0.263302 0.264193 0.265064 0.265921 0.266525 0.267120 0.267841 0.268648 0.269292 0.269888 0.270496 0.271159 0.271775 0.272396 0.272981 0.273571 0.274172 0.274755 0.275336 0.275928 0.276518 0.277108 0.277705 0.278287 0.278917 0.279496 0.280078 0.280660 0.281223 0.281825 0.282404 0.282970 0.283534 0.284111 0.284674 0.285226 0.285796 0.286354 0.286906 0.287487 0.288039 0.288606 0.289215 0.289854 0.290495 0.291068 0.291709 0.292285 0.292848 0.293438 0.295113 0.295655 0.296204 0.296752 0.297310 0.297858 0.298426 0.298996 0.299539 0.300093 0.301190 0.301747 0.302293 0.302849 0.303396 0.303951 0.304494 0.305050 0.305621 0.306159 0.306729 0.307278 0.307826 0.308378 0.308920 0.309554 0.310190 0.310747 0.311315 0.311885 0.312990 0.313549 0.314110
Elapsed_time: 0.314110
Score: 1104.392779
301
128606.660376 121164.085681 119238.782902 114972.445747 98348.259410 70335.238356 41615.732403 26083.031443 24740.497481 19757.964197 15351.971031 14756.307778 14223.802113 14172.283528 14120.525290 13819.071442 13567.831186 13369.385174 13293.586350 13263.573685 13197.877914 13056.301763 12956.512890 12254.191210 12251.525819 12223.269075 12180.558448 12160.007065 12105.373291 12068.767560 11911.484158 11798.520612 11552.786283 11498.011460 11314.171623 11200.589540 11148.940308 11013.239724 10998.577112 10991.939405 10985.924171 10945.741207 10926.684129 10812.072479 10717.917059 10660.714522 10630.455657 10609.884534 10577.344737 10537.058937 10468.657923 10184.521138 10131.484881 10038.038599 10028.532751 9490.974399 9399.852330 9363.599678 9320.470313 9298.648968 9292.463442 9289.224479 9247.317154 9195.058768 9153.423185 9042.808219 8865.397936 8752.521706 8550.557141 8488.529239 8453.535879 8404.930409 8328.824940 8311.423131 8307.314342 8274.335637 8220.956023 8162.906481 8004.685401 7743.379984 7714.123483 7616.134001 7592.442465 7504.703219 7417.886866 7366.896044 7334.412245 7322.955714 7306.115752 7282.582324 7246.205681 7225.057929 7125.696273 7065.069877 7033.180199 6995.459844 6876.086436 6776.015790 6744.755499 6717.559428 6704.604564 6655.336743 6567.820128 6533.738532 6494.457375 6458.271092 6403.999249 6332.710547 6235.013129 6198.461214 6147.188072 6116.256382 6106.434387 6046.597292 6013.843365 5981.631102 5945.736142 5836.146798 5776.847521 5744.218060 5738.216408 5725.538374 5679.674478 5676.344675 5662.026256 5574.796025 5534.801336 5524.856030 5505.511608 5460.214338 5364.799881 5300.671230 5266.113960 5242.304034 5232.048876 5200.439128 5190.310952 5188.417346 5173.409132 5140.202011 5078.878376 4999.439687 4967.545774 4910.303231 4840.488939 4774.830604 4742.447140 4735.709718 4709.716677 4692.830887 4660.402908 4560.794202 4510.287674 4506.471892 4463.486409 4429.498097 4340.695388 4314.504836 4312.519117 4282.029171 4252.616051 4208.455524 4136.007582 4083.361282 4081.630876 4024.436700 3977.797948 3910.138353 3888.629201 3823.635611 3793.294862 3788.534270 3775.326572 3757.879232 3738.862475 3698.837740 3668.579132 3641.232796 3596.290479 3582.434117 3526.669232 3503.774831 3476.491036 3459.342348 3401.782599 3372.223906 3332.590648 3284.873980 3226.324316 3179.590434 3155.445695 3132.774282 3100.289412 3069.146013 3024.816548 2971.154326 2959.489207 2925.952643 2896.402343 2837.105166 2829.844848 2813.968986 2792.214539 2740.359686 2732.167645 2715.301467 2694.790750 2643.967766 2604.039354 2561.290586 2539.591925 2495.066345 2463.515100 2436.367069 2383.509768 2380.219008 2357.396593 2333.909895 2298.016882 2281.516385 2255.146200 2232.343989 2208.974371 2199.302629 2179.488947 2161.085206 2140.713736 2121.765425 2100.969363 2100.096768 2079.892631 2063.673441 2056.265561 2045.519965 2036.866031 2024.279935 2022.760227 2006.430409 1992.140510 1974.051039 1962.973903 1949.079700 1938.751933 1927.021343 1917.033488 1902.230506 1890.666191 1876.322309 1858.927972 1844.190946 1829.686995 1817.509140 1801.133631 1776.593916 1760.438797 1743.830139 1726.476263 1706.764830 1693.241041 1690.969929 1686.038207 1673.003305 1657.140973 1645.761343 1638.232680 1629.345151 1608.787405 1598.660258 1575.893497 1559.704316 1545.920429 1531.124898 1519.626484 1505.088523 1484.816680 1477.973300 1467.744052 1461.436629 1452.902331 1440.886215 1438.637978 1431.070735 1418.653872 1408.171790 1405.337370 1402.231161 1399.779976 1394.628840 1387.417682 1382.506097 1372.453482 1366.900174 1361.129526 1357.332340 1349.765445 1339.171502 1329.173912 1318.547548 1314.413025 1306.346569 1294.618055
0.000013 0.001825 0.002721 0.003608 0.004499 0.005384 0.006267 0.007150 0.007992 0.011393 0.012274 0.013125 0.013959 0.015040 0.016001 0.016898 0.020387 0.021304 0.022169 0.023062 0.023921 0.025647 0.026563 0.028317 0.034608 0.035492 0.036338 0.037255 0.038144 0.039905 0.040748 0.041596 0.046829 0.051031 0.051912 0.052774 0.054510 0.055454 0.058055 0.061376 0.062231 0.063056 0.063871 0.064687 0.065524 0.067571 0.068564 0.073066 0.073923 0.075588 0.076407 0.078885 0.079761 0.080596 0.085614 0.087256 0.088092 0.089733 0.090567 0.092228 0.094654 0.096210 0.096985 0.097782 0.099401 0.100234 0.101026 0.101828 0.102624 0.103427 0.106641 0.108532 0.109406 0.112017 0.114799 0.115660 0.116461 0.117244 0.118833 0.119634 0.121195 0.121983 0.125385 0.126184 0.126989 0.127779 0.128554 0.129394 0.130240 0.130995 0.131733 0.132484 0.133244 0.134040 0.134828 0.135578 0.136335 0.139372 0.141586 0.142317 0.143063 0.143827 0.144590 0.145337 0.146067 0.147534 0.148259 0.149002 0.149744 0.151938 0.152664 0.153400 0.154863 0.155578 0.156304 0.157017 0.157741 0.158470 0.159211 0.159951 0.160654 0.162061 0.162807 0.165012 0.165738 0.166442 0.167171 0.169286 0.169986 0.170721 0.171433 0.172127 0.172847 0.173544 0.175658 0.176358 0.177059 0.179142 0.179823 0.180537 0.181226 0.181911 0.182615 0.183296 0.183972 0.186007 0.186713 0.188726 0.189432 0.190792 0.191453 0.192133 0.192800 0.194845 0.195536 0.196194 0.196849 0.197528 0.198185 0.198844 0.199509 0.200164 0.200823 0.201473 0.202136 0.202783 0.203445 0.204087 0.205389 0.206052 0.207976 0.210569 0.211237 0.211867 0.212496 0.213141 0.213777 0.214426 0.215078 0.215713 0.216341 0.217609 0.220195 0.221446 0.222082 0.222715 0.223354 0.223993 0.224656 0.225968 0.226604 0.228485 0.229109 0.229737 0.230348 0.230975 0.231579 0.232197 0.232813 0.233420 0.235304 0.236000 0.237095 0.237780 0.239982 0.241093 0.242217 0.243326 0.244280 0.244880 0.245491 0.246092 0.246702 0.247330 0.247929 0.249746 0.250352 0.250951 0.251566 0.252164 0.252776 0.253378 0.253965 0.254590 0.255187 0.255787 0.256384 0.256961 0.257567 0.258142 0.258744 0.259340 0.259940 0.260530 0.261101 0.261688 0.262267 0.262861 0.263435 0.264050 0.264619 0.265209 0.265793 0.266372 0.266959 0.267523 0.268709 0.269293 0.269856 0.270435 0.270998 0.271577 0.272156 0.272735 0.273317 0.273886 0.274494 0.275064 0.275637 0.277357 0.277923 0.278517 0.279081 0.279661 0.280260 0.280830 0.281956 0.282514 0.283085 0.283638 0.284209 0.284778 0.285354 0.285922 0.286478 0.287597 0.288720 0.289292 0.289860 0.290429 0.292116 0.292678 0.293246 0.293815 0.295613 0.296196 0.296751 0.297295 0.297856 0.298410 0.298962 0.299507 0.300075 0.300630 0.301172 0.301730 0.302286 0.302835 0.303933 0.304490 0.305039
Elapsed_time: 0.305039
Score: 1294.618055
