5
301
32583846.080204 31839019.309937 31146539.343578 29958153.978725 26345765.701506 16553729.967797 11395420.638884 8668697.970902 6766315.582557 5056879.434283 4161958.646935 3378981.822782 2741892.638358 2397406.505068 2103790.617501 2030994.233691 1964175.761230 1960517.714946 1951178.773139 1945898.238259 1944685.062031 1941455.522889 1936421.065909 1935505.056953 1933710.321929 1928940.056314 1914173.084886 1912096.184095 1904883.941261 1889620.054139 1887215.252545 1847099.535828 1839885.456145 1839491.501172 1839349.944518 1837738.876571 1836480.430385 1836080.170820 1834383.828854 1831469.439121 1831307.258676 1831274.081035 1831077.726155 1830615.075020 1830025.509495 1829789.659404 1827980.887462 1826418.586960 1826075.445234 1824953.774203 1824073.480428 1823960.668570 1822943.376928 1821355.974554 1818998.657388 1816791.825012 1815786.052126 1814957.888069 1814153.483947 1813881.625397 1813110.478567 1812777.702887 1812339.340798 1811615.590340 1810673.316359 1808866.574270 1808470.002765 1808251.456839 1807226.244403 1805370.507578 1802695.331613 1800478.764261 1796389.584883 1792679.464505 1792049.216199 1770974.637260 1766397.377323 1766395.357349 1766385.410530 1764603.188341 1763579.243753 1762973.214773 1762514.218994 1762452.516333 1761694.703412 1759676.084814 1759156.402048 1758174.436310 1753042.476575 1752818.260453 1748523.344479 1747811.417446 1746337.124454 1744679.855764 1743397.976391 1739857.002868 1739019.389984 1731113.092962 1729346.093430 1728656.612785 1728382.836925 1727611.414590 1726761.481661 1726374.636348 1726303.528033 1726047.032597 1725437.468055 1724603.188248 1724319.163342 1723271.139717 1722220.303246 1720628.739557 1719366.756302 1717922.354863 1715342.651163 1714580.077621 1713175.968838 1712029.999792 1710970.662227 1710488.452225 1710047.377612 1709572.350462 1709378.118951 1709278.317745 1708873.421369 1708396.473916 1708285.021925 1707956.986669 1707802.049114 1707722.493496 1707410.661832 1706922.144147 1706406.286770 1705321.380629 1705112.753455 1704695.713492 1704349.651269 1704079.649087 1703304.166586 1701820.678852 1701742.620526 1701623.636599 1701307.776092 1701024.463248 1700591.676550 1700069.564558 1698931.070211 1698199.829017 1697912.873286 1697394.423489 1697098.291659 1697019.248512 1696764.500994 1696530.658857 1695863.618184 1694940.140736 1694862.184172 1694718.547499 1694517.461634 1694059.193946 1694027.327964 1693288.775180 1692594.578447 1691858.558538 1691680.506503 1691478.727874 1690745.745978 1690244.084659 1688576.367429 1684369.634508 1681621.963663 1672072.720374 1634932.346360 1634747.274553 1634727.443463 1634180.843859 1634167.578379 1634021.272430 1633941.320394 1633585.022991 1633119.980675 1633074.842229 1632624.132581 1632513.549101 1631270.309410 1630384.547259 1629446.371113 1627708.243961 1626929.488136 1623678.775272 1621841.729414 1617064.637784 1616226.205707 1615928.180181 1614004.506971 1613979.784944 1613960.603668 1613726.832785 1613545.877018 1613368.607639 1613339.153274 1612332.784727 1612090.089947 1611749.052548 1610805.844427 1609555.697655 1608758.946363 1605206.354180 1590569.354604 1571907.870351 1567083.996488 1567042.683405 1567033.390698 1564485.518116 1561916.692838 1561870.796041 1561156.718329 1560786.092183 1560372.487033 1559842.003449 1558997.028238 1558123.719036 1556185.788067 1554594.712059 1553922.249659 1553078.084627 1551707.121905 1551042.139610 1550815.279689 1550519.412560 1550012.992437 1549446.576004 1548728.816020 1547628.183099 1547148.607155 1546574.545248 1545546.687602 1544939.148153 1538452.705784 1537316.642753 1536635.582649 1535875.697164 1535158.427637 1534604.870362 1532655.106000 1526985.213191 1526552.115329 1526550.858326 1525838.522094 1525582.056344 1525060.520402 1524875.735827 1524684.723694 1524274.800157 1523979.122073 1523200.047524 1522327.931617 1519802.691382 1516755.527246 1515504.279597 1515437.668759 1514733.583317 1514389.322689 1514334.490646 1514216.946839 1513627.660195 1513395.322041 1513176.208312 1512962.169090 1512507.704178 1511716.769202 1510755.577605 1509831.442329 1509683.270336 1507875.387880 1506520.317122 1505405.052277 1503885.252906 1493015.908248 1477833.449099 1461079.123830 1461000.208384 1452024.207248 1451471.925131 1451406.721494 1451254.459471 1450860.927308 1450386.771921 1449738.903300 1448786.018456 1447774.531573 1446857.676632 1443588.949603 1441171.204503 1438481.222140 1436824.168608 1435407.746990 1435028.477126 1433786.025117 1432654.402620 1427999.522726
0.000296 0.461083 0.691927 0.920474 1.148344 1.370454 1.595402 1.819232 2.041030 2.258322 2.480704 2.699818 2.919663 3.151311 3.369732 3.589368 3.811553 4.033290 4.254596 4.473297 4.693946 4.915900 5.135485 5.362779 5.584681 6.933865 7.161965 7.831196 8.054685 8.501586 9.184100 9.650172 9.880406 11.236190 11.693432 11.918142 12.161665 12.405467 12.639476 12.903761 14.059608 14.786357 15.027354 15.274231 15.500489 15.974895 16.446448 16.675636 16.905940 17.133517 17.362117 18.071764 18.328201 18.556529 18.783973 19.028939 19.256600 19.516756 19.986107 20.227751 20.470800 20.701231 21.410585 21.634455 21.861848 22.087258 22.543521 22.766919 22.998952 23.230910 24.140449 24.365175 25.073394 25.526319 25.973359 27.554178 27.781895 29.135716 30.500588 30.730226 31.183016 31.408598 31.632627 32.082985 32.306684 32.532765 33.211853 33.664543 33.886133 34.330669 34.556022 34.778815 35.003040 35.227601 35.704571 35.951999 36.177378 36.410329 36.641819 36.875839 37.331643 37.559511 38.241567 38.700233 39.608372 39.837617 40.062430 40.288473 40.742572 40.974363 41.201191 41.427305 41.653019 41.879913 42.108762 42.560648 42.787018 43.014157 43.239598 43.464658 43.690402 44.144891 44.822149 45.049581 45.273507 45.501039 45.952250 46.179587 46.405628 46.862475 47.090521 47.315721 47.541147 47.766269 48.902189 49.130793 49.354450 49.580019 49.807175 50.032145 50.481097 51.161249 51.612510 51.836534 52.060749 52.285525 52.740294 52.965344 53.191388 53.418494 53.644349 54.792149 55.028684 55.251190 55.475313 56.375727 57.501862 57.728058 57.953786 58.181303 59.531481 61.112526 61.561458 62.235509 62.462122 62.689111 62.919519 64.062491 65.201506 65.886628 66.112616 66.567370 67.013681 69.045033 70.402824 71.088705 71.315760 71.991906 72.446373 72.673717 72.904451 73.130635 73.359146 73.809604 74.034753 74.262032 74.488037 74.712486 75.167395 75.399372 75.627146 76.078851 76.754714 77.430236 77.665401 78.792403 79.921760 80.154231 80.833806 81.294407 81.520185 81.752854 82.433332 82.658457 82.885393 83.114141 83.338430 83.794958 84.944524 85.168421 85.840483 86.524404 88.360282 88.591375 89.039378 89.489833 89.712838 89.943839 90.167428 90.620319 91.518794 91.969566 92.197307 92.424309 93.099079 93.327940 93.553989 93.776239 93.997803 94.895992 95.122736 95.348765 95.586207 95.809304 96.037123 96.710781 96.935406 98.743237 98.970067 99.657678 99.882620 100.105196 100.558405 101.014413 101.238037 101.463436 101.685176 102.370090 102.822705 103.051598 103.277630 103.501509 103.951066 104.400543 104.623992 104.850039 105.304078 105.530312 105.752914 105.979587 106.653324 106.878566 107.103536 107.776980 108.001856 108.228443 108.904945 109.133518 109.361830 109.592464 109.818614 110.042645 110.273820 110.726097 110.952437 111.176851 111.401689 111.628453 111.855422 112.084737 112.312195 113.445406 113.669960 113.894024 114.117983 114.345475 114.569284 114.795515 115.023975 115.250344 115.476316 115.702793 115.931582 116.162197 116.402251 116.625482 116.860048 117.093383 117.328295 118.000741 118.223866
Elapsed_time: 118.223866
Score: 1427999.522726
301
32864914.233284 32108180.518123 31393305.195273 30077825.491634 26166627.382325 16890888.166421 11716041.978864 8471075.207916 6403238.379130 5144641.924506 4306927.049925 3334709.340814 2855944.259546 2344861.101981 2078711.992562 1995315.552454 1970717.866986 1966628.371710 1965190.045769 1961094.705106 1953036.286084 1947940.382811 1943525.565537 1925505.086873 1910658.946387 1872267.389650 1854161.929833 1850564.566586 1849271.269033 1849094.413202 1849048.156517 1848880.957793 1848313.939914 1847191.304726 1846380.720519 1845098.029836 1841219.570960 1836174.537519 1834030.282393 1833791.087782 1831723.318829 1830382.334519 1830252.800468 1829874.681779 1829375.952391 1828693.935210 1827668.174920 1826164.548975 1825898.369146 1823791.144040 1823580.073415 1817265.197756 1810519.152226 1804840.853591 1799192.634382 1798467.345674 1787875.353542 1782534.773204 1782378.105101 1781860.997567 1781452.492284 1780960.087369 1780100.167919 1778961.943761 1778024.075672 1777711.257597 1774516.041385 1774221.827303 1773036.252636 1772820.757132 1772605.453619 1772490.795595 1771838.863271 1770738.263198 1769143.957284 1767368.383867 1765241.155367 1763684.773735 1763356.943533 1763257.709850 1763129.703584 1762819.922952 1762356.571797 1761434.400821 1760994.617370 1760324.462901 1759737.210829 1759379.949118 1758920.104534 1758215.199266 1757137.190870 1755721.848154 1754251.131023 1753868.148357 1753357.878106 1753168.646998 1753008.536293 1752709.933154 1751611.963967 1750540.726586 1749556.082468 1748731.594528 1748458.796950 1747929.569654 1747744.515412 1747494.548934 1737276.098012 1737035.502064 1736989.485689 1728892.391104 1704455.541276 1700670.478685 1700254.908200 1699999.006258 1699842.102234 1699652.298893 1699085.133330 1698467.453575 1697676.569653 1697239.864938 1695371.866623 1694905.307019 1692496.608905 1692146.797687 1692126.110954 1691664.815477 1690901.780991 1690041.506217 1689435.998827 1688671.867889 1687113.784369 1686259.390992 1685429.540723 1684673.150761 1684417.560799 1684163.877447 1683569.456712 1682381.994211 1681027.836093 1679489.803547 1678490.647160 1676255.029939 1674143.464590 1672564.435957 1671959.999124 1669180.977960 1668924.749869 1661553.965913 1629178.082138 1629072.601188 1628274.816335 1626461.672657 1626137.781321 1622801.449577 1622242.371359 1620593.987479 1620001.360571 1619938.104993 1619881.463115 1619787.897203 1619702.858127 1619241.231090 1618746.916050 1618119.246937 1617979.386093 1617484.836032 1616935.527223 1616473.900575 1616106.942823 1613887.067462 1612942.964296 1611078.211184 1609604.796419 1608913.100185 1608807.374608 1607497.601432 1606040.757311 1604217.607866 1599429.733587 1597658.234683 1597302.124299 1597267.963001 1596777.902804 1596311.193522 1595727.872781 1595073.845383 1594147.573150 1594001.021763 1593128.365111 1591905.845623 1591869.595663 1591421.458119 1590384.079370 1590294.098968 1589997.466788 1589529.833417 1589391.069501 1589231.872771 1588531.165996 1588033.148592 1587740.078845 1586798.446821 1586292.883992 1585798.555325 1585454.863465 1584488.872006 1584431.307316 1583080.694890 1580182.269231 1580160.202096 1572547.613422 1572206.212479 1571716.614775 1571387.148286 1571025.957824 1570704.584706 1569728.706396 1569016.512898 1568877.950470 1567759.708610 1567482.200710 1566183.515350 1565430.156106 1565081.666531 1564881.927368 1564475.445059 1564238.262531 1563941.204175 1563853.500540 1563558.679253 1563250.419698 1562370.357487 1561733.665634 1560884.084150 1559615.616822 1558842.910316 1557934.385863 1555656.791471 1553674.947126 1553036.882707 1552869.359564 1552294.834076 1551730.462316 1551451.321040 1551173.783584 1550409.570145 1550171.106415 1549606.706683 1549401.198437 1545799.726113 1544213.990766 1544181.438957 1532222.122755 1527438.207241 1527250.758435 1526381.473358 1526348.579028 1526189.338131 1526136.057024 1525854.683433 1525806.869413 1525694.092912 1522380.662914 1522359.213759 1521909.082019 1521631.711595 1521240.911278 1520571.330055 1519194.915107 1517294.699040 1516550.938351 1515131.039080 1512657.963668 1507744.658127 1505043.732858 1491663.377060 1490686.134539 1490587.181730 1485470.060881 1485212.287823 1470720.715492 1468159.584753 1467999.891693 1465581.378502 1465415.922110 1465328.011820 1464900.411376 1464854.030751 1464482.726025 1464017.523161 1462855.721554 1462356.911194 1461953.691505 1461437.092453 1458993.733835 1458879.947876 1458258.663354 1458121.743639 1457588.237064 1457537.373156 1457250.517351
0.000187 0.463629 0.692691 0.924067 1.159682 1.384947 1.607606 1.836713 2.058586 2.289326 2.508599 2.729051 2.960017 3.184221 3.409846 3.641555 3.865176 4.084644 4.305922 4.527373 4.748324 4.971639 5.193106 5.418928 5.658666 5.910331 6.137725 6.362851 7.049525 7.504879 7.974182 8.207152 8.435137 8.668605 9.124574 9.576584 10.032651 10.256889 10.483711 11.391118 11.621628 11.854585 13.010171 13.234958 13.460453 13.686191 13.922857 14.383466 15.762484 15.990197 17.833710 18.063608 18.287759 18.511230 18.747640 19.197281 19.646227 19.877222 20.801013 21.261859 21.724489 21.950085 22.183871 22.409257 22.636925 23.101036 23.329453 23.781895 24.011043 24.467587 24.691638 24.921612 25.160592 25.387156 25.848329 26.075841 26.306036 26.538475 27.225291 27.905872 28.136967 28.363019 28.822715 29.280667 29.747945 29.971221 30.196398 30.425129 30.659336 30.886589 31.124064 31.354700 31.579616 32.036947 32.263968 32.491748 32.717371 32.944058 33.176821 33.407324 33.632192 33.859316 34.084911 34.316151 34.770498 34.997265 35.224808 36.133065 37.495442 38.204780 38.435276 39.123674 39.573724 40.937569 41.161207 41.614818 41.854203 42.079845 42.303672 42.526310 42.753230 42.991285 43.218165 43.684334 44.383028 44.613461 44.840710 45.068340 45.298836 45.532422 45.765651 45.994207 46.232811 46.473270 46.701445 46.926949 47.163656 47.394639 47.632387 47.871235 48.103111 48.331815 48.563303 48.802675 49.031990 49.260591 49.489217 49.724400 50.639780 51.797702 52.255498 52.483296 52.710257 52.937974 53.177450 53.404115 53.860113 54.829319 55.053186 55.500540 55.729554 55.961546 56.187229 56.411738 57.317200 57.551494 57.783674 58.015866 58.248329 58.479339 58.937200 59.160017 59.387156 59.610573 59.840555 60.072841 60.313597 60.575956 60.824168 61.081286 62.048579 62.503750 62.735988 62.970131 63.216946 63.455618 63.681882 63.907541 64.137392 64.365357 64.818658 65.045697 65.275352 65.968163 66.206637 66.445805 67.597024 67.844924 68.121491 68.352478 68.602779 68.833707 69.068040 69.293561 69.519197 70.203454 70.656790 71.797110 72.260679 74.124257 74.803222 75.481362 75.708239 76.383214 76.609014 76.846575 77.070339 77.295406 77.523270 77.752401 77.982095 78.205369 78.444761 79.134102 80.264182 80.492376 80.727847 80.952258 81.628876 81.858965 82.089982 82.317272 82.541118 82.764267 82.991154 83.228136 83.456441 83.680378 83.913449 84.137754 84.365014 84.593345 84.817554 85.273782 85.494909 85.722474 85.949147 86.175814 86.432623 86.894717 87.119651 87.349378 87.574950 87.802202 88.023036 88.476106 89.170149 89.394430 89.844624 90.080252 90.541162 90.771251 91.666238 93.235250 93.458006 93.683631 93.911265 94.134855 94.367087 94.603793 95.050841 95.275356 95.500116 95.722685 95.953659 96.175141 96.621152 98.204397 98.430992 98.657456 99.103699 100.260050 100.708989 100.936850 101.628226 102.820171 103.047822 103.724816 103.952098 104.182463 104.406203 104.631331 104.854625 105.077691 106.237775 106.932424 107.193206 107.434177 107.692794 108.216315 108.457894
Elapsed_time: 108.457894
Score: 1457250.517351
301
32711975.960990 31973764.969249 31249183.984168 30140711.178401 26341363.869072 16721081.239810 11783078.082819 8769736.791200 6803093.657001 5380040.450306 4307261.257362 3460713.642729 2654742.091858 2339844.228862 2183996.817831 2051348.792276 1971365.906170 1966820.074113 1964785.777319 1963371.131109 1954779.965954 1950668.876115 1948896.284553 1946656.300223 1946524.487873 1945623.077150 1945274.635099 1944878.778582 1943983.301857 1943010.234644 1941573.328858 1940572.369815 1939864.619704 1939194.565388 1936487.279274 1903599.612090 1878032.986304 1875301.936855 1875279.522200 1874942.369487 1873242.786289 1873220.101577 1872137.005277 1871404.416203 1871353.513833 1871220.446077 1870711.322118 1870347.535983 1869831.584184 1868436.146488 1867706.712972 1865280.618723 1862355.080526 1859503.479115 1857203.892901 1857026.189852 1855002.801846 1854332.971873 1854067.392945 1853923.088521 1853442.396627 1852909.231236 1851222.974587 1850169.619445 1849331.855126 1846644.052467 1841018.781876 1835305.559712 1834996.748583 1830916.596875 1810209.914805 1802771.468857 1798319.499939 1798020.460501 1797300.901651 1797268.302227 1797233.793013 1797224.136720 1797079.496945 1796821.332486 1795981.961491 1795593.840373 1794148.639818 1793923.828280 1793123.305252 1791858.137307 1791256.071731 1791223.690202 1790671.108507 1789565.492632 1789329.174251 1788209.379825 1787443.848778 1786641.992467 1786364.281168 1785805.961132 1785350.055842 1785064.696495 1784961.332003 1784710.168239 1784393.069211 1782911.508606 1781937.562565 1780831.350607 1780271.982685 1779606.344042 1779033.420722 1778256.960033 1777900.418502 1777625.829502 1777446.218479 1776905.819766 1776388.949014 1775756.789094 1775427.526725 1773519.763035 1773416.805765 1772190.976549 1771751.339579 1771540.739667 1771329.469595 1771249.697301 1770789.188784 1770673.926876 1770084.303023 1769327.983123 1769096.874469 1768922.116895 1768370.557700 1768192.006612 1767662.585391 1767165.049175 1766858.862744 1766340.297642 1765594.520870 1763390.663968 1761429.968479 1760524.576258 1759590.854704 1758778.437853 1758522.126862 1758301.875405 1757108.502536 1756666.678044 1754459.736995 1754346.791606 1754275.952342 1753065.661119 1752791.417750 1752210.556417 1752023.971206 1751383.050684 1750690.376529 1749786.279516 1749623.539029 1749598.131294 1748730.432554 1748155.350477 1748096.718153 1747697.630196 1747240.872057 1746542.447016 1745765.762542 1745285.530784 1745213.565152 1744733.047564 1744325.498246 1744040.421590 1743799.914045 1742449.879628 1740745.374758 1739907.649613 1739659.062011 1739142.674883 1738932.514091 1738425.385214 1737799.400739 1737562.005632 1737273.863791 1737170.829901 1736983.046988 1736681.373906 1736399.717119 1735936.615662 1735331.771241 1735003.446394 1734925.745867 1734248.949095 1733910.804627 1733184.744706 1732532.221022 1732491.631863 1732401.075931 1732208.638203 1732074.983584 1731553.088202 1730900.902115 1729782.732389 1729254.259994 1727917.160290 1727120.392238 1726851.284605 1726711.868329 1726540.994087 1726310.615942 1726239.100292 1726132.106013 1725751.781017 1725402.853116 1724500.913400 1724169.384740 1723392.262974 1722460.950367 1721696.890307 1720779.698709 1720095.826059 1718959.849316 1718782.172944 1718666.906903 1718656.235495 1717392.934246 1716062.961789 1705182.666011 1697863.699422 1663878.255115 1663837.854652 1653430.008150 1652560.781239 1650778.827571 1649302.441660 1648919.604576 1648777.970073 1648701.969139 1648529.174754 1648142.714623 1641225.910967 1638378.204069 1638074.041469 1637234.389595 1633578.035878 1632847.505211 1632845.100773 1632665.690615 1632566.061870 1632139.034345 1630216.762160 1629578.341494 1628658.795529 1628132.079991 1627926.970790 1627840.457094 1627781.729438 1627772.816968 1627657.169430 1627283.022559 1626458.764585 1626059.993731 1624860.626372 1622442.670510 1620036.292568 1619475.065099 1618991.783257 1617482.854727 1616017.015338 1615437.016505 1615349.396283 1614863.060925 1614424.703747 1613864.543011 1612160.980891 1611426.122498 1611384.046630 1611331.957846 1610597.967048 1610346.072999 1610275.802968 1609551.286528 1608996.736497 1607467.389495 1606164.937240 1604648.606165 1602523.917813 1601756.110593 1600952.215481 1598895.103428 1597847.139863 1597402.253417 1587925.479407 1576422.138227 1575274.102354 1574574.024594 1573942.445968 1572829.215160 1572765.837402 1572691.592839 1572504.054240 1572137.080928 1572061.389400 1572031.387839 1571813.248995 1571423.682244
0.000170 0.478993 0.712130 0.952897 1.188470 1.409013 1.634551 1.854128 2.078907 2.302214 2.520871 2.739277 2.955247 3.181253 3.402243 3.624442 3.858090 4.076345 4.300575 4.519154 4.737739 4.956169 5.174568 5.394557 6.050261 6.490088 6.716996 7.154533 7.373701 7.592677 7.811589 8.030523 8.249330 8.468522 8.917354 9.582130 10.257369 10.936868 11.409364 11.882187 13.043908 14.847995 15.073994 15.530446 15.995001 16.225085 16.450711 16.675836 16.913145 17.366182 18.051248 18.277450 18.503507 18.729577 18.963038 19.189333 19.416423 19.868411 20.105682 20.566480 20.791713 21.017262 21.247918 21.478544 21.703215 22.402820 22.630836 22.876172 23.558824 23.788797 24.013777 26.043652 27.168712 27.853525 29.875949 31.694391 32.147473 33.077144 33.535575 33.764175 33.987863 34.214942 34.439432 35.114136 35.336630 35.562612 36.009912 37.133713 37.371589 37.600337 37.823213 38.050869 38.278694 38.502574 38.951249 39.174962 39.401980 39.624660 40.520341 40.746084 40.968461 41.199753 41.424208 41.650582 42.102613 42.331022 42.555339 42.782473 43.454551 43.678092 44.127988 44.350476 44.575671 44.799454 45.249089 46.372103 47.053152 47.276904 47.948496 48.172870 48.620177 49.067560 49.291093 49.742231 49.964918 50.187639 50.639141 50.862728 51.084999 51.314228 51.538248 52.436359 52.887076 53.114169 53.338963 53.568757 53.796309 54.020953 54.248457 54.472845 55.151582 56.289760 56.514945 56.745880 56.984075 57.209470 58.339752 58.565065 58.790692 59.020118 59.247016 59.701705 59.929043 60.382292 60.607286 61.059437 61.520299 61.747510 62.650242 62.877188 63.104908 63.329592 64.001821 64.226576 64.452198 64.677065 64.906641 65.132077 65.359025 65.588071 65.815994 66.041151 66.266121 66.491692 66.714852 66.940655 67.164488 68.292244 68.518142 68.973305 69.199172 69.424980 69.653158 69.876910 70.104178 70.557874 71.012587 71.239253 71.463712 71.688031 72.137625 72.360039 72.816984 73.041978 73.495545 73.726754 73.954504 74.180845 74.407240 74.631290 74.858089 75.307263 76.433092 76.663046 77.115076 77.792328 78.020373 78.245943 78.478852 78.706827 78.931851 79.160049 79.388980 79.615236 79.839744 80.065300 80.537696 80.763347 80.989972 81.895061 82.121887 82.357433 83.035033 85.288903 87.087819 88.676445 89.136619 89.595972 89.831933 90.061981 90.740041 91.198401 91.888511 92.114450 92.341689 92.796797 93.037788 93.492634 93.724582 93.965164 95.109502 96.485710 96.941126 97.163543 97.387289 98.284399 100.100821 101.690277 101.917717 102.593461 103.042486 103.944094 104.839846 105.064529 105.287657 105.514729 105.738864 105.963777 106.189168 106.415923 107.091431 107.313520 107.537238 107.993300 109.342883 109.566359 110.243396 110.467686 110.690843 111.367329 111.593087 112.501344 112.953905 113.179567 113.632464 113.856412 114.086957 114.311568 114.538157 114.764797 114.990793 115.214215 115.438286 115.663433 115.890444 116.114904 116.342592 116.788056 117.462454 117.910877 118.580375 118.802074 119.470638 119.697579 121.048645 121.273495 121.495464 121.946148 122.632712 122.856645 123.089664
Elapsed_time: 123.089664
Score: 1571423.682244
301
32650680.729289 31892866.379853 31176267.808062 29978173.905957 26323740.243109 17836397.917733 11915347.213674 8768609.156296 6673379.411277 5179623.857566 4268404.216081 3535150.286971 2974217.646524 2351985.148407 2062828.133442 2010516.237389 1986232.102309 1964826.273922 1964726.999239 1964238.489053 1960234.794026 1955884.885490 1947642.142328 1934015.082394 1911184.806687 1844566.251831 1836562.425216 1835104.718757 1832950.212123 1832660.548773 1831588.264629 1830200.341404 1829288.137812 1827673.795842 1826114.725585 1825651.285369 1824502.688136 1822746.931397 1820923.144669 1819237.387092 1813466.066681 1813344.001820 1804441.538325 1794775.244480 1793828.535522 1793536.373818 1792856.766592 1792569.422048 1792300.319051 1791737.524178 1791080.215619 1789000.852955 1770120.807264 1769757.437695 1769547.844454 1769018.421063 1768582.080300 1767495.931415 1765127.183040 1764976.090506 1764014.259004 1761197.632567 1759349.841254 1755569.589876 1755150.205288 1752433.849474 1751821.189586 1750960.752781 1746558.019028 1738042.921708 1732016.488945 1707411.149463 1707066.121774 1685360.645633 1669147.760300 1668618.384498 1668489.252739 1667703.929732 1667211.495687 1666771.473233 1666704.360661 1666162.110023 1665951.181140 1665832.890284 1665285.090286 1664603.394658 1662630.287908 1661534.379050 1661236.626495 1659248.071679 1657626.553936 1656768.558545 1656119.908117 1655642.913059 1655264.827835 1653984.192379 1653389.526246 1653166.630040 1652367.133850 1651895.849953 1651631.588989 1641703.328326 1639983.366002 1639920.756507 1638370.700474 1638248.976335 1637694.297580 1637119.375442 1636883.410308 1636082.822091 1635502.916511 1633319.668164 1632741.218621 1630338.887664 1629735.291677 1628881.380723 1628306.993638 1628146.548116 1627801.735689 1627154.707914 1627085.523872 1626843.384256 1626521.734233 1626388.763282 1625459.870493 1624964.048458 1624673.203864 1622377.748891 1621784.302123 1621735.810058 1620090.300158 1609555.618885 1597561.531287 1597320.365015 1597099.390120 1596864.123975 1596178.891858 1596055.973338 1595767.265323 1595485.237445 1595424.622012 1594813.736827 1594706.430218 1592826.735555 1591138.910461 1590823.741316 1587641.968330 1586520.460829 1586465.465627 1584326.896143 1584168.194113 1583878.558969 1583574.167336 1583495.304829 1583300.932283 1582424.894962 1577034.942112 1570881.809583 1560722.446081 1559788.348222 1559783.905915 1558191.966844 1557801.299453 1557684.105430 1557229.342529 1556975.677753 1556538.282491 1555633.479855 1553887.243015 1552270.333766 1552087.642968 1550082.789618 1548819.442250 1548315.635273 1547510.849994 1546154.660524 1545195.017158 1544906.323694 1544628.808683 1544062.417001 1543990.484816 1543602.257649 1543317.941435 1542744.423840 1541917.426252 1541423.984876 1540690.837341 1539866.284361 1539320.353764 1533837.009620 1529104.238195 1528762.450724 1527084.260836 1520460.185748 1517378.962511 1517250.232629 1517027.622892 1517008.975604 1516491.190347 1516118.182771 1515823.220457 1515399.234329 1514972.920243 1513679.291789 1512296.924578 1511370.812863 1510571.856248 1508812.177961 1508555.730067 1507570.549437 1506381.888776 1506088.021366 1505698.047204 1505461.555818 1504888.243399 1504773.245651 1504476.166683 1504046.252950 1503191.060171 1501959.267118 1501605.177333 1501287.428104 1501079.990392 1500399.199884 1499293.159223 1497445.845198 1496715.265978 1496573.778150 1495606.912361 1495590.720838 1494106.310577 1489975.222179 1489365.282115 1488798.936465 1488742.248735 1488586.343741 1488228.776278 1487650.205896 1486458.877158 1486095.798715 1483769.717991 1482505.833900 1482377.440934 1480994.334606 1480855.714689 1478844.345318 1477340.681164 1477292.463560 1476898.257325 1475099.882664 1473822.204839 1472788.764862 1452211.758946 1449764.592589 1442577.652929 1438348.450221 1436342.554042 1436135.555000 1435957.937956 1434200.894351 1433680.435536 1433435.298711 1433323.323859 1433276.783839 1433144.563843 1432969.631184 1432552.077478 1432376.545945 1432043.387142 1431045.585980 1430035.265510 1428716.576002 1425540.810390 1425453.411534 1424455.824513 1423383.697831 1421668.368491 1419921.487645 1419146.296429 1418775.879547 1418044.533880 1417694.969973 1392149.793042 1383837.763666 1381763.646025 1381698.837535 1381691.055391 1381328.118806 1381305.247279 1380693.448356 1380390.971584 1379672.460764 1378076.424435 1377611.364043 1376786.549109 1370943.403503 1369821.681643 1369675.978238 1366845.229402 1366504.886915 1366353.793321
0.000201 0.461245 0.694851 0.927483 1.158921 1.380935 1.599921 1.820830 2.040451 2.258590 2.476390 2.695746 2.915714 3.137625 3.360169 3.579717 3.799474 4.019411 4.892411 5.109962 5.330097 5.551538 5.994148 6.881663 7.103410 7.329266 7.554050 8.482001 8.708623 10.073914 10.297792 10.524417 10.760485 10.985420 11.208604 11.664677 11.890414 12.114976 12.349890 12.574820 13.025266 14.853876 15.086980 15.540765 16.217770 16.445869 16.671599 17.123755 17.349691 17.579160 17.805094 18.029738 18.484495 19.834806 20.738273 20.964944 21.193777 21.420163 21.871893 22.325081 22.775284 22.999383 23.224702 23.449015 23.902178 24.131649 24.360369 24.585031 24.814684 25.044266 25.270871 25.723653 26.175772 26.400253 26.627085 28.655239 29.102687 29.781995 30.007977 30.234216 30.461654 30.915488 31.365388 32.040098 32.264711 32.492110 32.717357 32.943566 33.170797 33.396662 33.621216 33.848636 34.078004 34.301336 34.527197 34.753949 34.981216 36.352241 36.665507 38.255023 39.830869 40.055135 40.286857 41.424888 41.655286 42.108298 42.331661 42.560344 43.006929 43.230547 43.454689 43.680501 43.904160 44.810890 45.711652 45.942201 46.169902 47.299380 47.528928 47.976437 48.651612 48.877275 49.102861 49.329709 49.552750 50.003416 50.677996 50.901740 51.130781 52.475978 52.699377 54.502269 55.176257 55.857248 56.307623 56.761037 58.139753 58.365117 58.589182 58.815869 59.042194 59.497770 59.961008 60.191032 60.415834 60.875866 61.551530 61.777260 62.907160 63.133285 63.584377 63.807574 64.032691 64.257909 64.484261 64.939629 66.515358 66.740661 68.767572 70.812469 72.631546 72.856500 73.083998 73.536751 73.761152 73.988770 74.668124 74.896963 75.356392 75.585534 76.041873 76.268552 76.494772 76.946181 77.170883 77.395418 77.623236 77.847997 78.076493 78.303607 78.756251 78.987374 79.214170 79.441943 79.667417 79.892632 80.121468 80.348272 80.576371 81.035466 81.262033 81.941359 82.616557 83.068748 83.292799 84.423725 84.651134 85.554654 85.780825 86.006769 86.233851 86.458809 86.688504 86.920597 87.153126 87.378990 87.605664 88.060928 88.287024 88.522187 89.206089 89.433852 89.662580 90.118260 90.572656 91.041598 91.274224 91.501159 92.409899 92.635121 93.316040 93.540244 93.766099 94.451232 95.363949 95.592391 95.820001 96.496037 96.720593 97.397657 97.624118 98.079853 98.307901 98.768832 99.220976 99.448202 99.675071 99.901273 100.135077 100.363217 100.593177 101.045931 101.718991 101.945217 102.173499 102.396760 102.626768 103.301543 103.527612 103.756430 103.981890 104.208496 105.574857 107.382155 107.609724 107.836052 108.063070 108.289319 109.646451 109.875422 110.335695 111.692424 111.919392 112.144742 113.516356 114.197554 114.427531 114.653358 114.882982 115.110529 115.568362 116.018432 116.474990 117.385570 117.615552 117.843778 118.072483 118.295870 118.523903 118.750891 118.980112 119.210019 119.436974 120.802266 121.026043 121.483341 122.622911 122.851111 123.312396 123.540309 123.765909 123.994822 124.225292 124.911409 125.373728 125.597580 126.050618 126.281158 126.516512 127.196302 128.107670
Elapsed_time: 128.107670
Score: 1366353.793321
301
32644224.400697 31898833.825982 31181434.501221 29960868.215283 25977026.411189 17078587.346521 11765761.013841 8526053.262024 6657564.427364 5317265.474503 4174434.438928 3561415.540065 2782572.868508 2297821.258789 2169593.154476 2039852.907955 1990260.488809 1974633.811215 1968499.987448 1968422.139663 1968163.798580 1965053.537496 1961923.727023 1955579.251159 1955439.779894 1934372.822786 1911695.575780 1876266.359854 1874674.028860 1874287.809916 1847084.976356 1834018.506220 1834016.617584 1832615.579205 1832550.989697 1831710.736129 1831243.641309 1829015.458509 1827016.534431 1826558.956906 1825253.354825 1824583.104514 1824237.690924 1823501.963672 1823341.048669 1823255.023086 1822920.696129 1822254.565938 1822237.320779 1822067.684479 1822018.630300 1821896.577383 1821622.830668 1821209.388738 1820847.751990 1820524.205703 1819752.952127 1819275.479203 1818688.490109 1816456.786519 1812396.916363 1804033.058870 1801098.229309 1791951.665061 1791786.422619 1790048.326916 1788804.908226 1788632.843065 1787871.929727 1787709.237961 1787606.851683 1787108.578447 1786943.954814 1783913.849212 1776075.776153 1775925.375273 1775822.626935 1774747.858971 1774723.286100 1774400.401556 1773841.071175 1773014.899194 1772425.774344 1770147.002038 1768298.088327 1768233.858618 1766466.081193 1765874.896754 1763605.808899 1762425.622044 1761330.141110 1760608.987158 1760115.312075 1759368.305733 1759303.672101 1759161.797780 1759100.928976 1758752.871242 1758281.384817 1757722.234919 1757071.654040 1756545.175601 1755874.255335 1753922.310852 1750184.712282 1743833.277679 1735637.065277 1722834.734652 1721468.916849 1721466.907619 1719229.826054 1719043.194601 1717934.167078 1716877.206359 1716486.605264 1716480.123032 1714808.335095 1713481.806044 1710315.172471 1708608.107657 1707802.960376 1707643.470227 1707628.820903 1706592.091855 1706460.098873 1706405.098855 1706280.068317 1705756.034420 1705433.275860 1704548.080424 1703758.126964 1702954.239079 1702824.343280 1702633.639629 1702215.427540 1701704.764422 1700402.160856 1699106.942268 1698909.249887 1698512.917331 1694021.356107 1692948.915100 1689887.392366 1681606.885514 1673630.641232 1670151.611178 1653347.187986 1634758.077333 1634007.812316 1633983.795247 1633982.571883 1633886.335838 1633222.898669 1633096.299152 1632584.388468 1632394.971048 1631997.040785 1631655.039882 1631538.249123 1631186.671848 1630948.553397 1630679.141645 1629928.600457 1629081.544479 1628508.529521 1626166.032994 1625074.640237 1625028.854705 1623678.993269 1621704.950916 1620674.592957 1619097.036615 1618717.588242 1618128.405204 1617657.048760 1617481.855418 1617013.659199 1599885.583492 1593272.901702 1588252.713000 1588195.939767 1582157.776299 1582105.351498 1581536.745588 1580433.996449 1580323.231585 1580044.331914 1579568.145898 1578699.602417 1578533.453035 1578511.178217 1577100.927233 1576629.134426 1576439.892457 1575348.560673 1573084.896393 1572442.012986 1572427.631662 1572344.097304 1570654.204339 1569056.023501 1565692.503380 1564355.705021 1562992.995409 1561127.863938 1561104.804933 1559715.241348 1559272.253584 1559103.974455 1558789.958342 1558430.077014 1557942.957276 1556742.731673 1555855.848842 1554226.305718 1553870.444799 1553839.891104 1552842.895047 1552200.278151 1552138.777691 1551124.116979 1549421.912860 1549304.007869 1549030.635120 1547883.368855 1547115.227136 1546591.232167 1546440.774105 1546030.966861 1545436.121942 1544805.399087 1544153.723423 1543284.017737 1542489.337096 1541819.271105 1541691.982749 1533059.259985 1522914.810071 1521311.038141 1521298.522092 1505567.461010 1502851.169713 1502805.373780 1502467.128330 1502415.783171 1501749.813712 1501496.239985 1501353.586169 1501336.578519 1500427.498392 1499973.314471 1499167.519309 1497940.466055 1495816.877585 1494825.052000 1491898.649360 1488918.191947 1487724.125849 1486147.501496 1485476.426973 1485036.016882 1484682.438895 1484122.296761 1482408.868644 1470671.124648 1460723.399842 1435523.570201 1429391.222991 1428415.751568 1428384.987293 1428284.229079 1427929.877896 1426819.530132 1426561.525482 1426301.590019 1426083.697113 1425707.171031 1424967.665802 1424674.225854 1423309.561838 1422306.972629 1420487.146844 1419525.119174 1418670.330112 1417286.374345 1413900.392550 1412257.521578 1411129.024701 1409681.359417 1409521.474706 1408798.094923 1408474.973589 1408083.581406 1408011.113002 1406578.852856 1406525.420331 1406054.922923 1405501.896753 1403250.732438 1403077.194815 1402331.702732
0.000183 0.465268 0.702983 0.933888 1.163623 1.388380 1.614732 1.839110 2.062353 2.282701 2.506709 2.731628 2.952076 3.172251 3.392275 3.612276 3.837961 4.057887 4.282456 5.176096 5.396775 5.618657 5.839432 6.061801 6.285252 6.513924 6.735791 7.207070 7.432607 9.763224 9.989587 10.444346 10.912223 11.140501 11.603095 11.845826 12.075960 12.319747 12.556126 12.800834 13.055937 13.510132 13.740021 13.968389 14.669136 14.906050 15.141847 15.378943 15.611759 16.314939 16.790199 17.024312 17.255812 17.490580 17.957371 18.193680 18.435334 18.672406 18.916210 19.154519 19.387668 19.618119 21.259237 21.487196 23.592783 23.821732 24.292720 24.527189 24.758200 24.993911 25.455057 25.694293 25.932521 26.624996 27.108580 28.045969 28.518474 29.225352 30.402957 30.641672 30.875404 31.110076 31.346700 31.817537 32.292744 32.532821 32.767275 33.012179 33.249671 33.482439 33.718234 34.184284 35.114639 35.349217 35.817545 36.979246 37.925289 38.155959 38.390743 38.625261 38.865202 39.099637 39.332194 40.732203 40.974594 42.153590 42.397778 44.280201 46.386207 47.787361 48.018925 48.482297 48.716954 48.961048 49.425128 49.896451 50.129122 50.382957 50.618362 50.853741 51.090085 51.320088 52.011792 52.242349 52.720985 53.662896 53.898093 54.132674 54.604901 54.843861 55.317733 55.553211 56.021869 56.270757 56.514043 56.746779 56.987014 57.219977 57.689435 58.389371 58.619418 58.855967 59.095626 59.331855 59.567805 59.797291 60.035264 61.184767 62.357965 64.017351 65.177991 65.426873 65.661092 66.356673 66.589016 67.061602 67.303929 67.547503 67.781303 68.478256 68.946524 69.202603 69.440651 69.678237 69.916251 70.153153 70.867008 71.336572 71.568667 71.807368 72.037398 72.272945 72.503240 72.982773 73.232545 73.481452 73.721133 75.565549 75.799759 77.671891 79.055821 81.382109 82.797548 83.028409 83.265143 84.194241 84.426104 84.668364 84.907100 85.156432 85.860951 86.095132 86.801816 87.050100 87.285102 87.518680 87.759908 88.000428 88.236850 88.475545 88.710041 88.948578 89.188381 89.436357 89.926030 91.585285 91.828272 92.303107 92.783328 93.014317 93.257565 93.504343 93.745711 93.984063 94.218121 94.451896 94.918382 95.159500 95.628515 96.330927 96.561989 96.799280 97.983577 98.451819 99.158362 99.399957 99.633393 100.105844 100.349520 100.834094 101.069445 101.295905 101.537497 101.790766 102.973564 103.204405 103.683074 103.916050 104.867598 106.056398 106.517852 106.980245 107.691127 108.154119 108.384802 108.632618 109.108757 109.343695 109.586655 109.830719 110.062895 110.308616 110.788880 111.023830 111.270276 111.513973 112.739114 112.973211 113.208298 113.444755 113.675084 113.905373 114.135841 114.613227 116.267038 116.503781 116.738730 116.985363 118.403347 119.598343 120.076165 120.313681 120.546984 120.783894 121.018758 121.263961 121.507899 121.748447 121.978148 122.445902 122.678555 122.914428 123.144676 123.374627 123.613526 123.854188 124.094471 124.337341 124.580609 125.049252 125.290044 125.525258 125.759724 125.990473 126.937558 128.342393 128.571496 128.803583 129.036092 129.272868 129.504905
Elapsed_time: 129.504905
Score: 1402331.702732
