5
301
1918144.186652 1851433.274971 1805487.558899 1762776.866071 1698751.336447 1501228.760120 1091059.665424 744640.728739 567162.020565 424858.766729 362855.032140 301335.186235 173007.646282 167632.012478 159221.206388 159078.937143 156642.776816 156064.460359 152020.253619 147189.857242 145115.714632 144543.884692 141767.372270 135326.999278 131020.919781 130286.801683 130218.514960 129417.359296 128967.636116 128930.646710 128838.630263 128686.575722 128560.995755 128544.896715 128450.423714 128302.538671 127466.691374 127086.723861 126417.656840 125967.099220 125571.287388 125301.170638 123444.195115 119337.097711 119265.849221 118682.420449 118581.618248 118378.784730 118137.546344 118078.408775 117936.922645 117826.389585 117791.214160 117678.661942 117611.003054 117573.236113 117449.240704 117358.365708 117292.974027 116841.530640 116789.736071 116500.152319 116272.921807 115771.162202 115599.283068 115310.624292 114751.813664 114651.966440 114158.659121 113880.426522 112150.044581 111846.421098 111781.901426 111590.805100 111440.263774 111357.136921 111219.547764 111073.831994 111051.426843 110877.614732 110819.428681 110727.597742 110676.958703 110203.309386 109863.656742 109761.063287 109132.362564 108838.998395 108505.525087 107829.646851 106495.939360 106209.371898 106193.320817 105908.105484 105683.816179 105393.905459 105348.288336 105225.156997 105149.342138 104962.810614 104713.354565 104211.001678 103835.224257 103659.552008 103634.563426 103592.060793 103448.076029 103197.740577 103045.724608 102892.868230 102731.493270 102404.918585 102013.432966 101776.345809 101464.160767 101427.847324 101377.532606 101373.672781 101168.548980 101119.653498 101035.053168 101000.939454 100729.539167 100482.914918 100470.131574 100437.848837 100332.992327 100282.675278 100250.544772 100089.536592 99909.496092 99401.886930 99223.428142 99149.281336 98337.900700 97490.547311 97482.817007 97479.956918 97467.064926 97451.241541 97344.417265 97227.226634 97197.954149 97074.203458 97053.897661 96992.857188 96879.492992 96822.709548 96477.131142 96233.984651 96181.712057 96175.865714 96091.599813 96031.991759 95906.803574 95596.857091 95464.850316 95287.546347 95272.872421 95265.918899 95176.929987 95100.591007 94935.538683 94796.344641 94686.827924 94267.656459 94177.755424 94108.669225 94096.470638 93999.815337 93904.279114 93576.317212 93205.211382 92993.000554 92990.652508 92823.636385 92720.801173 92685.652661 92586.238879 92562.396525 92529.752518 92523.047137 92426.803434 92275.754946 92090.347870 91820.023138 91644.978537 91435.805219 90855.883432 90611.093261 90121.346295 90071.486119 90009.918242 89860.696466 89777.048295 89646.868867 89486.663299 89300.895046 89171.936582 88922.019004 88011.402034 87921.107840 87868.782604 87753.709969 87565.949022 87409.655781 87348.091611 87286.588640 87267.814073 87195.252776 86929.659696 86883.616191 86759.600456 86709.215467 86700.396005 86643.825780 86624.588143 86599.327747 86526.810786 86486.779927 86272.154574 85984.380034 85728.015754 85473.322544 85463.458098 84901.761239 84686.409790 84490.149503 84383.818660 84340.264937 84245.934119 84154.425002 83864.902005 83688.575340 83516.258920 83359.515879 83084.262011 83071.120563 82870.680940 82799.073327 82792.047365 82705.260009 82692.463279 82656.414956 82569.249178 82437.336482 82356.232822 82253.536046 81998.768264 81815.114524 81643.692718 81369.441100 81299.167417 81272.683247 81264.065620 81220.522974 81096.218872 81050.922742 81014.153036 80955.311576 80856.716527 80669.883297 80618.236862 80613.091616 80501.960633 80270.887892 80229.749086 80179.985313 80060.055531 80049.156926 79853.295469 79765.151023 79749.978681 79593.356926 79439.600730 79271.718759 79222.563632 79193.002109 79156.825896 79053.209877 78845.921715 78404.751411 78236.534407 78062.185663 77938.846287 77880.705905 77801.615175 77541.078983 77510.345553 77496.031707 77443.211880 77425.383089 77403.112718 77320.215429 77255.633709 77157.864172 77071.521551 77052.275409 76936.899293 76794.035082 76294.656725
0.000058 0.028412 0.042000 0.055567 0.070689 0.087350 0.100684 0.114572 0.127474 0.140324 0.153069 0.165854 0.178496 0.191183 0.205119 0.219674 0.232554 0.245460 0.258348 0.271156 0.284016 0.296915 0.367566 0.393571 0.406565 0.419455 0.472532 0.485615 0.513148 0.580279 0.595657 0.608724 0.622214 0.675344 0.688399 0.714455 0.728056 0.742540 0.769454 0.783424 0.839814 0.880520 0.906924 0.921514 0.949503 0.963021 1.034930 1.047944 1.061676 1.076790 1.089986 1.129923 1.169430 1.182852 1.210783 1.252205 1.265366 1.278495 1.291566 1.318900 1.346301 1.359462 1.372490 1.385544 1.401233 1.414775 1.429216 1.445095 1.460001 1.501184 1.528821 1.554735 1.567673 1.580666 1.637034 1.676406 1.734988 1.752757 1.781126 1.797177 1.826152 1.840131 1.853090 1.879154 1.892096 1.917912 1.930890 1.956992 1.971156 2.068221 2.081740 2.152856 2.206326 2.246152 2.260557 2.274295 2.313941 2.328378 2.341333 2.356114 2.383265 2.409111 2.422360 2.462354 2.501494 2.542537 2.555845 2.597281 2.610656 2.623714 2.637263 2.651637 2.665428 2.678869 2.691840 2.718400 2.732484 2.745580 2.785764 2.800431 2.814013 2.828503 2.842962 2.856061 2.897749 2.910715 2.923700 2.996274 3.009312 3.022309 3.035336 3.048389 3.061522 3.075042 3.088869 3.158540 3.172755 3.213006 3.240818 3.283381 3.297730 3.339479 3.355607 3.369482 3.395551 3.408492 3.421408 3.447191 3.460113 3.472999 3.499809 3.539552 3.552966 3.566595 3.580176 3.633798 3.648705 3.663613 3.709113 3.734975 3.747879 3.773721 3.790977 3.804910 3.818009 3.845185 3.900948 3.913952 3.944598 3.957639 3.970683 3.985896 4.001756 4.022708 4.036381 4.089261 4.102274 4.154460 4.209582 4.223359 4.252108 4.295151 4.309718 4.322825 4.337413 4.350654 4.366661 4.382302 4.395206 4.408634 4.462912 4.531536 4.545741 4.558919 4.571850 4.584849 4.599013 4.611882 4.625033 4.638206 4.680330 4.753417 4.766376 4.780693 4.795173 4.808375 4.837601 4.891129 4.920782 4.933875 4.946784 4.972650 5.025402 5.039325 5.067373 5.110136 5.178067 5.203860 5.218940 5.245075 5.258077 5.271251 5.284124 5.323540 5.349590 5.363751 5.377702 5.392053 5.406137 5.445875 5.459732 5.472575 5.489062 5.504425 5.521060 5.536338 5.593267 5.686849 5.700327 5.753716 5.767722 5.781039 5.823383 5.837255 5.850350 5.863253 5.914730 5.927708 5.940559 5.958541 5.971988 5.984969 6.010687 6.036436 6.062008 6.074908 6.138836 6.151709 6.181601 6.234372 6.260714 6.273948 6.300813 6.384430 6.397820 6.411500 6.451338 6.489797 6.558032 6.610904 6.676838 6.702666 6.715652 6.730767 6.744742 6.783806 6.796704 6.836484 6.850455 6.863268 6.876717 6.890124 6.916672 6.929437 6.942201 6.955055 6.968924 7.008467 7.021270 7.034076 7.046821 7.085921 7.125619 7.140496 7.153311 7.166074 7.191566 7.230286 7.243353 7.256152 7.269061
Elapsed_time: 7.269061
Score: 76294.656725
301
1937875.735502 1870798.425912 1825198.813534 1771077.653557 1675445.366885 1411121.709477 808506.809823 619185.938315 465319.787781 392781.016428 331006.176858 240620.295823 176766.285050 168411.915527 158106.180802 151534.405459 151314.993204 149604.655883 146148.600912 142151.634326 135017.871670 132522.720224 132096.013977 129639.779676 128172.150218 128152.021524 128027.223021 127542.421502 127098.424393 126824.201586 124546.687403 124222.323625 124103.599639 123912.485299 123717.529218 122143.457241 120135.426216 120001.873353 119555.235481 117836.288471 117236.261724 117172.962812 116119.719294 116071.506333 115228.005067 114967.048632 114965.511165 114722.818688 114647.355686 114623.654475 114539.370827 114421.713931 114046.443294 114021.412090 113737.783517 113645.548237 113173.713682 113055.886404 112982.931809 112947.660791 112794.299326 112716.356585 111834.501861 111667.142056 111472.921772 111453.683528 111398.588319 111123.597970 110687.764568 110219.866021 109951.549555 109905.463796 109743.512060 109230.287203 109065.192501 108569.498965 108389.716493 108252.977735 107972.347804 107820.544146 107562.602252 107447.964407 107238.991611 106898.042669 106864.141841 106706.427119 106620.229095 106436.216630 106245.377295 105943.134847 105562.649183 104938.050718 103761.804184 103744.985787 103398.451909 103368.141341 103136.462102 102876.552052 102385.403182 101891.849637 101534.438963 101257.159291 100799.452517 100585.104194 99732.636006 99515.571999 99508.283338 99436.841730 99419.589061 99299.943628 99216.333883 99043.677987 98961.112115 98797.789469 98064.447406 97771.645727 97571.783987 97374.411780 97285.779950 97254.456699 97166.772725 97078.062942 96759.877268 96714.774637 96681.610858 96508.364790 96383.210027 95688.692783 95115.433637 94773.175108 94410.512573 94354.186927 94277.696688 94228.550508 94201.942875 94161.024026 94007.765975 93947.768512 93911.678032 93858.027478 93718.698307 93646.293158 93599.959700 93465.100723 93346.777837 93107.375449 92344.908838 92271.007987 92256.501057 92139.194612 92073.002593 91983.002301 91953.594820 91808.227350 91681.624099 91555.174224 91531.057732 91397.957821 91279.319831 91185.317223 90897.102186 90396.441772 90271.621273 89808.753219 89713.265329 89618.931707 89520.042068 89417.056413 89327.516713 89304.600157 89131.754859 89091.240074 88913.123739 88841.185590 88718.495468 88354.671120 88270.737933 88197.329168 88155.659774 88086.544353 88077.561759 88012.498133 87884.111484 87725.131531 87472.221215 87363.131359 87312.999081 87176.439330 86853.269219 86613.519740 86502.600269 86443.622253 86251.801092 86098.717575 86014.392725 85926.357107 85864.734077 85769.295967 85479.327268 85374.444817 85320.475574 85089.045208 85003.091738 84962.866649 84921.232238 84823.563869 84676.039830 84397.762180 84252.565505 84151.525846 84028.944570 83973.130234 83677.918589 83593.195782 83559.377415 83467.316317 83456.785334 83334.010637 83321.799086 83197.449901 83104.251527 83009.074098 82871.745722 82718.210000 82551.305527 82372.361441 82273.294531 82234.565760 82113.784538 81941.061354 81799.510178 81783.824678 81734.378430 81489.804579 81446.070975 81421.844024 81415.629986 81320.997778 81253.839805 81133.841210 81084.824968 80831.483023 80801.695273 80800.641583 80735.468693 80604.079680 80486.488668 80169.661546 80069.675690 79877.850969 79869.282885 79791.415984 79691.065415 79582.343899 79377.609276 79100.536240 79057.196984 79039.555321 78987.100552 78981.273503 78912.208190 78863.311275 78754.768814 78519.429842 78215.873043 77995.623625 77515.987097 77487.148730 77436.529327 77360.226277 77335.507663 77328.642559 77304.223983 77203.863240 77151.610614 77020.999800 76866.797088 76624.417021 76533.685870 76305.076311 76261.010203 76172.464784 76136.559946 76110.015040 76068.470844 75964.651156 75963.792158 75856.829658 75797.882837 75765.787582 75708.753991 75555.103975 75401.543615 75375.531035 75223.597297 74956.741243 74922.173408 74873.000224 74621.772915 74532.018056 74496.175667
0.000047 0.026721 0.040647 0.054040 0.067503 0.081613 0.099392 0.114374 0.132076 0.145264 0.161150 0.174787 0.189156 0.201917 0.214911 0.230410 0.243638 0.261525 0.279781 0.300199 0.317244 0.330428 0.374173 0.391104 0.406734 0.492761 0.508565 0.525092 0.538203 0.564358 0.577410 0.590543 0.630786 0.647914 0.678178 0.743161 0.756294 0.849527 0.914449 0.927378 0.940365 1.020395 1.033572 1.109057 1.122810 1.176176 1.235672 1.248880 1.277662 1.305425 1.318846 1.332115 1.345153 1.358481 1.425663 1.438757 1.478042 1.491099 1.517540 1.558723 1.584725 1.597702 1.610912 1.627962 1.654067 1.693203 1.706589 1.719877 1.746975 1.763387 1.792558 1.818471 1.844387 1.857355 1.898332 1.915479 1.944112 1.958174 1.972427 1.985555 1.999396 2.043781 2.058160 2.072001 2.085940 2.099375 2.138888 2.151978 2.165028 2.178328 2.191308 2.204608 2.246586 2.317642 2.330673 2.369674 2.382738 2.395716 2.408773 2.421773 2.435004 2.449093 2.466692 2.496903 2.589432 2.662415 2.733885 2.760071 2.773156 2.786123 2.799387 2.812371 2.829586 2.849861 2.865939 2.878850 2.891839 2.904729 2.930456 2.943326 2.956222 2.969098 3.008219 3.067136 3.084011 3.097457 3.110879 3.125611 3.139003 3.151924 3.164890 3.204641 3.218124 3.285966 3.314261 3.340410 3.353319 3.366216 3.391955 3.431700 3.449160 3.465753 3.504337 3.517231 3.530157 3.571309 3.588734 3.604497 3.659990 3.688552 3.715586 3.729450 3.742940 3.756233 3.769653 3.783513 3.850829 3.863933 3.878689 3.893776 3.907457 3.920608 3.935474 3.950811 3.965417 3.992928 4.005916 4.018931 4.057514 4.108951 4.176758 4.228126 4.241017 4.292556 4.344072 4.356935 4.369833 4.382642 4.395457 4.433890 4.495243 4.509013 4.524702 4.537931 4.550944 4.563786 4.576649 4.589435 4.602273 4.681463 4.696810 4.742168 4.757180 4.772505 4.785403 4.799380 4.813925 4.826901 4.840186 4.852988 4.913074 4.926056 4.939057 4.990858 5.017819 5.031391 5.044802 5.057852 5.072350 5.099935 5.113187 5.126317 5.139756 5.152593 5.216846 5.229700 5.242598 5.268399 5.298389 5.359568 5.372475 5.386054 5.399091 5.426966 5.479900 5.492712 5.505514 5.556331 5.569224 5.582516 5.595995 5.634424 5.647781 5.660911 5.717256 5.742924 5.768577 5.781435 5.794562 5.807579 5.846404 5.860554 5.874451 5.938762 5.951595 5.964346 5.977207 5.990012 6.002704 6.030600 6.083963 6.096874 6.110770 6.123964 6.136894 6.149724 6.189686 6.216324 6.262981 6.295791 6.308634 6.321467 6.334243 6.347075 6.424098 6.436849 6.449502 6.474951 6.512977 6.525694 6.551046 6.563696 6.627157 6.641712 6.674583 6.687816 6.701558 6.717613 6.731422 6.769469 6.782140 6.807472 6.832845 6.845480 6.897505 6.914226 6.947730 6.960672 6.973478 7.014327 7.027358 7.040176 7.053592 7.067049 7.079653 7.092380 7.130391 7.143058 7.157677 7.174617 7.192025
Elapsed_time: 7.192025
Score: 74496.175667
301
1891804.102530 1827205.168212 1785350.948933 1740643.096436 1649195.991474 1534195.057151 1276610.328498 866485.202887 624158.665987 500242.114546 365220.685411 307855.772869 255481.880610 173167.650629 166457.929341 159357.415175 157626.066874 156734.122823 156168.472372 155391.943967 154723.996428 154334.623137 153451.820611 149541.470544 136460.031989 129923.907739 129586.995107 129215.115760 129201.630023 128959.085062 128413.579495 127366.751993 126122.946249 125416.444760 122994.666674 117972.843207 117783.012419 117556.220168 117543.551364 116800.717967 116364.064613 115723.639038 115331.140419 115101.015530 115068.574053 114665.986352 114282.637746 113132.426635 112764.201369 112730.557607 112721.464493 112451.200005 112440.615911 112348.993815 112158.975910 111973.412363 111801.845888 111349.257175 111058.325496 110851.875138 110421.809346 110411.164168 110402.035484 110366.825287 109536.582009 108529.242094 108512.189180 107586.155685 107347.983330 107306.500832 107252.379636 107227.610385 107204.770939 107169.968552 107109.341995 107008.238313 106783.139375 106712.011504 106482.928060 106205.968751 106071.664420 106023.034126 105567.339062 105409.971086 104238.899153 104132.185931 103964.194673 103820.586162 103745.113000 103728.806553 103651.608045 103492.412444 103330.284451 102866.528761 102559.942537 100961.327091 100910.352776 100794.766753 100687.370006 100423.316689 100364.066529 100350.178758 100260.805195 100082.251195 100037.405516 100025.758125 99804.818093 99760.907569 99654.381636 99598.078331 99398.500089 99156.213932 98886.600236 98318.421286 98145.515482 98052.729220 97944.496083 97878.722792 97854.338751 97736.012757 97666.577310 97580.674572 97421.283789 97335.043568 97240.465967 96981.636804 96759.041673 96756.945418 96649.918595 96553.747431 96529.632705 96463.255796 96453.091813 96385.949114 96310.748886 96140.323557 95901.504727 95528.459727 94671.781211 94600.652767 94502.187157 94194.304446 93969.490999 93792.575376 93765.935263 93747.789668 93674.080773 93568.953603 93464.590052 93271.161165 92926.785461 92925.731475 92782.291987 92290.893314 91913.072616 91830.183212 91774.543419 91636.531541 91458.802640 91442.486092 91412.798542 91334.352000 91257.732658 91141.585395 90982.138637 90914.645085 90885.314590 90600.106843 90491.437164 90476.226976 90378.045317 90270.810567 89967.390376 89326.344392 88996.278582 88717.021708 88578.334010 88544.535949 88062.308041 87771.943082 87719.540515 87663.529693 87642.680800 87631.216790 87626.430913 87611.821565 87549.943423 87509.446946 87476.949295 87379.702623 87348.129015 86897.093721 86606.683465 86519.208378 86353.703637 86328.216624 86208.582817 86198.689719 86165.060567 86104.221005 86082.818170 86043.958884 85907.893930 85775.771972 85267.604678 84975.893355 84947.633151 84621.076990 84418.499093 84066.609798 83395.745826 82975.337463 82936.189995 82931.818003 82855.093117 82775.184208 82674.665365 82344.470199 82077.568953 81809.985731 81579.336662 81270.277362 81065.174940 80999.777240 80710.457133 80510.399474 80463.794834 80312.030489 80227.735330 80014.643948 79693.617086 79172.210439 79102.802645 79100.822833 79066.822725 79022.880905 78996.291857 78799.663534 78583.688999 78248.247000 78046.022665 78022.884594 77883.086171 77767.871198 77655.685444 77445.004463 77194.985308 76961.059789 76769.080465 76538.781402 76185.152568 76130.617088 76076.885279 76011.652641 75977.949452 75853.139598 75776.054730 75771.904554 75673.142251 75595.999083 75261.593679 74855.704812 74609.737196 74548.342588 74391.409439 74234.718863 74229.329161 74173.624742 74169.950641 74117.654149 74044.885624 74030.470886 73954.661539 73899.381673 73805.226771 73758.907588 73751.828599 73631.666927 73490.850487 73243.736222 73038.850527 72895.161716 72892.927768 72740.030904 72726.767665 72604.313721 72540.263204 72525.564575 72408.032069 72363.069073 72345.298314 72259.801094 72253.677951 72186.679270 72022.955446 72019.020892 71874.248959 71670.841805 71554.098235 71310.037878 71182.826665
0.000042 0.026503 0.039732 0.052896 0.066081 0.079438 0.093656 0.109548 0.122822 0.137199 0.150401 0.163537 0.176112 0.188780 0.201313 0.213862 0.226489 0.239007 0.265460 0.278227 0.290824 0.303570 0.370030 0.423063 0.570845 0.586683 0.693354 0.706497 0.757164 0.772897 0.789096 0.803947 0.829723 0.855899 0.868871 0.882855 0.910072 0.923010 0.984765 0.998551 1.012707 1.025754 1.055038 1.073981 1.106789 1.121106 1.138949 1.156315 1.202337 1.255099 1.309421 1.361784 1.426925 1.439920 1.452914 1.465930 1.479033 1.492195 1.506310 1.532750 1.584564 1.597480 1.649339 1.702386 1.760963 1.773781 1.813814 1.831743 1.849042 1.893818 1.906984 1.964396 1.991852 2.004933 2.019074 2.032482 2.045490 2.085652 2.098530 2.111399 2.124427 2.151032 2.163990 2.215518 2.228594 2.254451 2.267336 2.280154 2.292981 2.333276 2.348134 2.360913 2.373715 2.386580 2.439080 2.451943 2.503257 2.516105 2.528999 2.541862 2.567597 2.613910 2.629215 2.643106 2.656950 2.696743 2.709593 2.722403 2.735208 2.760874 2.773722 2.786551 2.799439 2.826142 2.844137 2.860286 2.874648 2.890009 2.931999 2.944916 2.959197 2.990521 3.016668 3.031383 3.101005 3.126738 3.152527 3.235854 3.248845 3.276852 3.322949 3.348673 3.406716 3.423528 3.440080 3.455020 3.485551 3.498364 3.511112 3.523921 3.587835 3.600588 3.645588 3.658623 3.697943 3.740256 3.753899 3.766725 3.779501 3.792284 3.805033 3.831687 3.860779 3.890124 3.904699 3.974340 3.991201 4.009276 4.073575 4.141417 4.154265 4.168571 4.181982 4.194850 4.245916 4.258745 4.331647 4.345213 4.358313 4.399682 4.412829 4.425712 4.438787 4.451997 4.477941 4.491484 4.504367 4.517261 4.545485 4.584230 4.597059 4.663383 4.695376 4.775626 4.816605 4.842185 4.854938 4.881706 4.910204 4.923875 4.939813 4.952609 4.992548 5.010211 5.027325 5.042254 5.058685 5.105294 5.118360 5.134290 5.187732 5.200852 5.216818 5.234183 5.249337 5.275127 5.313820 5.327447 5.340376 5.353223 5.419197 5.470062 5.495450 5.546226 5.559016 5.572383 5.589171 5.606368 5.619298 5.633123 5.646496 5.712814 5.725592 5.752068 5.764991 5.778129 5.805432 5.818182 5.831113 5.845992 5.892911 5.931345 5.989158 6.017653 6.032483 6.071024 6.083876 6.098208 6.113501 6.128588 6.159272 6.214838 6.227734 6.242060 6.256595 6.269465 6.307416 6.323494 6.342491 6.355399 6.368721 6.406710 6.445318 6.460686 6.474761 6.493262 6.506462 6.531780 6.544426 6.557162 6.569757 6.582618 6.595353 6.647334 6.660501 6.685892 6.698589 6.711268 6.749122 6.774921 6.792107 6.808217 6.821263 6.834001 6.848343 6.862164 6.927337 6.939963 6.952633 6.965286 6.978271 7.006011 7.056149 7.081310 7.119357 7.144424 7.157035 7.169640 7.207329 7.244979 7.270066 7.295215 7.307960 7.320602 7.333585 7.372376 7.384966 7.397609 7.410202 7.422818 7.435397
Elapsed_time: 7.435397
Score: 71182.826665
301
1881394.891586 1817914.433328 1776152.848842 1737746.295627 1657955.755021 1458879.792026 1013883.262198 704713.222540 517156.137936 419114.268665 339378.653188 273525.402045 190550.860263 168895.804077 153078.307634 152764.169573 152438.851872 151854.547250 151470.948037 150784.782620 150330.907564 143568.712334 132377.260545 127071.995349 126562.055543 124568.387599 124461.518509 124141.833043 124121.136032 124015.382759 123814.019294 123587.330233 123272.793213 122723.589457 122348.600373 121856.295011 121831.876381 121433.428845 120998.763096 120105.057384 119353.964892 118361.681455 118037.469954 117039.834924 116151.446659 116121.521020 116018.395628 115462.761213 115320.408430 114880.013736 114864.235376 114539.204569 114327.419901 114171.781051 113925.756195 113893.286575 113686.097166 113324.895390 113202.909832 112458.071919 112428.538333 112082.989924 111972.463364 111614.881086 110966.987318 110631.087079 109734.548173 108975.169050 108526.300192 108223.370553 108189.530869 108083.635434 108032.015903 107932.247254 107737.063522 107600.047055 107405.940482 107186.084090 107160.418049 107116.037851 107016.251107 106961.519013 106799.672579 106554.210303 106407.880738 106239.437681 105972.093626 105895.049077 105639.011215 104323.298561 104295.997062 104178.251499 103977.966060 103817.293984 103406.922759 103348.509609 103114.206293 102997.796632 102755.144059 102607.689366 102488.601151 102195.272195 102186.858244 102095.142272 101916.183740 101818.998193 101679.968247 101610.968185 101493.568815 100752.762093 100323.896576 100320.548978 100261.619957 100199.631693 99748.543202 99721.923464 99566.254026 99498.613434 99428.092126 99424.908598 99014.027420 98891.378438 98887.285504 98778.039823 98739.306399 98680.580636 98505.400117 98346.031367 98304.367650 98192.665886 98028.818278 97961.977145 97893.155571 97788.618042 97771.622562 97763.880417 97696.799453 97242.112129 97182.312712 96956.706421 96786.239786 96336.091149 96319.951061 96242.713533 96123.142308 96057.191247 95997.926846 95795.027070 95442.095121 94898.105574 94408.435600 94041.406483 94036.533989 93739.564501 93292.282320 93194.260322 93073.062358 93071.818137 92967.919756 92912.164706 92862.321725 92737.233094 92442.627889 92220.476837 91915.775726 91809.390646 91799.616152 91745.318842 91285.588237 91015.686175 90456.496658 90266.524630 90254.057701 90184.542803 90098.413373 90022.209090 89697.264505 89600.660267 89271.482560 89257.494418 89226.418283 89202.566080 88908.127218 88811.653682 88640.194875 88200.990692 87926.329736 87333.453722 87212.675346 87167.039674 86927.972444 86747.505639 86663.974405 86500.555952 86210.872115 85938.232175 85831.924760 85828.809801 85716.298658 85658.829889 85485.966079 85340.425088 84699.387852 84182.406061 84094.756924 84062.835090 84043.870125 83995.875367 83793.623302 83613.548653 83418.494859 83403.548236 83375.098010 83351.896241 83289.933030 83018.601799 82995.869283 82901.480299 82750.521604 82472.468245 82351.140197 82274.608010 82232.034934 82221.136075 82181.095273 82101.872146 82076.954253 81995.593481 81683.413576 81544.403328 81203.685698 80241.131944 79801.907299 79738.811000 79493.718374 79136.578176 79084.699269 79063.458216 78906.246465 78892.685497 78803.345917 78753.874948 78735.732504 78640.984367 78484.918643 78309.809866 78168.884263 77651.935439 77344.483766 77016.324400 76679.606958 76655.972217 76540.678633 76451.268506 76349.045772 76122.934168 76058.566377 76001.730162 75961.120084 75944.655210 75898.374103 75804.479388 75738.827354 75680.937279 75599.701756 75499.256080 75359.515176 75230.803054 75207.033864 75147.677340 75056.108346 74774.379072 74734.813976 74727.914414 74658.597214 74627.874291 74574.729979 74563.369246 74492.755260 74470.902890 74448.012072 74434.665631 74380.641986 74286.482760 74069.451849 73870.651537 73675.409111 73656.975859 73625.047191 73575.016618 73448.301378 73435.619921 73375.033919 73292.867692 73276.200013 73256.301666 73200.511789 73165.031820 73092.077305 72946.525646 72847.966583
0.000041 0.026427 0.039830 0.055872 0.073790 0.091313 0.105228 0.118820 0.134466 0.151471 0.168793 0.183091 0.195725 0.211477 0.228223 0.244348 0.259214 0.275137 0.287575 0.300080 0.325243 0.339340 0.352392 0.365753 0.381898 0.398314 0.440470 0.453503 0.479466 0.492529 0.505591 0.531560 0.544910 0.561012 0.575002 0.588489 0.673961 0.686947 0.746158 0.776046 0.791048 0.807822 0.846864 0.860194 0.873207 0.933214 0.947034 0.961361 0.974773 0.988603 1.084909 1.099176 1.112462 1.125557 1.138642 1.151725 1.177969 1.204131 1.218618 1.233211 1.298134 1.311109 1.324119 1.338104 1.351187 1.377154 1.390236 1.403195 1.416200 1.429152 1.469364 1.521555 1.534688 1.552713 1.569478 1.582926 1.597336 1.646549 1.729497 1.742506 1.770430 1.784609 1.799169 1.812284 1.825253 1.838268 1.864269 1.890378 1.918262 1.958151 2.026223 2.056994 2.075585 2.094170 2.113533 2.126879 2.141179 2.154980 2.168453 2.181667 2.195538 2.209446 2.222926 2.236840 2.251229 2.264814 2.278992 2.292296 2.319611 2.338711 2.369179 2.396592 2.410009 2.451149 2.464536 2.509157 2.522332 2.542147 2.564162 2.603401 2.616974 2.629901 2.656138 2.713008 2.739477 2.752641 2.766640 2.780219 2.793657 2.807017 2.834187 2.848603 2.862498 2.879091 2.894530 2.993333 3.006828 3.043954 3.086809 3.115376 3.128631 3.141761 3.182018 3.195736 3.208982 3.237268 3.251572 3.265818 3.279017 3.292144 3.305138 3.318878 3.377499 3.390641 3.470649 3.497923 3.514300 3.564148 3.578198 3.594438 3.614572 3.633628 3.649646 3.664333 3.691091 3.734492 3.751026 3.779265 3.792297 3.805132 3.843880 3.861970 3.881411 3.928203 3.945907 3.976200 3.989206 4.017568 4.030516 4.056727 4.118429 4.134632 4.148016 4.160883 4.173853 4.186743 4.200441 4.239565 4.265202 4.292081 4.319379 4.332323 4.351136 4.381883 4.405268 4.419385 4.434330 4.537511 4.550994 4.565597 4.578916 4.592026 4.605063 4.617882 4.658286 4.723706 4.749610 4.779301 4.792130 4.806283 4.819223 4.859636 4.900007 4.913562 4.926416 4.939511 4.995318 5.009317 5.026776 5.040706 5.066296 5.079020 5.156418 5.194770 5.207567 5.220295 5.233522 5.246237 5.260280 5.273621 5.286385 5.299255 5.364307 5.390625 5.404316 5.417075 5.455476 5.468186 5.494073 5.545630 5.558498 5.598884 5.611604 5.624494 5.638500 5.651457 5.679699 5.707076 5.720921 5.733696 5.763391 5.791110 5.804461 5.817405 5.831291 5.844265 5.857333 5.870392 5.900621 5.953062 5.966452 5.985044 5.998842 6.029301 6.047483 6.060907 6.073989 6.086910 6.126805 6.139848 6.152615 6.178591 6.192384 6.219087 6.232277 6.286602 6.317278 6.343121 6.358072 6.371148 6.438126 6.451467 6.470041 6.488490 6.508362 6.523087 6.536174 6.565780 6.636369 6.675135 6.711600 6.763571 6.776720 6.789474 6.802296 6.846162 6.859342 6.877169 6.893423 6.945746 6.962411
Elapsed_time: 6.962411
Score: 72847.966583
301
1881393.628057 1817632.648953 1775173.197261 1734043.817056 1689658.093820 1503314.475794 1155423.557790 760496.690963 535756.159001 415550.245645 353886.259969 294409.325198 232172.950756 205189.164482 183151.975412 157893.651563 152604.205529 152398.824890 152250.801157 151580.516673 150441.354160 149026.701810 148014.812883 146277.254368 143753.180860 141729.623835 129740.366861 128369.796195 128313.620896 124145.341859 123631.940150 123595.744812 122039.048167 121961.374342 121937.418154 121825.545576 121772.466179 121696.285496 121555.818336 121464.499818 121152.120149 120888.946339 120303.643153 119876.906056 119370.923335 118620.283493 117973.494987 117638.720845 117288.706785 117272.988670 117022.766722 116681.942548 116488.631876 115968.963150 115658.541577 115615.900403 115563.075111 115524.593852 115435.619827 114406.226749 113684.562818 113456.859911 110873.978990 110821.047823 110813.122775 110500.722999 110476.261547 110331.519095 110212.863301 110111.387347 109782.108290 109521.937038 109246.067802 107835.672264 107761.663486 107743.501983 107631.011302 107614.792654 107500.374079 107352.579018 107190.466109 106845.364907 106370.025740 105813.434144 105687.364101 104731.550714 104645.388076 104358.052138 104302.536304 103733.094585 103526.075925 103257.794510 103059.883500 103047.139204 102956.805745 102955.039940 102811.982921 102738.844370 102736.882075 102621.605031 102506.896146 102368.632880 102053.077959 101600.481726 101254.145771 100622.186323 99823.281732 99629.837262 99231.213778 99220.314547 99201.114055 99100.409394 98795.325200 98763.925899 98655.627415 98637.825053 98524.966930 98491.060592 98354.823730 98097.570570 98002.847617 97961.274510 97949.192321 97768.441312 97669.859914 97331.409665 97081.094004 96663.544755 96356.286134 96172.187942 95741.895169 95724.682323 95587.932932 95430.625187 95207.038265 94799.265797 94347.580548 93661.302574 93526.367510 93508.420315 93500.534647 93329.537183 93107.412852 92991.997995 92862.317396 92840.600533 92700.646558 92543.734569 92136.372671 91672.246663 91601.540442 91372.595678 91363.017999 91301.929929 91218.207310 91118.616762 91051.953367 90888.117678 90703.556817 90409.885900 90355.266264 90091.726863 90065.190624 89886.163983 89860.448992 89841.193267 89783.060666 89629.679818 89203.590608 88636.301481 88529.776464 88521.487368 88480.086037 88473.849587 88006.881695 87653.372360 87564.944056 87496.240560 87346.289202 87237.745646 87050.154471 86898.295700 86443.125142 86233.913000 85936.859646 85709.741744 85555.373109 85256.142481 85113.859358 85096.068982 85023.739215 84957.260845 84872.820604 84742.757462 84440.754692 84244.660021 84132.721896 84071.714182 83831.482662 83819.071960 83692.385569 83493.804773 83296.251572 82947.027941 82855.580871 82716.283973 82571.788798 82323.171657 82319.939211 82075.903286 81923.472962 81848.083412 81777.245517 81574.399783 81273.528382 81088.656383 80908.421580 80890.539738 80858.748383 80815.029004 80690.940471 80563.775742 80535.895466 80509.346481 80495.977515 80475.914702 80428.320743 80366.568850 80285.916701 80163.141806 79894.536614 79819.521435 79748.815851 79443.380351 79321.130598 79284.902928 79257.097820 79149.776021 79124.210734 79111.098489 79074.097319 79015.120968 79012.565987 78808.896440 78732.480920 78724.684717 78704.490114 78539.367406 78505.659673 78432.188542 78358.418392 78050.746536 77951.208373 77934.117014 77559.056672 77554.114023 77548.517056 77478.270522 77438.521475 77388.204629 77354.391829 77340.260216 77267.562155 77110.744606 77092.025759 77040.080896 76901.829849 76823.602212 76618.713442 76362.688084 76336.942037 76185.294473 76130.575636 76027.942011 75933.559380 75809.919863 75757.632058 75517.920450 75313.344159 75104.323770 74662.881485 74480.595463 74415.403831 74411.694459 74248.805164 74211.166072 74149.736960 74087.325198 73996.886644 73879.793489 73873.382910 73634.252759 73358.849650 72987.595356 72847.310195 72546.385196 72338.961269 72218.508176 72136.822343 72121.957949 72052.102803
0.000042 0.029918 0.045585 0.058765 0.077549 0.095017 0.110580 0.129794 0.142894 0.161685 0.182423 0.206344 0.219407 0.236900 0.256865 0.270701 0.283294 0.296265 0.311704 0.332811 0.354331 0.375249 0.394247 0.409211 0.425990 0.470278 0.563047 0.577033 0.669078 0.682169 0.707109 0.765305 0.778439 0.818177 0.899283 0.912699 0.929600 0.949392 0.969436 0.988067 1.001268 1.016608 1.030188 1.044097 1.057942 1.084036 1.096987 1.150561 1.164657 1.214552 1.227991 1.241882 1.255399 1.268737 1.282301 1.354078 1.368585 1.382405 1.395570 1.453272 1.467088 1.545637 1.594139 1.607285 1.691987 1.706513 1.721617 1.775624 1.788960 1.802395 1.815440 1.828915 1.845285 1.902375 1.915511 1.971562 2.015076 2.069590 2.083163 2.096718 2.110797 2.124360 2.138056 2.151817 2.165669 2.178841 2.206454 2.233946 2.248555 2.275452 2.289562 2.345546 2.403700 2.472101 2.486106 2.500074 2.513708 2.526840 2.553111 2.569282 2.582335 2.615254 2.632878 2.651260 2.668433 2.685802 2.713193 2.726732 2.741511 2.767655 2.806222 2.819158 2.832152 2.845127 2.886441 2.925848 2.939335 2.957559 2.975333 2.988655 3.002554 3.029735 3.069789 3.085012 3.098667 3.112944 3.126205 3.139547 3.152820 3.166497 3.179391 3.230023 3.250429 3.263738 3.277581 3.304810 3.317963 3.338273 3.353710 3.394448 3.408396 3.422242 3.448811 3.462051 3.475071 3.504856 3.519303 3.535705 3.569512 3.586521 3.599985 3.612968 3.654001 3.669083 3.697654 3.712353 3.726554 3.740869 3.754734 3.795323 3.822271 3.849030 3.890035 3.930990 3.992599 4.031048 4.043954 4.056747 4.070060 4.083536 4.159322 4.192455 4.220694 4.277840 4.306403 4.319277 4.360155 4.373843 4.392400 4.406531 4.428148 4.461349 4.476225 4.490352 4.504140 4.518945 4.546272 4.562930 4.577215 4.649723 4.682809 4.695903 4.709640 4.723085 4.736938 4.750118 4.777991 4.831350 4.844417 4.908531 4.922054 4.935086 4.947917 4.973440 5.011917 5.024917 5.040027 5.053202 5.066121 5.079000 5.146274 5.160165 5.174493 5.190995 5.205130 5.220129 5.247542 5.302296 5.316108 5.329059 5.343285 5.371475 5.390373 5.418816 5.473131 5.487996 5.515601 5.529092 5.542198 5.555143 5.568288 5.581158 5.595371 5.609211 5.623948 5.655247 5.761684 5.775590 5.788703 5.828392 5.842343 5.857000 5.870743 5.883864 5.897887 5.910738 5.923701 5.937817 5.960441 5.976373 5.989361 6.002705 6.030867 6.062384 6.077115 6.105237 6.132018 6.147756 6.164550 6.190901 6.207645 6.221299 6.311246 6.325542 6.355835 6.370754 6.386360 6.399770 6.412657 6.445125 6.485589 6.511381 6.539047 6.552427 6.565234 6.578570 6.607027 6.622825 6.636986 6.651613 6.665726 6.678509 6.730194 6.757463 6.770577 6.785994 6.845746 6.872905 6.887745 6.902828 6.949624 6.966759 6.981618 6.994600 7.007994 7.059312 7.101485 7.127931 7.155333 7.185506 7.203987
Elapsed_time: 7.203987
Score: 72052.102803
