5
301
1297647.362080 1246434.005484 1211222.048872 1175769.980236 1083105.255025 888515.935122 577599.855470 438427.896793 345153.597784 254317.815047 219862.485042 183166.166745 163840.896107 143222.974079 142427.101083 141690.859864 141212.097654 139473.485934 138895.996040 136911.631000 136337.872156 135890.622836 131004.867141 130981.254714 130762.289682 130673.774408 130638.689219 130452.929126 130206.484935 129757.571583 129618.326747 128624.841370 128029.397399 127610.070184 127087.860638 127014.736000 126906.621232 126873.686995 126650.359657 126615.759328 126592.811838 126431.287008 126218.908299 125764.441547 125698.998816 125659.311312 125423.670583 125353.904684 125265.995409 125100.483241 124807.919556 124762.425173 124455.354683 124355.661827 124313.407228 124061.710663 123893.766908 123840.507636 123398.931620 121082.270167 120839.050820 120821.352483 119937.449102 119799.886016 119784.696708 119753.237197 119255.359125 119244.357236 119207.456285 119114.268293 118935.162282 118593.001077 118339.666718 117726.835792 117534.592474 117021.473462 116428.659071 115995.219710 115627.584927 115614.561078 115413.916070 115286.693618 114871.941279 114600.731486 113978.048931 113826.820857 113328.416884 112916.073948 112229.817414 111722.944364 108941.074788 108853.117788 107271.649312 107145.186447 107043.214318 106619.988653 105539.198097 105508.714949 105356.467700 105272.319844 105198.457602 104983.080848 104879.807674 104834.289517 104394.230884 103738.158886 103591.101346 102900.719795 102832.221351 102552.328125 102433.961625 102188.860709 102034.295639 101720.819764 101466.914786 101165.477336 100437.819299 98915.993924 98902.435618 98856.921929 98804.255899 98614.054086 98366.090077 98293.102460 97999.861885 97508.763570 97458.155079 97398.936481 97221.143794 97207.296011 97070.577946 96924.688844 96530.451973 96374.513747 95654.794988 95323.115860 94711.155375 94232.039644 94188.409591 94164.289311 93903.073785 93878.891486 93825.145370 93711.073021 93569.191799 93151.449685 92878.275869 92453.476549 91874.956281 91777.326140 91681.187483 91499.114164 91410.365036 91269.446193 90686.058533 89534.710561 89506.827917 89410.606352 89368.984056 89286.641975 89263.086370 89079.130475 88918.084541 88566.210469 88298.893426 87877.094552 87253.755825 86858.448384 86752.031298 86269.845441 86191.937438 86175.911940 86056.638870 86004.295646 85824.195009 85658.381418 85138.147800 83703.935135 83133.105930 83131.511737 83027.135872 82936.372461 82735.841261 82565.485737 82264.159913 82240.044508 82057.450082 81655.273944 81348.345360 81168.184147 80983.201166 80612.382446 80610.834785 80562.693431 80196.719656 80077.798708 79713.792520 79624.689066 79614.964636 79467.097700 79393.920733 79362.383899 79326.545571 79322.799820 79228.466803 79128.135177 78872.770554 78729.676620 78659.678040 78462.723496 78460.208917 78371.233925 78245.548776 78046.534023 77894.024841 77809.425325 77730.175058 77640.233902 77536.716118 77200.762469 76676.198804 76142.714922 75947.100317 75890.029030 75849.065048 75753.932433 75645.913444 75465.159971 75364.748884 75279.001229 74568.144612 74341.130608 74298.433813 74208.469614 74020.070685 73860.883824 73579.271069 73172.892338 72303.880501 72232.052600 72133.930674 72051.364422 72017.525278 71928.336846 71807.706017 71647.730424 71484.773184 71299.760654 71120.133164 70913.638884 70455.891261 69998.707518 69921.406855 69881.153906 69662.232495 69442.387223 69377.130681 69306.152373 69300.362082 69258.900299 69194.455527 69171.819444 69171.020796 69082.985077 68967.770022 68639.458189 68553.754898 68514.403393 68332.508086 68153.602779 67991.082930 67920.675266 67785.057447 67766.731799 67679.868638 67540.160030 67449.803406 67142.021985 66446.987747 65803.824003 65480.016433 65341.269184 65195.733166 65130.423183 65022.420914 64929.265060 64617.627014 64340.579050 64322.405216 63990.965952 63927.054650 63878.795958 63760.338180 63658.853145 63530.693331 63273.219905 62861.073090 62832.605435 62820.271904 62789.320292 62763.648581
0.000056 0.018109 0.027123 0.036150 0.045164 0.054065 0.062870 0.072125 0.087304 0.103701 0.115519 0.124412 0.134003 0.142639 0.151240 0.159863 0.168455 0.177115 0.185742 0.203227 0.212103 0.238783 0.256844 0.323256 0.332067 0.349596 0.358386 0.367158 0.375939 0.384755 0.419914 0.428703 0.437478 0.446294 0.455030 0.463899 0.472681 0.481494 0.490288 0.517089 0.525906 0.534721 0.543521 0.552314 0.578632 0.604891 0.622573 0.640404 0.658292 0.668009 0.688072 0.705755 0.714574 0.723446 0.732316 0.742713 0.755500 0.793047 0.863187 0.933236 0.941960 0.976924 0.985731 0.994552 1.049065 1.075576 1.138204 1.193365 1.202217 1.211057 1.219895 1.228698 1.237522 1.246384 1.255240 1.264102 1.273120 1.300458 1.309223 1.335520 1.344340 1.353107 1.361924 1.371115 1.388864 1.406446 1.415210 1.424052 1.432814 1.441539 1.450751 1.489537 1.506872 1.515535 1.549848 1.558408 1.566979 1.601309 1.610016 1.618923 1.629626 1.638249 1.672706 1.681370 1.690044 1.698688 1.715960 1.724585 1.733208 1.741836 1.750469 1.759076 1.784922 1.793560 1.810786 1.820067 1.828683 1.862673 1.914427 1.939980 1.948897 1.957439 1.967441 1.977731 1.986195 2.011414 2.028334 2.053582 2.062016 2.087309 2.095767 2.104220 2.112733 2.129583 2.155266 2.165531 2.174218 2.191091 2.207922 2.258489 2.266945 2.300610 2.309035 2.317490 2.325932 2.334383 2.351230 2.359666 2.368116 2.397379 2.405736 2.414166 2.422567 2.431047 2.440850 2.474817 2.509095 2.517450 2.534142 2.576280 2.584799 2.595992 2.612630 2.620910 2.637531 2.645841 2.654110 2.662351 2.678796 2.711721 2.728135 2.752820 2.761045 2.777477 2.785912 2.794342 2.802747 2.819453 2.827783 2.868850 2.877115 2.893579 2.901797 2.910001 2.918234 2.961207 2.969447 2.986460 2.994735 3.012491 3.026054 3.040291 3.055492 3.065224 3.073453 3.081610 3.089738 3.122335 3.154834 3.172413 3.189671 3.207998 3.216091 3.256683 3.264827 3.272922 3.281110 3.305373 3.346004 3.378287 3.418690 3.426819 3.434906 3.443021 3.451103 3.459154 3.467320 3.475619 3.501374 3.509615 3.517859 3.526090 3.534233 3.550901 3.567056 3.575158 3.583193 3.591262 3.600269 3.608511 3.616525 3.632470 3.648445 3.656421 3.664411 3.672404 3.680339 3.688295 3.704200 3.735703 3.751417 3.759285 3.798873 3.806736 3.814576 3.822492 3.830354 3.838239 3.846105 3.869626 3.877470 3.893103 3.908772 3.948323 3.973690 3.981582 3.989476 4.013354 4.037159 4.045107 4.053073 4.069161 4.092605 4.100548 4.109665 4.117781 4.125661 4.157007 4.164891 4.172687 4.181820 4.205861 4.213645 4.237147 4.244887 4.252687 4.260465 4.268291 4.276164 4.283904 4.292331 4.308561 4.316324 4.331750 4.340174 4.347876 4.355642 4.401647 4.416952 4.424636 4.455364 4.463044 4.478440 4.486115 4.493836 4.501495 4.509144 4.539905 4.570367 4.578033 4.585676
Elapsed_time: 4.585676
Score: 62763.648581
301
1301098.303858 1253580.857218 1223679.122992 1191423.650392 1157536.253367 1005989.389085 723253.582176 494764.926947 320831.225586 275113.812180 222749.185226 173011.445093 163975.329835 151440.636519 147935.383069 147262.596419 146943.520088 145805.082388 144494.084375 142701.222573 141866.468661 140988.393532 138273.017418 131277.156566 130925.175922 130896.993714 130816.395116 130810.461794 130679.267146 130453.954610 130072.111963 129705.556501 129632.047307 128969.626820 128575.859102 128398.852350 128106.425744 127758.114342 127383.930075 126857.552484 126462.214048 126039.890626 125344.952418 124811.257883 124231.892880 124124.252920 122181.307168 122069.417436 122057.424211 121713.230060 121693.611611 121573.640245 121475.831889 121464.819099 121434.985056 121278.313745 120978.951916 120894.466763 120879.897759 120717.673954 120169.688084 119796.939272 119782.923163 119743.468315 119365.533795 119351.114595 119287.502957 119221.466436 119139.744035 119103.784939 118893.157438 118752.897210 118461.565768 118024.921984 117784.381592 117682.397181 117491.876222 117421.607826 117230.796052 117040.837285 116669.131443 116012.299205 115230.008952 114438.512378 114306.573284 113941.692265 113847.625102 113777.265937 113768.093128 113644.307663 113481.246136 113122.925602 112597.300100 112492.226061 112414.930308 112337.869072 112307.148315 112099.412443 111949.042069 111613.862112 111486.366288 111076.661977 111026.912906 110888.272486 110774.259573 110658.549599 110488.267549 110091.218504 109704.594759 107778.804495 106919.537357 106722.330415 106720.284701 106627.000109 106483.553079 106402.333744 106376.811750 106349.580589 106232.560715 106032.801619 105685.400201 105086.010306 104716.073555 104252.568973 104137.146814 104133.977038 103961.925532 103935.804886 103732.605497 103387.770038 102997.939274 102992.394972 102744.808213 102738.719316 102597.529165 102554.558664 102245.429321 102061.881115 101489.076287 100545.898568 100485.918346 100199.839040 100194.003822 99831.483422 99589.698969 99509.039794 99387.148833 99353.891770 99246.444306 99208.739824 99014.000920 98728.699879 98475.909885 98299.289480 98176.458225 98017.684465 97815.099413 97654.289883 97571.085151 97409.266458 96361.145805 96354.581362 96115.720082 96050.455358 95937.394058 95863.006167 95660.085337 95311.132107 95219.288619 95010.473589 94726.929448 94488.853050 94280.962486 93873.611562 93645.554289 93546.452506 93543.480363 93431.322383 93216.471961 93027.914359 92693.429900 92029.001118 91026.372868 89428.801553 88897.331622 88361.989563 88324.310053 88218.617297 88124.919620 88081.619300 87903.405488 87649.858607 87032.253792 86222.217931 85750.261858 84586.434846 84265.627817 84129.698525 83919.604419 83548.817920 83307.709486 83088.389859 82822.906540 82332.844501 82073.134495 82067.426449 82055.493388 82044.912309 81852.769372 81660.807494 81298.415980 81074.765651 80894.064709 80858.952882 80798.266614 80712.918202 80592.455128 80260.235455 80052.358988 79697.579039 79543.310431 79434.605304 79199.694665 78628.945124 78551.691049 78521.081179 78449.075810 78395.665138 78297.762521 78055.525950 77854.555985 77770.931182 77710.666009 77580.502402 77577.707982 77373.127705 77348.649568 77307.875679 77205.941119 77138.846855 77081.743357 77020.299933 77009.677034 76819.910579 76713.509697 76525.589154 75728.510007 75051.420599 74974.865886 74933.995017 74627.749808 74615.465281 74317.793029 73923.401063 73631.255056 73543.746014 73443.668144 73430.048151 73343.231355 73082.419769 72588.438103 72243.172571 71679.201042 71345.824485 70996.428277 70827.372963 70741.171932 70722.896012 70628.115159 70595.872223 70585.267119 70532.392293 70450.908435 70342.936633 70253.845877 70207.045906 70093.390727 70002.534953 69853.099701 69611.799006 69009.101631 68573.693118 68522.834227 68373.428995 68136.020654 68112.735815 68030.226262 67990.102061 67905.695112 67860.219414 67805.945138 67744.309956 67691.167994 67549.835937 67384.698135 67260.932579 66976.079990 66816.257265 66751.948218 66483.365158 66462.466827
0.000046 0.018448 0.027772 0.037919 0.046921 0.055804 0.064707 0.073502 0.082202 0.090894 0.099907 0.108822 0.117806 0.126617 0.135445 0.144227 0.153111 0.161993 0.170804 0.179552 0.188383 0.197176 0.205982 0.270583 0.332786 0.359382 0.413559 0.458109 0.466966 0.475759 0.484645 0.493703 0.502544 0.512233 0.521475 0.533378 0.544139 0.552962 0.561798 0.570703 0.579575 0.588443 0.638387 0.647522 0.665044 0.691791 0.789632 0.857537 0.867351 0.893691 0.902525 0.911465 0.920308 0.937776 0.965159 0.982736 0.992483 1.010844 1.065750 1.075213 1.084456 1.094912 1.105718 1.124108 1.151492 1.171590 1.208406 1.244498 1.253736 1.272762 1.284671 1.294972 1.304277 1.313557 1.324125 1.334643 1.343474 1.353686 1.362409 1.371541 1.381506 1.390528 1.400284 1.435297 1.444008 1.453561 1.463580 1.481809 1.527238 1.538394 1.548303 1.559633 1.570265 1.580864 1.598844 1.627309 1.645854 1.655298 1.664146 1.672970 1.682308 1.691703 1.727584 1.736684 1.746484 1.755137 1.764043 1.774492 1.784898 1.802951 1.812735 1.859731 1.898262 1.907610 1.916221 1.925406 1.962272 1.981487 1.990236 1.998797 2.007488 2.016772 2.026578 2.044651 2.063131 2.071699 2.080216 2.089653 2.099114 2.109925 2.119741 2.129100 2.137622 2.164731 2.173229 2.181678 2.190244 2.199777 2.208289 2.216815 2.227077 2.263739 2.291509 2.318242 2.326849 2.336951 2.345531 2.401999 2.412426 2.422043 2.430585 2.456558 2.465108 2.473587 2.482005 2.490507 2.498962 2.507488 2.515959 2.524496 2.587801 2.633583 2.642059 2.650478 2.659541 2.668028 2.677220 2.685661 2.703062 2.711546 2.719940 2.728526 2.737020 2.755406 2.763859 2.789168 2.814245 2.822668 2.832144 2.842255 2.852218 2.860892 2.869194 2.878291 2.886647 2.894958 2.903178 2.938973 2.956742 2.973315 2.981698 2.989996 2.999478 3.007666 3.015863 3.024001 3.040262 3.048388 3.056541 3.064746 3.072831 3.080922 3.089138 3.097482 3.130563 3.138662 3.172261 3.197483 3.205605 3.213772 3.229872 3.238050 3.263553 3.288224 3.296607 3.304814 3.347799 3.355923 3.364047 3.372132 3.380167 3.388232 3.404345 3.420509 3.444557 3.468839 3.487075 3.495307 3.503598 3.511622 3.519805 3.545577 3.553956 3.580067 3.588327 3.612759 3.636691 3.644787 3.652827 3.663269 3.691825 3.700640 3.717892 3.727897 3.736118 3.745861 3.755194 3.764755 3.798578 3.847900 3.866465 3.893485 3.910139 3.918119 3.926033 3.959076 3.975363 3.991171 3.999028 4.007400 4.015389 4.023405 4.031278 4.039137 4.046980 4.054891 4.062754 4.088500 4.096531 4.106425 4.114487 4.132834 4.142820 4.152388 4.161950 4.170832 4.178745 4.187841 4.196116 4.212422 4.220237 4.228054 4.237008 4.245729 4.253804 4.262531 4.278925 4.295082 4.303105 4.318892 4.342322 4.350939 4.358761 4.375315 4.383137 4.391209 4.406954 4.414751 4.463459 4.471231 4.494460
Elapsed_time: 4.494460
Score: 66462.466827
301
1278804.902466 1230719.173839 1200265.214011 1172642.476249 1087035.408987 806232.533669 542255.445548 441959.444019 344777.104279 271640.878603 187431.488843 174541.827925 153911.800571 143850.975683 143583.654089 143464.682187 142877.985383 142089.636741 141419.455696 138325.731974 137163.255490 132605.185424 130454.837776 129619.997554 129474.397208 128570.841721 128383.321709 128083.896716 127762.854540 127707.719354 127529.942517 127245.451301 126541.544410 126246.262858 125320.899692 124812.496448 124586.581445 124433.500165 124177.417753 124081.171506 123843.886133 123388.914364 123368.510474 122468.423774 121040.235966 119901.404045 119883.334012 119707.195324 119641.522373 119518.227621 119465.002514 119409.659570 119346.822525 119164.511559 119130.266621 118989.212189 118436.616711 118019.770543 117791.808982 117200.534512 116947.646025 116932.952838 116817.107005 116718.391247 116496.605959 116158.790876 115929.836415 115826.777062 115532.541202 115290.181968 115281.478070 114845.392232 113745.582979 113708.505891 113632.032950 113533.111526 113415.146049 112958.411870 112798.438891 111960.403464 111894.853587 111420.403696 111051.987097 109987.320515 109534.092925 109078.624011 108710.891489 108034.527830 107437.922100 107321.865975 107288.940780 107244.252794 107099.434405 107002.196799 106892.858749 106325.533979 106020.211268 105570.998135 104794.751751 104453.925766 104239.190772 104105.585195 103947.268129 103701.336052 102340.526635 101173.053035 101168.916031 101024.420289 100929.537606 100865.500613 100806.624913 100604.505847 100240.117649 99905.199845 99459.187951 98868.136070 98733.170785 98601.630859 98473.243813 98444.015752 98317.178920 98152.457296 97954.879911 97817.049399 97683.156741 97597.798129 97289.082034 97178.248271 97123.189669 97033.203986 96947.500987 96594.277617 95332.989137 94879.145441 94241.584231 94202.299552 94183.102115 94081.725930 93939.949320 93780.863523 93526.266350 92919.163573 92607.711948 92500.780437 91579.803725 91351.471652 91319.321199 91275.121700 91272.229671 91137.283206 90872.528096 90828.190215 90703.177020 90487.811251 90196.850085 89931.670784 88932.382505 88090.824848 87936.983440 87930.591620 87884.549064 87815.190745 87685.754639 87634.903125 87534.268710 87322.222512 87015.570367 86804.543585 86617.755226 86327.370830 86046.337118 85732.873584 84457.644161 84431.064595 84242.595120 84130.202911 84087.204176 84045.017584 83922.896422 83848.507730 83732.898155 83723.295495 83652.325456 83561.449876 83508.741526 83401.381713 83271.520564 82919.996665 82759.927455 82581.867908 82534.276703 82291.342542 82073.448401 81886.396838 81280.360529 81010.756079 80573.361187 80539.652725 80451.016662 80296.264872 80249.232762 80200.605317 80134.345050 79984.902710 79728.236533 79593.029037 79422.229703 79273.322727 78510.147035 77985.936574 77655.434735 77559.116354 77440.775471 77248.356886 76768.329657 76330.376064 75972.411317 75736.736166 75327.340912 75156.787974 75153.872092 75110.064585 75030.013121 74910.435495 74683.872498 74421.288179 74168.309760 73670.810265 73585.403461 73405.223681 73208.428601 73140.550305 72911.850089 72750.170592 72510.501335 72326.898927 72048.560431 71673.128951 71665.991720 71500.951510 71495.072085 71416.209456 71345.771638 71337.841582 71187.747355 71097.986687 71079.114214 70950.486358 70701.651657 70364.857029 70270.423656 70056.604405 69852.158957 69591.466924 69565.205081 69528.652069 69512.734895 69419.894794 69173.372131 68764.383221 68659.169985 68577.917970 68321.023557 68017.477537 67995.782080 67972.184930 67914.722285 67866.190595 67798.235259 67535.815416 67201.159748 67115.172319 66927.714724 66593.540484 66376.376994 66299.567347 66079.254340 65935.124081 65845.387934 65584.923486 65568.002781 65469.630566 65312.675922 64931.676590 64504.543034 64119.318113 64010.531110 63901.498189 63731.148149 63715.848106 63629.294417 63516.038743 63345.673380 63019.265527 62757.205237 62277.506410 62236.622624 62106.099488 61899.325681 61737.417222 61442.021202
0.000039 0.019255 0.029050 0.041459 0.050479 0.059398 0.069238 0.079283 0.088198 0.097452 0.106174 0.115221 0.123907 0.132549 0.141199 0.149852 0.159697 0.171452 0.194516 0.206306 0.220077 0.232068 0.241852 0.313168 0.387173 0.396199 0.450822 0.489035 0.507262 0.535451 0.544976 0.553960 0.563706 0.582724 0.592923 0.601858 0.611586 0.620447 0.630244 0.640711 0.650589 0.659492 0.677284 0.733057 0.742240 0.817725 0.878477 0.888629 0.915897 0.935240 0.944000 0.972658 0.991707 1.009548 1.028959 1.038479 1.047329 1.074820 1.084651 1.093687 1.120239 1.138852 1.148416 1.166483 1.175255 1.184103 1.192828 1.201989 1.210694 1.219706 1.274615 1.283295 1.292037 1.329796 1.338564 1.348965 1.358247 1.366941 1.384634 1.411892 1.429110 1.459033 1.467746 1.487167 1.496116 1.513644 1.522328 1.582910 1.591490 1.617330 1.626268 1.634986 1.645700 1.665086 1.673790 1.683328 1.700365 1.734677 1.743243 1.760479 1.769922 1.778659 1.787248 1.795944 1.814134 1.833475 1.885790 1.895412 1.915151 1.923773 1.932509 1.941037 1.950069 1.958913 1.967729 1.976290 1.985528 1.994064 2.002703 2.020687 2.032339 2.041226 2.058482 2.075493 2.084085 2.092636 2.101151 2.109605 2.126677 2.135247 2.155086 2.164207 2.172675 2.227450 2.235891 2.288459 2.313540 2.321861 2.330189 2.338596 2.346932 2.355201 2.372463 2.381023 2.398743 2.407106 2.415351 2.440178 2.456703 2.473186 2.481479 2.498112 2.506538 2.517075 2.526360 2.569102 2.613150 2.639246 2.647580 2.672864 2.725874 2.735494 2.743868 2.752236 2.760512 2.769842 2.779264 2.787873 2.796181 2.804469 2.812908 2.821208 2.840904 2.877050 2.885263 2.893699 2.910101 2.918284 2.927332 2.944272 2.953048 2.961244 2.994650 3.004320 3.012576 3.020800 3.029120 3.037760 3.072892 3.081136 3.097510 3.105728 3.114420 3.124505 3.132639 3.140775 3.149210 3.157592 3.165727 3.173870 3.225720 3.251163 3.259323 3.284725 3.292840 3.301013 3.309304 3.317474 3.325595 3.333966 3.342297 3.360021 3.368532 3.378256 3.386758 3.394999 3.403525 3.411542 3.419578 3.427584 3.435570 3.443546 3.453186 3.461478 3.470658 3.480255 3.488306 3.496195 3.504119 3.512204 3.521847 3.538332 3.546174 3.554011 3.562009 3.595599 3.603547 3.621140 3.629049 3.655188 3.671068 3.679577 3.688567 3.697244 3.705122 3.720835 3.729369 3.737902 3.746224 3.754794 3.772763 3.780683 3.797174 3.805871 3.859038 3.867118 3.883732 3.891615 3.899574 3.907700 3.915583 3.923449 3.931493 3.939348 3.979030 3.994608 4.002434 4.010216 4.025929 4.033911 4.041735 4.049534 4.057356 4.065162 4.072927 4.105306 4.113099 4.138137 4.146827 4.154670 4.185796 4.194164 4.201839 4.209815 4.219131 4.227244 4.242607 4.258224 4.275016 4.283853 4.299123 4.306769 4.314810 4.322707 4.330274 4.345812 4.386623 4.396697 4.405279 4.412900 4.420917
Elapsed_time: 4.420917
Score: 61442.021202
301
1266116.993446 1217563.414818 1184960.256107 1149196.158792 1097950.862283 970494.702536 636048.216925 446606.082281 361047.209653 294684.327989 241933.406550 183977.473434 158241.954067 150312.961028 150198.760889 149958.025415 149692.399506 149362.337070 149065.439575 148967.956755 147464.909477 147365.281045 146104.981669 146062.334200 145904.636954 145771.393194 145584.162407 145432.483134 144887.829321 141077.916146 136317.309783 133415.083706 133306.514994 133291.687846 133145.180391 133079.779661 132865.400032 132673.153150 132176.745089 131536.764953 130953.293986 129615.940654 129330.320172 128527.390563 128177.718902 127642.682863 127340.886719 127330.031792 127006.152332 125601.507620 125590.253514 125556.506126 125243.511892 125195.634354 125122.166130 124766.294101 124702.708881 123880.882462 123757.924414 123484.630542 123065.274259 122989.660025 122883.076989 122544.426273 122329.430317 122134.220671 122002.275292 121514.760259 120968.895320 120440.644941 120323.165584 120260.636837 120219.100806 120058.010690 119929.004274 119741.491338 119242.128324 119002.571643 118949.997452 118942.403986 118780.377826 118609.256792 118443.682040 118172.238928 117982.723523 117333.587322 117260.767442 117226.863987 117136.373472 116919.188575 116805.059364 116793.699289 116439.132983 116258.186776 116219.700859 116009.106689 115990.030218 115847.019437 115813.804064 115754.354858 115704.493766 115685.825859 115472.505437 115442.019495 115364.280410 115003.369772 114829.588580 114752.236423 114720.871887 114542.041593 114420.793429 114172.278839 113895.099669 113415.706474 112297.339055 110864.740339 110402.940168 110174.053355 110097.408358 110025.749176 109916.474396 109668.924219 109270.875532 109032.268216 108529.545888 108287.275602 108092.419019 108064.892470 107996.151095 107829.992388 107681.471727 107443.097785 107234.425669 106987.188672 106465.053197 106301.804606 103774.188986 103730.403073 103636.004641 103571.385478 103481.686729 103410.273169 103395.746417 103379.572332 103333.096463 103239.069220 103176.100741 103051.899550 103009.698835 103000.438274 102854.996509 102793.808022 102770.904365 102567.909114 102026.820178 101899.847341 101819.129620 101188.077193 101060.309987 100860.982126 100512.204263 100493.711098 100460.246393 100080.848135 99826.541277 99054.665391 98859.809138 98340.768900 98339.854069 98317.406448 97987.353135 97802.879147 97665.499891 97567.975578 97478.994673 97447.815996 97053.219184 97038.353702 96926.153910 96833.333290 96510.484358 96265.570220 96248.458946 96056.582127 96026.727608 95997.412319 95588.959815 95458.452492 95289.948922 95123.685439 94761.530015 94611.943407 94490.260571 94377.251445 94162.125572 94080.979613 93731.522165 93237.463374 91439.202399 91291.480756 91287.690573 91122.133666 90895.291628 90436.188263 89769.559052 89256.940248 89072.927045 88920.800583 88776.814534 88773.453802 88642.814641 88521.098787 88331.157444 88010.393513 87767.924952 87589.859375 87190.358469 86872.559961 86715.989046 86651.715376 86539.577999 86327.053359 86253.772446 86240.476273 86181.937157 86095.233084 85993.227289 85740.219251 85351.068293 85216.780677 84977.554643 84711.403636 84669.228514 84598.503007 84464.160969 84324.676639 84088.735043 82989.705912 82707.137651 82427.254269 82221.613751 81929.307949 81914.744739 81732.043694 81620.652389 81476.556682 80992.891471 80828.619801 80171.808748 79760.113634 79529.497888 79164.047060 78792.733497 78757.196928 78680.462081 78639.252558 78518.401230 78417.581096 78004.485368 77371.063512 76430.310549 75624.988300 75126.339765 75046.848066 74733.720162 74706.369097 74648.323537 74296.443061 74260.143530 74061.859910 74000.758196 73933.005375 73742.009211 73657.215378 73417.112196 73231.317438 72959.975474 72647.495783 72356.560159 72314.762966 72253.376341 72041.723120 71997.445054 71965.047971 71877.082047 71775.725441 71577.092960 71420.298537 71357.528546 71094.563599 70857.877562 70576.041104 70187.497024 70158.171189 69887.380051 69867.011992 69684.958146 69568.019387 69394.365660 69135.105700 69092.732649
0.000036 0.018620 0.027668 0.036674 0.045818 0.054899 0.063777 0.072575 0.081315 0.090012 0.098675 0.107304 0.117279 0.125908 0.152058 0.160607 0.169167 0.177674 0.186299 0.194906 0.259476 0.296915 0.305725 0.332923 0.342321 0.352658 0.361408 0.370512 0.379354 0.397850 0.407514 0.416419 0.453578 0.508119 0.518192 0.546534 0.555563 0.565696 0.575266 0.596076 0.605127 0.643277 0.653233 0.662637 0.671944 0.681767 0.708536 0.735492 0.744492 0.762699 0.780886 0.807623 0.816374 0.834159 0.842864 0.851702 0.862850 0.871899 0.881018 0.889847 0.898595 0.924984 0.942623 0.951336 0.960210 0.969100 0.978073 0.987606 1.033199 1.050882 1.079129 1.088755 1.116729 1.126822 1.136204 1.146866 1.156113 1.175245 1.203520 1.221653 1.230499 1.239455 1.248367 1.257275 1.274934 1.283769 1.301358 1.310156 1.318967 1.338226 1.347556 1.357935 1.366767 1.375558 1.384399 1.393266 1.419572 1.437182 1.454855 1.463635 1.481527 1.491164 1.508702 1.565392 1.575604 1.584476 1.594276 1.603866 1.621746 1.630559 1.639340 1.648266 1.657190 1.696424 1.707859 1.742774 1.751826 1.769775 1.804840 1.813817 1.822613 1.831432 1.840280 1.849251 1.858357 1.867109 1.886970 1.907663 1.916335 1.925021 1.933782 1.943070 1.953615 1.964425 1.973071 1.982164 1.993752 2.028829 2.037499 2.080728 2.098707 2.107787 2.126246 2.169850 2.178408 2.186972 2.221424 2.230026 2.264452 2.303558 2.312139 2.329338 2.355185 2.363961 2.372560 2.382541 2.420976 2.429665 2.446839 2.455500 2.481237 2.517676 2.547777 2.556806 2.592267 2.628937 2.665152 2.682251 2.708663 2.725807 2.734572 2.762783 2.771498 2.780101 2.788605 2.797128 2.805851 2.855949 2.864515 2.872955 2.881347 2.889783 2.923470 2.931894 2.940348 2.948824 2.957366 2.975751 2.984321 2.993934 3.002947 3.012670 3.022881 3.031332 3.039958 3.048459 3.057017 3.065596 3.126321 3.145534 3.180704 3.189105 3.197673 3.206304 3.215745 3.224045 3.232529 3.250644 3.277171 3.302965 3.311616 3.320098 3.329246 3.337942 3.347840 3.356347 3.364611 3.373357 3.390310 3.399216 3.408563 3.417440 3.425760 3.434829 3.444514 3.454235 3.462606 3.471107 3.480518 3.497127 3.506132 3.515003 3.531703 3.541380 3.549649 3.557960 3.566221 3.582675 3.590842 3.649504 3.657609 3.665882 3.682065 3.690450 3.698979 3.709260 3.718321 3.728250 3.737589 3.747145 3.755347 3.765042 3.773154 3.805458 3.821580 3.837818 3.845822 3.854442 3.862468 3.870514 3.879372 3.887454 3.904400 3.921689 3.940178 3.972722 3.988892 4.004755 4.014515 4.022482 4.038885 4.055452 4.097412 4.106460 4.115348 4.125248 4.133302 4.141441 4.170421 4.187253 4.221176 4.229517 4.246856 4.255064 4.263402 4.279406 4.287671 4.295624 4.313297 4.321272 4.330144 4.338561 4.346472 4.354489 4.362348 4.393587 4.401419 4.457230 4.466447 4.474307 4.498195
Elapsed_time: 4.498195
Score: 69092.732649
301
1268334.696625 1221114.854120 1191253.923216 1163905.921339 1118297.199364 934935.248443 639777.434464 476705.661244 364914.810745 288963.234351 253175.158735 185968.831472 150913.678235 145647.254130 144257.438058 143408.023022 141499.079576 139903.290718 139303.763448 134391.232500 132614.754995 130943.777249 130436.300807 130032.733323 129671.312002 129660.069945 129414.440633 128957.185282 128435.700081 127695.601202 127071.782054 127033.582713 126877.013172 126771.640660 126542.863819 126125.567920 126059.392175 125756.247303 124897.398642 124676.246748 124427.819077 124177.633782 124095.801881 123855.681374 123790.406951 123672.800944 123580.833603 123542.434384 123535.555851 122716.246870 121793.043862 121779.360388 121776.347512 121419.322290 121158.749971 121014.917242 120590.972387 119857.406851 119602.883925 119120.812826 118861.666323 118768.576353 118323.601135 118304.818815 118255.383166 117718.241066 117560.197483 117323.889158 117174.809324 116979.861639 116949.117565 116729.381609 116531.709120 116356.594661 116178.408258 116048.730156 115946.400902 115913.763493 115694.902195 115481.663438 114883.710086 114260.275727 113985.173721 113779.781233 113597.878820 113473.197444 113198.515927 113162.098053 108866.180846 108851.018268 108778.768036 108766.366004 108719.415801 108592.941532 108559.091732 108553.703152 108403.348636 108270.750046 108064.429452 107726.535421 107216.582641 107130.848816 106968.788785 106629.396230 106451.424138 106402.905337 106372.881646 106271.173085 106024.316006 105993.054376 105590.304750 104475.089778 104186.203924 104173.785530 104054.700318 103869.588312 103639.295467 103613.053537 103540.613629 103486.700706 103379.306197 103200.839425 103166.758393 102979.827646 102651.536045 102021.560726 101840.647224 101723.870737 101169.753381 100570.800909 100469.356397 100231.343847 100089.146142 99891.909882 99882.316298 99789.799723 99581.601886 99460.512654 98974.649732 98622.695357 98146.048793 97823.024717 97259.581965 97050.371331 94819.770017 94808.875962 94588.073366 94582.055985 94424.074340 94350.660955 94162.094225 94085.538288 93860.597667 93671.360018 92937.651562 92733.510650 92561.318107 92405.985486 92386.195579 92332.999485 92197.411310 91986.024558 91011.859342 90855.902523 90794.241369 90783.723716 90714.812849 90642.412468 90506.060215 90437.204004 90432.463495 90356.793990 90281.398322 90136.020355 90106.393444 90092.898610 89561.511937 89281.200953 89028.451409 88828.341191 88717.520229 88403.726146 88276.625606 88048.585691 87776.074348 87436.138269 87129.350213 87037.229639 86496.770322 86476.888552 86274.924545 86020.422005 85936.876305 85932.191166 85749.565860 85668.139984 85522.093221 85212.633767 84660.700254 84134.995657 83856.118572 83194.708487 83186.413943 83157.931288 83139.863328 83044.785525 82982.724829 82934.139584 82862.717475 82773.546876 82524.092707 82194.781669 82105.975751 82065.429596 81435.168410 81412.297119 81134.683842 80893.276567 80545.911580 80349.107997 79446.919055 79415.648093 79270.901682 79268.541800 79224.547033 79126.699437 78962.719831 78901.435536 78294.291531 78073.818380 77831.509645 77790.567264 77774.871618 77281.559131 76688.014176 76647.582713 76339.002508 76192.458813 76147.448281 76101.661170 75961.169894 75875.869745 75536.423551 75507.650761 75418.910159 75219.940381 74656.882627 74174.678032 74100.550618 73980.119651 73903.602810 73835.919958 73677.077355 73667.703434 73412.401758 73303.318469 73108.763955 72530.422428 72503.400177 72404.813715 72261.513707 71985.448403 71879.749552 71857.032224 71796.396025 71723.653033 71515.837589 71211.786991 71123.607242 71001.292268 70911.321208 70470.643520 70022.317240 69706.838949 69684.277107 69581.511983 69569.246031 69452.280274 69376.141491 69219.949306 68948.328755 68808.949314 68732.098072 68576.743337 68559.273852 68510.253073 68389.926396 68156.648848 67756.179422 67440.065857 67375.327905 67328.696515 67274.816220 67192.736496 67078.751688 66804.797772 66677.694668 66629.591746 66570.376544 66551.264727 66484.688321
0.000053 0.018219 0.027615 0.038725 0.047942 0.057523 0.067187 0.076692 0.085389 0.094116 0.104312 0.113008 0.121876 0.130910 0.140478 0.149189 0.158225 0.167094 0.175993 0.232091 0.250246 0.259553 0.278249 0.287381 0.296882 0.333378 0.342240 0.351078 0.359899 0.377589 0.386404 0.424166 0.434142 0.451846 0.460861 0.470019 0.480575 0.517281 0.526055 0.535437 0.554636 0.572298 0.581022 0.589878 0.598691 0.608522 0.618975 0.628977 0.646764 0.665818 0.686176 0.712673 0.767305 0.776676 0.786713 0.795590 0.804342 0.813102 0.831920 0.851237 0.860824 0.869770 0.878780 0.905789 0.923761 0.932605 0.942508 0.951270 0.962287 0.972130 0.983230 0.992810 1.001560 1.012161 1.023262 1.033267 1.052320 1.062113 1.070980 1.080764 1.089603 1.098397 1.107453 1.116213 1.125016 1.133788 1.142593 1.151300 1.168633 1.197957 1.252356 1.269701 1.279046 1.297471 1.325746 1.352969 1.361576 1.370138 1.378765 1.387422 1.430256 1.465457 1.475676 1.484327 1.493210 1.531863 1.549089 1.557703 1.566366 1.574856 1.583477 1.600580 1.609076 1.651913 1.660462 1.668944 1.709052 1.770075 1.815166 1.834242 1.843680 1.852283 1.878237 1.886705 1.895288 1.903778 1.930880 1.940724 1.949503 1.995118 2.003642 2.020726 2.029240 2.037712 2.064036 2.072620 2.081411 2.090054 2.098581 2.107308 2.116272 2.125244 2.142506 2.159669 2.193299 2.201772 2.211045 2.258073 2.267852 2.276249 2.284737 2.293187 2.301630 2.310034 2.319043 2.335942 2.344449 2.353290 2.361713 2.370192 2.387041 2.395450 2.445375 2.462046 2.470414 2.513446 2.522290 2.530738 2.540202 2.565583 2.590709 2.599043 2.607348 2.615675 2.650322 2.669023 2.677372 2.685809 2.694736 2.720600 2.729049 2.737427 2.745849 2.754197 2.762526 2.771529 2.780023 2.788784 2.797815 2.830944 2.847385 2.855650 2.880680 2.898276 2.906754 2.932139 2.940465 2.948786 2.957110 2.965345 2.973605 3.008387 3.032860 3.065498 3.081897 3.089977 3.100132 3.116688 3.133185 3.141284 3.149465 3.169144 3.177293 3.218211 3.251254 3.278571 3.287924 3.296244 3.304799 3.314942 3.332678 3.340905 3.359274 3.386008 3.394672 3.402823 3.411202 3.427418 3.435450 3.443506 3.451591 3.467689 3.501022 3.534193 3.575509 3.615788 3.624029 3.633744 3.658030 3.666084 3.675068 3.684008 3.692261 3.724569 3.733501 3.741634 3.750035 3.758752 3.767317 3.775321 3.783484 3.791525 3.799644 3.823626 3.831619 3.841441 3.850280 3.858254 3.902900 3.911185 3.919100 3.927075 3.935075 3.982674 3.990592 3.998621 4.006548 4.014423 4.022530 4.030441 4.039391 4.047600 4.055565 4.063359 4.072395 4.114209 4.149391 4.165372 4.173375 4.182443 4.192817 4.208527 4.216338 4.224098 4.260422 4.268561 4.276500 4.286969 4.295437 4.310878 4.336210 4.345892 4.363348 4.371169 4.379146 4.411116 4.428668 4.437136 4.473073 4.496612 4.504552
Elapsed_time: 4.504552
Score: 66484.688321
