5
301
75847.430454 74211.326068 66187.932551 66123.994584 65962.345013 65902.606221 65849.826788 65270.252319 64912.682413 64167.073970 63888.937820 63848.773792 63629.942531 63624.329640 63292.353449 62900.437606 62286.040379 61586.841192 61141.251878 60923.831149 60684.660808 60672.688762 60582.613089 60522.266559 60446.260634 60212.048243 60088.151943 60083.005331 59605.721966 59371.634342 59344.083220 58999.664778 58795.159406 58598.878690 58425.038843 58381.940134 58215.853556 58193.504313 58038.441658 58013.971728 57957.742279 57881.539429 57855.078507 57802.918483 57704.717790 57607.158594 57349.557040 57211.507364 57101.354772 56858.353319 56702.878482 56665.484889 56598.805945 56469.916538 56288.121391 55942.822145 55857.892786 55707.974276 55640.210790 55561.231397 55420.684307 55244.877050 55224.189580 55208.979098 55208.765082 55044.239458 54974.702910 54627.236699 54264.852909 54213.599966 54097.541001 54057.164072 53986.892123 53874.409806 53687.007144 53473.317592 53438.977817 53409.033971 53315.426523 53296.190912 53216.772762 53140.629229 53113.448318 52894.757583 52778.745214 52703.653774 52322.191180 52307.872356 52297.396715 51947.975375 51870.467857 51819.257233 51765.596383 51713.001692 51689.008690 51665.851697 51608.200269 51538.133223 51512.559280 51499.969644 51434.956506 51395.336232 51293.331330 51226.655827 50714.296198 50159.219215 49936.955593 49901.776364 49889.316290 49853.637387 49797.327676 49772.673334 49700.200029 49679.650511 49637.842994 49392.755973 49252.586518 49083.175492 49076.438053 49039.904526 48822.634463 48744.835389 48559.051343 48512.257119 48467.440532 48408.098422 48295.986547 48226.762880 47731.357278 47627.159161 47532.922898 47494.398444 47333.983329 47197.463179 47136.569817 47036.308972 46997.135012 46846.156390 46727.372263 46696.179290 46629.510467 46616.291858 46574.939192 46564.465266 46472.649046 46458.396151 46430.121977 46250.345408 46228.548829 46038.067222 45876.006320 45757.251800 45686.351134 45543.519288 45351.664454 45162.702289 44875.109162 44374.328398 44301.049843 44219.687483 44027.452417 43978.037241 43969.510893 43907.484269 43865.529622 43832.400449 43698.049765 43634.204135 43426.975289 43413.940146 43139.768768 43056.018190 42942.586186 42769.298339 42403.532387 42390.817702 42382.667790 42280.963379 42273.341251 42225.435797 42182.791852 42045.765208 41726.229322 41555.775722 41375.447758 41261.679704 41247.009622 41198.215657 41180.868557 41159.402292 41106.857407 41001.958608 40861.275333 40846.909019 40743.430933 40628.288274 40528.626709 40270.001903 40216.731229 40099.511436 40029.851826 39962.332599 39704.183348 39267.286452 39139.817214 38945.567922 38894.437311 38864.502766 38793.236776 38690.908734 38448.426690 38415.655910 38280.105815 38162.480297 38150.064167 38086.463595 38004.434891 37665.500513 37604.536306 37470.484506 37371.316079 37309.411331 37108.368352 37014.511514 36811.395260 36592.133980 36300.498921 36124.973325 35793.031124 35633.143916 35492.993552 35336.680395 35123.914182 34832.878076 34566.459114 34560.769151 34489.374721 34431.320786 34391.273919 34319.080636 34109.681851 34031.440723 34026.226277 33969.991495 33860.064516 33670.980724 33535.825574 33429.547226 33322.436714 33320.832051 33265.435660 33264.260017 33225.985535 33185.509312 33063.720222 32874.693614 32853.634709 32822.620360 32776.675612 32770.312598 32730.224586 32692.886550 32635.755898 32477.528671 32464.972519 32416.806653 32272.180842 32235.975784 32126.890513 32031.104904 31904.178658 31827.931257 31816.678442 31800.678958 31711.482376 31682.300954 31575.131333 31362.792137 31182.250902 31154.749573 31035.818221 30994.720630 30960.494863 30904.450868 30732.243192 30690.133965 30647.153791 30579.673669 30477.118513 30341.881370 30288.442095 30232.665670 30172.066509 29993.560595 29840.134455 29829.118904 29786.631795 29708.226506 29530.587356 29520.083507 29460.697079
0.603622 0.673142 0.686091 0.711121 0.726458 0.752671 0.771940 0.787528 0.804735 0.823358 0.837443 0.901767 0.913970 0.926204 0.939007 0.951132 0.963981 0.976465 0.989699 1.005443 1.024460 1.077930 1.115306 1.129126 1.143645 1.156943 1.170633 1.223433 1.235794 1.260632 1.285607 1.299213 1.311388 1.326447 1.341577 1.354353 1.366838 1.379060 1.429106 1.492282 1.504460 1.543232 1.588208 1.601281 1.615020 1.645212 1.663053 1.678080 1.691432 1.705943 1.718214 1.767390 1.780311 1.793392 1.806461 1.820823 1.840516 1.853301 1.867637 1.885611 1.916449 1.957433 1.986103 2.039427 2.063677 2.075832 2.087906 2.099941 2.111942 2.186782 2.213585 2.253523 2.268919 2.295293 2.312464 2.332073 2.362836 2.422295 2.437631 2.464765 2.477355 2.490328 2.522335 2.534888 2.559961 2.572560 2.585343 2.598506 2.655418 2.668009 2.706723 2.719715 2.732494 2.757613 2.783805 2.798444 2.811104 2.823820 2.851647 2.866644 2.882490 2.909337 2.921870 2.935527 2.948886 2.964259 2.977110 3.033977 3.097389 3.110056 3.153680 3.178020 3.191363 3.229307 3.243347 3.255510 3.267290 3.279118 3.292350 3.318186 3.331381 3.374328 3.386794 3.439460 3.462812 3.474498 3.486885 3.499457 3.512121 3.524593 3.565509 3.601580 3.614157 3.638733 3.651543 3.663651 3.687574 3.699582 3.711178 3.748839 3.760922 3.774239 3.786301 3.814385 3.826699 3.838768 3.870639 3.887086 3.899688 3.912804 3.925421 3.949833 3.961518 3.973576 3.986314 3.998508 4.010373 4.023080 4.063657 4.101094 4.114491 4.126059 4.182613 4.195532 4.219529 4.231310 4.242878 4.266609 4.279549 4.304419 4.317969 4.332395 4.347218 4.384296 4.396206 4.433036 4.484789 4.497050 4.525225 4.538687 4.551128 4.565604 4.578283 4.605694 4.618468 4.631386 4.655997 4.668587 4.703615 4.715468 4.739600 4.755002 4.834259 4.889738 4.901285 4.915811 4.927567 4.940689 4.966966 4.979611 4.991720 5.005088 5.016380 5.028876 5.059088 5.072781 5.085447 5.132380 5.144141 5.155331 5.166984 5.203750 5.215443 5.227054 5.249869 5.262013 5.273350 5.287822 5.320028 5.331629 5.343516 5.355796 5.368128 5.391459 5.405212 5.416656 5.428008 5.439607 5.450814 5.462494 5.473706 5.486270 5.497657 5.508828 5.520030 5.571563 5.588932 5.600875 5.611888 5.623703 5.647237 5.659350 5.706748 5.718721 5.731302 5.742657 5.753824 5.765838 5.776890 5.801159 5.812893 5.824637 5.836878 5.848349 5.860145 5.874002 5.911874 5.924181 5.936380 5.989579 6.004107 6.027533 6.038787 6.049847 6.071819 6.082646 6.126530 6.137272 6.147934 6.158760 6.170501 6.192053 6.203470 6.227425 6.238316 6.260919 6.272505 6.285608 6.297784 6.308699 6.320191 6.336939 6.347753 6.359089 6.369930 6.393697 6.404251 6.414836 6.425788 6.437166 6.458148 6.468524 6.479218 6.490255 6.502025 6.535701 6.547319 6.557955 6.600781 6.634355 6.645072
Elapsed_time: 6.645072
Score: 29460.697079
301
78411.909729 76695.519904 66527.883748 66526.658413 66511.085229 66356.793427 66298.550918 66276.120514 66208.740767 66021.600084 65820.817454 65424.094707 65144.377361 64557.332515 63983.313893 62700.117689 62479.361720 62309.461050 62267.146570 62103.349647 62074.711260 61955.113740 61908.098839 61896.262072 61845.003776 61741.040562 61719.492523 61636.560620 61505.983014 61422.110241 61086.220233 61031.923868 60276.024165 60229.137984 59838.271412 59784.384427 59695.353784 59559.192479 59539.834458 59320.478587 59112.114860 59069.330119 58995.784695 58950.168698 58745.726612 58541.118726 58240.581655 58199.736906 58189.484765 58122.627097 57974.065052 57894.603152 57836.713923 57758.426670 57442.350199 57390.833631 57370.541375 57205.396428 57060.384576 56788.523665 56427.144076 56213.721068 56023.018981 55679.652585 55661.419568 55644.010029 55555.675418 55463.693176 55418.263804 55416.937919 55377.202223 55302.783545 55229.767617 55107.509658 54825.711065 54659.281429 54652.281395 54578.648106 54454.447123 54287.263779 54073.660236 53907.734211 53733.152011 53627.747557 53544.243431 53475.697425 53396.028990 53358.391315 53350.347392 53341.050870 53309.228167 53235.004563 53172.173344 53110.834904 53037.736602 52944.166099 52778.799204 52771.283559 52677.480472 52535.691589 52418.206956 51862.577310 51801.528180 51792.946651 51789.273589 51703.185181 51611.072386 51410.382178 51356.939176 51315.995739 51223.604611 51131.597670 51084.411356 50940.496179 50745.222493 50480.259283 49999.796325 49638.288831 49612.473030 49376.871268 49369.281830 49261.040344 49223.522327 49110.225050 49033.604141 49024.316262 49009.205861 48917.027917 48868.782632 48815.802571 48656.012674 48525.116018 48194.032014 47945.772691 47642.585520 47485.237161 47372.832057 47091.262234 46867.094657 46695.424571 46675.857942 46657.469808 46554.476747 46509.389355 46500.731782 46463.033292 46365.266315 46171.030693 45775.984463 45503.525846 45340.078282 45133.133988 45128.829906 45011.760219 44872.487699 44803.141710 44680.429264 44671.291014 44566.400414 44535.988010 44266.369984 43904.067704 43903.085069 43849.095985 43815.404138 43803.679122 43747.039691 43650.890580 43608.589587 43597.827681 43524.398594 43503.844249 43432.727458 43356.661085 43262.138270 43124.636019 43030.734666 43010.568630 42849.410448 42602.985232 42547.108876 42241.424274 42200.184139 42150.554667 42103.623771 42083.650883 41970.108061 41869.201662 41743.320063 41718.059524 41535.870631 41507.411417 41494.424678 41473.453527 41347.271482 41327.579576 41268.010461 41197.582352 40962.502565 40583.767010 40494.008204 40076.028428 39980.901047 39950.767367 39876.006268 39765.733478 39731.522623 39712.703678 39622.815848 39541.993575 39261.596079 39119.224728 39008.085805 38937.456314 38913.820676 38786.377834 38751.427086 38702.207338 38617.993489 38501.610364 38484.253040 38334.881365 38093.419309 37970.468119 37967.563384 37717.602573 37687.296281 37667.521818 37528.453226 37525.627077 37520.872142 37403.809442 37357.818366 37355.028235 37267.658257 37091.130716 36945.620354 36918.322565 36853.812935 36841.074511 36830.959894 36720.288436 36573.302238 36563.648200 36528.388150 36227.421892 36073.778549 35926.225144 35704.072954 35253.534947 35217.843001 35196.245232 35154.365625 35102.799857 35098.392258 35053.345346 35019.872753 34864.954967 34744.115415 34716.376141 34490.036531 34431.778960 34368.073096 34114.829087 34053.071960 34012.266304 33932.007247 33891.106068 33881.912072 33845.526551 33801.581947 33759.270442 33711.699929 33449.309680 33285.941757 33145.380977 33135.196351 33130.623284 33103.553735 33096.267254 33070.627091 33056.631033 32983.805554 32975.283228 32944.226423 32881.949248 32802.443571 32726.954364 32723.432608 32676.731950 32611.690993 32554.110652 32441.667530 32356.846392 32189.986074 32110.037784 32022.331070 31869.634381 31677.355712 31598.636927 31560.385021
0.568091 0.630734 0.644114 0.694448 0.745874 0.771210 0.784259 0.809118 0.821178 0.833897 0.846780 0.871256 0.883492 0.909873 0.923411 0.935484 0.972551 0.996524 1.069252 1.082292 1.094262 1.130391 1.180466 1.230249 1.242343 1.291239 1.328812 1.353999 1.366574 1.393058 1.405449 1.430518 1.442579 1.467583 1.479714 1.492662 1.506260 1.560754 1.584911 1.597596 1.637307 1.675574 1.687535 1.699294 1.711055 1.722834 1.746397 1.772497 1.843411 1.855222 1.878753 1.890632 1.915698 1.927566 1.939396 1.963072 2.014207 2.027438 2.064234 2.077041 2.090242 2.102325 2.114145 2.125881 2.152853 2.202970 2.215094 2.227055 2.239256 2.265806 2.277823 2.289574 2.301432 2.313263 2.325212 2.337216 2.402900 2.414600 2.426309 2.438066 2.461792 2.473874 2.487462 2.500610 2.512417 2.548140 2.572891 2.586295 2.622901 2.699021 2.711693 2.723933 2.736738 2.749710 2.762238 2.775326 2.813583 2.863003 2.875516 2.887917 2.913301 2.937470 2.987490 3.050045 3.074451 3.086959 3.098869 3.111305 3.135760 3.148794 3.161049 3.186292 3.198826 3.210689 3.224475 3.236468 3.249431 3.261243 3.309769 3.334226 3.371796 3.396180 3.434062 3.448009 3.460472 3.472083 3.510343 3.521951 3.547033 3.558869 3.570712 3.582300 3.593947 3.606217 3.619531 3.631959 3.643742 3.655319 3.666991 3.693149 3.742330 3.765783 3.777757 3.792499 3.828905 3.840954 3.853030 3.864794 3.876294 3.888015 3.899979 3.912199 3.923877 3.947054 3.959523 3.998184 4.028356 4.079800 4.091291 4.102853 4.129015 4.158225 4.206868 4.244190 4.291701 4.314938 4.350798 4.363611 4.375770 4.427439 4.439297 4.464357 4.476695 4.488319 4.500235 4.512469 4.525484 4.537551 4.549128 4.561689 4.609493 4.621660 4.671324 4.683303 4.695844 4.709055 4.721332 4.733845 4.745499 4.769662 4.804683 4.830886 4.842137 4.853330 4.864529 4.886908 4.898117 4.909417 4.922119 4.933268 4.955509 4.966753 4.991451 5.003087 5.014292 5.025416 5.036676 5.048646 5.060556 5.071918 5.083012 5.094275 5.130472 5.141744 5.181153 5.193351 5.217652 5.229057 5.240530 5.251888 5.286989 5.299492 5.310801 5.401570 5.459894 5.470876 5.541227 5.561514 5.606172 5.617328 5.640145 5.651291 5.663315 5.708870 5.719982 5.730956 5.741820 5.764597 5.776241 5.787921 5.825589 5.836970 5.849277 5.860354 5.882413 5.893284 5.904305 5.926683 5.937744 5.960540 6.006641 6.028873 6.041927 6.053984 6.086442 6.097957 6.113490 6.129272 6.153430 6.165013 6.176204 6.197456 6.208315 6.219087 6.230028 6.259740 6.271952 6.287385 6.333526 6.345681 6.356675 6.369157 6.384538 6.395416 6.422104 6.446699 6.494850 6.505445 6.526589 6.566274 6.581009 6.603289 6.614022 6.658262 6.668970 6.691082 6.703005 6.724312 6.758064 6.769250 6.780454 6.791069 6.802548 6.826240 6.837401 6.847959 6.859264 6.869898 6.893175 6.903795 6.914293
Elapsed_time: 6.914293
Score: 31560.385021
301
75675.638199 74022.405262 63713.314005 63670.658622 63637.821641 63213.782094 63132.409616 63087.544959 63010.515083 62792.765938 62357.001921 61601.113731 61555.866741 61542.832142 61442.548562 61376.480373 61268.360719 60875.345663 60259.370958 57954.377361 57729.274151 57709.816447 57559.985546 57557.243273 57322.339069 57296.435757 57271.736375 57090.729012 56956.069485 56602.656950 56398.646283 56284.984562 55916.179397 55659.260424 55639.524434 55625.544271 55422.679035 55094.501365 55074.127657 55057.131941 55034.040540 55005.052218 54937.474086 54913.080923 54829.326105 54764.432228 54672.707297 54629.819331 54405.553526 54130.631019 54037.725957 53801.984598 53776.153542 53484.262921 53122.954826 53000.154360 52949.703215 52840.431990 52722.322946 52681.464066 52666.679375 52634.298274 52483.222022 52325.043284 52006.083394 51812.905137 51582.332505 51316.461905 51107.855952 50958.900182 50895.147795 50838.629359 50764.703588 50677.688703 50482.578163 50261.036819 49998.409343 49691.202464 49669.658979 49285.250935 48940.199366 48919.469542 48886.765021 48854.314307 48149.746670 48112.712283 48076.683655 47855.893168 47800.966234 47747.698395 47745.818862 47717.809939 47670.901370 47623.458334 47532.550517 47232.205828 46739.808752 46632.558153 46493.304402 46367.984704 46241.322097 46193.707770 45957.463179 45671.468406 45471.249550 45337.676638 45321.113963 45110.976939 45006.478641 44978.899971 44926.508544 44920.425550 44908.889591 44889.314455 44742.365580 44526.833617 44487.995280 44287.127105 44263.760050 44144.005757 44002.188533 43600.366944 43295.525537 43076.424475 43049.990126 42984.883652 42942.555679 42913.448397 42876.177754 42848.326005 42801.869286 42700.479369 42648.498832 42565.055386 42124.171892 41954.502085 41940.142330 41797.335030 41796.031897 41783.585723 41717.252755 41612.267532 41567.510861 41509.902106 41403.096165 41319.118995 41253.156399 41102.850514 40898.549575 40860.817109 40505.443535 40413.270887 40293.772299 40163.177520 40070.053796 39977.154799 39833.684397 39771.719663 39673.662971 39570.660740 39566.710736 39442.784818 39367.283473 39222.768240 39100.913371 38883.648966 38871.182610 38862.397280 38845.638973 38790.467809 38638.305700 38526.903969 38340.517404 38152.839574 38034.024744 37909.248415 37647.176269 37636.250272 37557.961632 37447.471472 37435.366897 37391.189773 37230.891643 37111.055235 36872.189809 36621.077139 36421.301381 36277.294523 36206.936636 35937.795712 35910.148115 35900.389676 35768.831123 35713.019264 35448.527129 35280.585850 35139.717729 35124.625806 34978.882376 34777.620779 34667.382036 34526.493974 34470.075256 34373.668493 34350.817317 34261.100682 34178.656948 34031.834459 34015.425126 33973.731954 33770.500873 33681.602062 33645.023370 33629.731149 33621.504540 33583.623431 33528.811563 33409.428161 33186.839032 33019.102372 33005.406295 32869.170949 32855.582525 32801.245817 32727.089566 32505.611792 32232.911354 32229.686272 32087.034951 32001.451602 31990.948227 31955.642361 31892.185141 31799.451290 31679.211990 31517.439739 31211.104552 31190.953728 31175.861929 30977.110527 30864.770181 30655.879420 30327.530081 30303.723286 30254.325128 30175.107301 30102.718627 30022.056475 29874.088781 29769.304549 29765.790556 29733.410878 29716.658834 29712.886260 29670.719790 29644.640152 29635.576487 29579.955862 29499.115811 29362.799395 29352.347011 29296.353803 29223.947794 29222.254460 29069.971056 28974.034915 28867.163072 28726.270576 28494.888505 28424.754516 28421.669230 28385.078543 28352.885739 28298.544106 28249.863231 28169.375124 28026.867547 27983.210087 27961.833107 27896.255026 27804.500435 27791.409045 27773.345691 27677.221369 27585.884020 27495.912941 27490.530791 27385.271077 27310.502560 27247.540983 27113.136948 27047.550214 27041.150759 26969.675346 26914.471341 26839.094131 26712.053046 26663.994452 26639.949800 26634.658054 26578.100200
0.550604 0.612911 0.624796 0.660707 0.720700 0.733266 0.757222 0.769708 0.782252 0.794186 0.806204 0.819183 0.843188 0.866896 0.881008 0.916366 0.928197 0.940680 0.955977 1.019722 1.055539 1.079769 1.092157 1.116433 1.140198 1.177256 1.189592 1.202022 1.213898 1.238865 1.251577 1.289010 1.300668 1.315717 1.359013 1.370993 1.383647 1.396934 1.409832 1.421572 1.445209 1.494247 1.506922 1.534844 1.547954 1.560498 1.573610 1.599095 1.611936 1.624657 1.642616 1.657215 1.682115 1.695474 1.708670 1.721962 1.746438 1.763855 1.778062 1.789727 1.802057 1.814750 1.826671 1.839236 1.862880 1.874660 1.886318 1.898190 1.911255 1.923774 1.947195 1.958912 1.971540 1.983676 1.995264 2.007489 2.019734 2.044812 2.104030 2.115388 2.149640 2.195221 2.206677 2.218162 2.231537 2.268567 2.331308 2.355346 2.366896 2.414140 2.473630 2.485824 2.497349 2.509696 2.523725 2.535974 2.547636 2.599348 2.612834 2.624824 2.637739 2.650401 2.662425 2.674777 2.698944 2.710309 2.723319 2.736604 2.748020 2.760117 2.776288 2.792812 2.819924 2.835176 2.846855 2.858551 2.869959 2.881413 2.893094 2.904678 2.916940 2.951972 2.987200 3.021962 3.083697 3.095732 3.118786 3.142303 3.155014 3.190067 3.213862 3.225179 3.237534 3.250611 3.274428 3.298671 3.335509 3.347727 3.373565 3.399336 3.412087 3.435319 3.446462 3.459530 3.470632 3.481800 3.503924 3.516142 3.530904 3.550863 3.562957 3.631194 3.643841 3.655729 3.677989 3.689077 3.700110 3.711424 3.722972 3.736990 3.776359 3.790809 3.805778 3.819563 3.831453 3.843930 3.901712 3.912898 3.923889 3.935761 3.946735 3.957975 3.970522 3.998191 4.014237 4.029149 4.042504 4.066286 4.078689 4.090851 4.115383 4.127110 4.138118 4.150532 4.161851 4.173293 4.185159 4.196889 4.208693 4.231415 4.256544 4.314990 4.337468 4.349109 4.359991 4.383012 4.404618 4.437785 4.448687 4.459562 4.470401 4.481228 4.503407 4.514082 4.546883 4.557628 4.568401 4.579059 4.589781 4.600433 4.611513 4.632956 4.643835 4.654615 4.686768 4.697338 4.711038 4.722403 4.733992 4.745179 4.767606 4.779559 4.801075 4.811714 4.822289 4.835742 4.846371 4.857416 4.867962 4.878681 4.912099 4.924431 4.947343 4.958438 4.969008 4.979856 4.990883 5.002205 5.013951 5.025851 5.036497 5.046889 5.078050 5.121238 5.132219 5.142581 5.153721 5.164506 5.176183 5.186636 5.218568 5.228822 5.239431 5.281755 5.303993 5.329027 5.349591 5.361674 5.372290 5.382904 5.415282 5.425543 5.435875 5.447464 5.458297 5.469339 5.480073 5.491156 5.501328 5.521450 5.541960 5.553100 5.573269 5.584110 5.594840 5.615695 5.625872 5.645667 5.655611 5.665483 5.675405 5.685250 5.705225 5.727713 5.739021 5.751408 5.763581 5.774360 5.784229 5.795116 5.805798 5.818125 5.847570 5.857373 5.867262 5.877074 5.887029 5.896737 5.907725 5.928622 5.939255
Elapsed_time: 5.939255
Score: 26578.100200
301
79552.861821 77872.150308 67710.218678 66900.202331 66863.116249 66853.307027 66752.145067 66696.096601 66492.695847 66273.563673 66029.703216 65715.231586 65516.684287 64695.977516 64241.131284 64165.855261 64041.201942 63969.806232 63954.567520 63821.520141 63778.481755 63630.024874 63273.247949 63252.138571 62989.699465 61909.617133 61806.892559 61727.726133 61671.147877 61618.327707 61345.033142 61333.115658 61274.220920 61236.894339 61228.177340 61203.212109 61173.980934 61116.312961 61036.230115 61031.617413 61022.850857 61002.041570 60903.630485 60748.047531 60690.182190 60580.641611 60501.752431 60368.962787 60335.664481 60310.174819 60287.668881 60145.717499 60071.960168 60033.901123 59963.267607 59910.622938 59828.705735 59707.235580 59474.424592 59205.135276 59184.616954 58927.921883 58425.235076 58363.062718 58312.652657 58143.002405 58011.585873 57672.850358 57600.394142 57423.260570 57277.871932 57075.265331 57012.727734 57006.414031 56946.058734 56826.728919 56809.856909 56808.577550 56775.696066 56747.411239 56692.232813 56613.135663 56351.855292 56101.507055 55565.769856 55433.932306 55365.807813 55049.940325 55019.648168 54921.985524 54878.350919 54861.884805 54832.353581 54738.751072 54517.116265 54497.482424 54442.050486 54438.876771 54398.439437 54368.156807 54281.106824 54227.542212 54138.490061 53932.016035 53807.370854 53549.731015 53124.318330 52462.745462 52385.427935 52334.109942 52219.971852 52125.538725 52108.812931 52091.771806 52023.694806 51991.770523 51955.418883 51820.819606 51573.499180 51341.801479 50783.535902 49926.189982 49756.260865 49742.422922 49633.088386 49540.113202 49516.214264 49477.766212 49430.897751 49087.359911 49067.236779 48968.432346 48900.583124 48819.045991 48768.715833 48611.208613 48486.061190 48450.721251 48414.893380 48309.939616 48113.677620 47503.129734 47372.926922 47340.892017 47293.965814 47268.636443 47240.807846 47179.250820 46926.255107 46846.855277 46777.399345 46738.289054 46652.602291 46623.747951 46543.618650 46500.840555 46335.604108 46294.194619 46280.341231 46203.649467 46166.620381 46116.668325 46047.583758 45940.665347 45829.547382 45549.841924 45461.002063 45338.039238 45305.977104 45190.564731 45006.206109 44586.563977 44441.401199 44411.703622 44178.958677 44132.056288 44067.839997 43989.241358 43902.934280 43686.406837 43222.201017 43138.560010 42957.706363 42723.496248 42520.066148 42149.375624 42043.459643 41926.666691 41833.287080 41725.317133 41708.551096 41653.202029 41555.896885 41415.073411 41362.552752 41218.268548 40695.762942 40658.799019 40620.170384 40571.999946 40515.969384 40446.026202 40325.676470 40303.791014 40247.703775 40034.112368 39992.772025 39858.953779 39619.867965 39436.689144 39425.547583 39329.686604 39282.793846 39204.967921 39117.535752 39054.032008 38959.842749 38644.308419 38552.797906 38525.113568 38413.867959 38274.382492 38242.661720 38161.248019 38113.703931 38076.600244 38022.431249 37943.112422 37897.372863 37880.463352 37771.065490 37626.402469 37400.319533 37338.754556 37311.255451 37118.103820 37079.197991 36843.872898 36749.994418 36719.120749 36651.845661 36615.707083 36551.153496 36484.202450 36435.360640 36350.154603 36284.583582 36046.815708 35786.583877 35682.100894 35677.418305 35586.726933 35573.687924 35569.464309 35498.106598 35464.655055 35457.488049 35437.740228 35375.503032 35355.310859 35337.323293 35117.407121 34995.133181 34784.607041 34444.132777 34397.685129 34374.678249 34296.137266 34214.254965 34122.451268 33977.510488 33821.596481 33775.618766 33764.437166 33685.936971 33647.015273 33566.036474 33399.646599 33235.642626 33165.313969 33033.399360 32909.884019 32828.357140 32761.317532 32621.640931 32605.581916 32575.920736 32522.100525 32458.142488 32307.188599 32157.753474 32046.297056 32027.290272 31956.271552 31906.616103 31847.656304 31804.489891 31786.351971 31750.126020 31678.561642 31488.546436
0.544760 0.612345 0.625356 0.661635 0.724822 0.775965 0.790605 0.803670 0.820267 0.836470 0.848632 0.862045 0.899686 0.912985 0.990466 1.017123 1.044476 1.057018 1.110553 1.127193 1.139241 1.151131 1.162971 1.239997 1.264456 1.301184 1.313345 1.379807 1.397250 1.412991 1.424766 1.496283 1.509606 1.522179 1.535392 1.573719 1.586009 1.597947 1.610357 1.648370 1.688383 1.705643 1.724347 1.777927 1.829039 1.842112 1.855152 1.891588 1.904875 1.944394 1.956952 1.970190 2.011224 2.024406 2.037605 2.076600 2.090099 2.103598 2.116491 2.128775 2.141590 2.153811 2.179344 2.204957 2.243360 2.289982 2.302807 2.315411 2.341140 2.353057 2.365120 2.377596 2.403879 2.452911 2.464856 2.489860 2.576193 2.637752 2.649453 2.673236 2.684942 2.696638 2.708684 2.720431 2.732162 2.744179 2.768999 2.782202 2.806013 2.818210 2.842003 2.853778 2.877411 2.901140 2.928055 2.976433 3.012088 3.063434 3.075076 3.087002 3.102004 3.117917 3.145934 3.172760 3.196129 3.209139 3.222245 3.235786 3.248807 3.286884 3.298810 3.311200 3.325017 3.336724 3.348285 3.360545 3.374504 3.387140 3.403126 3.418088 3.430447 3.442989 3.467894 3.506683 3.519814 3.546447 3.569763 3.581530 3.593904 3.605485 3.656689 3.668485 3.680373 3.705066 3.730338 3.742001 3.754687 3.793015 3.805291 3.817397 3.830910 3.842543 3.865762 3.877280 3.888985 3.938970 3.975655 3.987439 4.032725 4.068795 4.081029 4.093013 4.136289 4.148134 4.171408 4.182903 4.194409 4.206401 4.256319 4.269062 4.330070 4.353656 4.365343 4.377531 4.389124 4.401391 4.413500 4.425106 4.449414 4.460957 4.486589 4.498163 4.511513 4.523071 4.534578 4.546188 4.558276 4.581702 4.595041 4.606445 4.641905 4.665239 4.676646 4.688212 4.700229 4.711659 4.735113 4.746422 4.791575 4.803660 4.851627 4.864081 4.875215 4.886993 4.899298 4.911050 4.922927 4.945565 4.956632 4.967753 4.978896 4.990265 5.003184 5.038700 5.051401 5.062881 5.073983 5.085101 5.096214 5.118222 5.178032 5.200195 5.211912 5.228920 5.245261 5.260845 5.274963 5.297247 5.308490 5.343514 5.366418 5.389327 5.423174 5.434378 5.467808 5.489850 5.501670 5.523684 5.536136 5.547235 5.558822 5.571232 5.582147 5.605552 5.642156 5.653811 5.676632 5.688032 5.699670 5.723160 5.734405 5.745299 5.756233 5.767781 5.779450 5.790322 5.812913 5.825669 5.837825 5.850393 5.898050 5.909755 5.920687 5.962086 5.983585 6.005030 6.037159 6.047902 6.061165 6.083665 6.097877 6.111063 6.122007 6.144973 6.156186 6.190352 6.201005 6.211621 6.222339 6.247718 6.260522 6.271332 6.281862 6.327377 6.341237 6.355942 6.370224 6.384258 6.407973 6.429668 6.440731 6.452906 6.464488 6.475525 6.487593 6.532448 6.543370 6.554153 6.564853 6.586027 6.596744 6.607399 6.628519 6.639311 6.649843 6.660346 6.671068 6.693238 6.704893 6.717138 6.727730
Elapsed_time: 6.727730
Score: 31488.546436
301
76651.394527 74908.507933 65342.498394 64973.858171 64953.810385 64934.184669 64860.495379 64814.233946 64583.209752 64548.174306 64502.333485 64207.869483 64047.566258 63972.960913 63593.023410 63126.421708 62647.800718 62613.057702 62357.120700 62208.646521 61939.611309 61815.281999 61653.936127 61584.830387 61356.721478 61072.277553 60764.414364 60307.227022 60300.734218 60234.695836 60227.814086 59996.241347 59774.612449 59672.114502 59550.189908 59485.414799 59395.583022 59159.209439 59045.295011 58932.322835 58858.998292 58836.301787 58643.897060 58544.416205 58419.605787 58103.328333 57911.364690 57512.878961 57153.425103 56684.531701 56241.400947 56172.866760 56134.398371 56125.750496 56055.411199 56031.270393 55955.924939 55861.473633 55596.638880 55025.530825 54500.389052 54422.505497 54149.447916 53626.431057 53591.881416 53424.014044 53304.799683 53279.677144 53083.766700 52881.285558 52611.992336 52314.701244 52199.027708 52180.703264 52108.347334 52090.556391 52061.437138 52042.905839 52006.300507 51824.256960 51569.883466 51496.949801 51402.848807 51328.543118 51298.228065 51089.591392 50980.875253 50788.383489 50524.363450 50457.545357 50257.315489 50212.498598 50194.524258 50080.928772 49962.184877 49919.164818 49903.197188 49887.502916 49829.177622 49642.977765 49592.995771 49430.193678 49175.084062 48529.144184 47693.390791 47641.663835 47629.950487 47598.993614 47598.018629 47548.397570 47500.624697 47488.708033 47416.916194 47207.164272 46882.160246 46752.348043 46082.465440 45799.741942 45704.547701 45617.408585 45545.124728 45526.648271 45422.145330 45350.640342 45218.536064 45014.393726 44991.177272 44925.399790 44814.865587 44797.889115 44687.148429 44613.459399 44598.090569 44575.720830 44507.639935 44401.147880 44190.798895 43864.074442 43796.012448 43787.533761 43648.401626 43490.879932 43407.790951 43291.468043 43229.518063 43223.928019 43147.980472 43071.406490 42982.753827 42969.860767 42809.242211 42611.884992 42157.022697 41821.359768 41766.998376 41750.452458 41536.088892 41472.415844 41354.645394 41141.615980 41128.644424 40993.620575 40974.806821 40885.274934 40867.848223 40773.339157 40607.901135 40575.814783 40350.480393 40018.715775 39951.723685 39949.930176 39897.915938 39825.961597 39809.554964 39641.977966 39629.098822 39617.958856 39585.544017 39513.757726 39403.109548 39173.998253 38813.558408 38762.873649 38727.817788 38662.894883 38575.634739 38516.584219 38489.972222 38460.500751 38371.975917 38281.217235 38199.050260 38142.056622 37860.735560 37705.836983 37617.048162 37443.963028 37334.878444 37331.451233 37148.226515 37044.682356 36927.475490 36743.380607 36690.739705 36628.529382 36331.445472 36106.058899 36098.703750 36057.105968 36033.664331 36005.753567 35964.156664 35901.750158 35780.750911 35626.840121 35548.314859 35388.337804 35313.869204 35162.138385 35121.561610 35055.928890 34913.602973 34844.739182 34790.054555 34414.216136 34303.679357 34256.057925 34236.471276 34220.391493 34126.519009 34093.507422 34090.485540 34076.002802 33973.281013 33929.446303 33859.368440 33791.066780 33682.489288 33626.288802 33451.331869 33435.667428 33430.897827 33417.691662 33398.408677 33303.211319 33111.207338 33062.159721 33003.098819 32981.918287 32957.515089 32888.402658 32766.397599 32578.882683 32561.514847 32391.289341 32356.506542 32240.373373 32039.769475 31826.822797 31762.733049 31715.731456 31650.417065 31625.315834 31586.146200 31573.859746 31548.235169 31502.723338 31473.882574 31405.742730 31240.232260 31145.006473 31121.478586 31006.844303 30993.979286 30951.671342 30917.253766 30903.014112 30875.397657 30848.147825 30696.920526 30597.713354 30518.218368 30382.433537 30376.385202 30280.875763 30209.487452 30175.466785 30061.210673 29908.735336 29873.925919 29796.193021 29755.455830 29662.210022 29440.522160 29270.333149 29162.127211 29119.418402 29063.513220 29031.492309 28988.622550
0.540998 0.602684 0.615411 0.654287 0.705494 0.717611 0.729720 0.742152 0.754237 0.766148 0.778107 0.790178 0.828346 0.840377 0.865474 0.877652 0.927693 0.964575 0.976738 0.989057 1.001073 1.038158 1.050364 1.063824 1.077851 1.091041 1.114752 1.126661 1.164096 1.201902 1.214096 1.238880 1.277819 1.327167 1.339692 1.377142 1.405212 1.419028 1.445824 1.457806 1.469800 1.505766 1.517733 1.534916 1.547340 1.560232 1.572612 1.584421 1.596259 1.607961 1.619649 1.654819 1.704114 1.716114 1.751380 1.799774 1.813827 1.825672 1.838333 1.862223 1.874215 1.924454 1.936210 1.960761 1.972860 1.984646 1.997266 2.010013 2.024034 2.037016 2.048791 2.060685 2.084704 2.133986 2.145859 2.157669 2.169434 2.192904 2.204819 2.241347 2.266504 2.293101 2.304792 2.316463 2.328099 2.351409 2.363816 2.375473 2.387265 2.410536 2.422111 2.469300 2.506899 2.518738 2.532507 2.568385 2.580382 2.603946 2.615627 2.642591 2.694285 2.706146 2.717615 2.729220 2.740734 2.764295 2.824428 2.837429 2.862133 2.873910 2.885606 2.921893 2.933400 2.945052 2.969119 2.992247 3.003965 3.015438 3.026890 3.039019 3.050759 3.062111 3.110755 3.123778 3.136625 3.148436 3.184522 3.196157 3.207605 3.230382 3.242604 3.255511 3.290020 3.314674 3.326413 3.341053 3.354998 3.367287 3.390425 3.436197 3.447593 3.458942 3.470311 3.482374 3.494374 3.517127 3.528478 3.539796 3.551177 3.562505 3.574246 3.585742 3.597353 3.609381 3.632854 3.691001 3.702311 3.727469 3.739012 3.750166 3.784276 3.795379 3.806711 3.818697 3.842237 3.853292 3.864346 3.875464 3.886487 3.897505 3.908551 3.919609 3.943765 3.954778 3.966748 4.011292 4.045743 4.068202 4.079320 4.090619 4.101726 4.112824 4.168728 4.191081 4.224916 4.236811 4.304307 4.315305 4.326263 4.337177 4.348056 4.370511 4.393856 4.405269 4.428148 4.439337 4.461184 4.472446 4.484843 4.528384 4.539415 4.550357 4.561326 4.572175 4.583005 4.593984 4.604955 4.615716 4.626568 4.637308 4.669415 4.680130 4.691047 4.701817 4.713329 4.724027 4.734999 4.745869 4.756731 4.767499 4.778250 4.789078 4.799884 4.810564 4.821285 4.866593 4.889643 4.912394 4.923370 4.934306 4.946506 4.968113 4.989516 5.000259 5.011138 5.022280 5.032967 5.044318 5.055660 5.066488 5.101964 5.147989 5.159710 5.172883 5.185102 5.198077 5.208769 5.220704 5.232020 5.243916 5.254472 5.266761 5.277526 5.288167 5.298693 5.309208 5.319784 5.330286 5.340756 5.351501 5.373891 5.397579 5.411609 5.424065 5.435159 5.445562 5.468029 5.480078 5.501820 5.525390 5.535836 5.557452 5.567818 5.578279 5.600572 5.611499 5.624578 5.646419 5.657014 5.677640 5.689215 5.746329 5.756612 5.767253 5.798706 5.808966 5.819186 5.829397 5.839630 5.849952 5.881260 5.891475 5.901637 5.911857 5.922014 5.942183 5.952232 5.962295 5.972558 5.985740 5.998027
Elapsed_time: 5.998027
Score: 28988.622550
