5
301
10504137.134061 10224657.442982 10008067.040923 9707305.907076 8944032.657525 6777064.954595 4323119.656318 3301598.300025 2457773.034975 1999458.983986 1554200.484343 1353634.192493 1090655.710613 965711.635133 928185.442256 926441.646003 925014.595245 923420.792477 920676.933153 918664.683379 912887.905527 908496.534121 898876.456842 883802.547095 870346.795838 861627.245116 854623.147220 849419.758604 842552.087566 842478.783646 841943.851252 840246.964316 840015.291564 839471.522557 839055.482466 838225.483839 837357.315081 835639.868556 834575.874517 834526.805569 834053.795624 833103.890993 832464.815602 831843.926688 831799.082919 831710.742131 831658.484161 831490.859489 831454.413489 831307.240910 831231.404294 830713.914142 830125.045120 829035.159858 828155.269101 827506.920116 827251.556412 827038.399337 826782.714783 826166.900658 825494.475789 825449.657973 817098.460223 816565.100348 816562.577471 816236.033505 815781.160483 815502.551848 815460.462670 815433.237929 815012.726852 814319.990786 813878.480583 812513.609919 811487.434574 811242.606693 810870.338858 810260.894007 810259.380749 809470.190710 809231.500553 808699.504546 808042.719517 805372.554336 801708.726879 795455.413895 794038.096888 793994.332275 791750.164676 791590.732164 791493.381081 791245.369631 790940.319471 790414.053949 790352.343001 790285.871744 789425.737716 788414.229197 788051.927030 786647.734196 785895.027246 785700.570714 785215.278266 784401.621949 784343.169961 784047.563547 783792.513132 783552.064904 782775.322905 781737.927516 780954.250486 780922.424787 780805.837914 780321.587429 779012.321386 778662.007233 778657.971580 778397.041483 778249.671807 778061.312656 777710.301476 777408.387416 776897.477723 776812.746422 776231.233424 775177.659328 775093.375053 775021.307547 774605.726933 774412.484912 774008.390657 773951.677749 773790.389507 773312.774132 773082.360671 772749.096153 772390.903452 771986.156549 770035.174704 769350.171407 769304.997438 768411.006588 768144.385746 767864.352127 767583.358791 767243.111717 766991.217066 765904.861663 765631.983059 765124.354318 764867.387687 764626.363509 764455.471769 764203.948346 763590.349484 763144.204811 762789.552598 762703.193086 762683.583224 762515.996419 762304.877380 762002.463774 761983.378915 761902.603604 761612.160753 761464.943560 761102.014869 741150.674448 734010.550180 733957.561776 732578.369207 731913.001243 731645.845676 730006.832422 729079.053762 728695.852312 728379.469255 727983.583392 727781.723352 726904.588209 726847.801724 726669.417152 726633.513538 726391.800163 726350.719800 725987.056269 725866.664087 725467.090248 725364.624288 724865.689158 724292.865889 723776.295475 723274.967693 722486.090122 722351.257013 721081.595952 720875.432629 720694.036231 720447.883102 720329.923399 720171.547331 719884.124452 719694.646684 719328.034876 719029.720516 718799.776867 717783.194512 716709.464581 716208.877158 715894.991133 715749.832264 708271.364546 706632.201352 704301.805044 704156.869303 703973.329452 703484.700477 703072.784776 703015.864150 702954.691182 702740.440032 702329.292009 701956.662760 701225.710243 700999.279567 699560.767592 699419.469428 698940.950386 698258.305404 697819.415092 697292.765521 695139.307670 694190.778656 693825.511584 693488.077514 692827.499588 692659.182873 692243.790203 691988.206695 691653.141517 691127.223419 690628.281438 690042.221459 688732.662645 687780.255033 687130.746398 686303.621548 686075.711220 685635.463140 685453.406968 685189.273993 684839.134673 684645.557273 683760.361615 676475.330372 675182.229852 668075.105716 668030.688808 667540.117881 667522.826850 667027.341151 666975.423566 666796.870799 666404.988449 666139.385588 665650.995096 665217.036935 664369.270364 663073.558022 662455.248847 662075.987063 661836.150647 661646.938276 661365.961664 660719.442012 660282.262804 660268.452048 660159.050072 660096.869372 659859.009453 659516.017330 659439.194428 659057.614613 658438.253861 657543.970670 656271.230958 655389.314282 645481.116020 644970.830586 643974.606411 642933.331993 642643.823229 642618.499058 642554.553432 642350.318278 642063.457129 641368.415213 640215.400864 639355.334240 636990.139960 636678.525636
0.000185 0.157854 0.235783 0.311867 0.391373 0.464249 0.536690 0.622773 0.698520 0.777408 0.852447 0.925473 1.004347 1.075939 1.162443 1.236449 1.309920 1.386570 1.457626 1.532984 1.605973 1.692090 1.769431 2.242163 2.314506 2.396760 2.932280 3.016665 3.493746 3.953257 4.104004 4.437109 4.588883 4.664759 4.740331 4.821676 4.973259 5.058240 5.234268 5.636539 5.709954 6.022819 6.423933 6.499959 6.658015 6.959804 7.041082 7.201599 7.430776 7.504016 7.577706 7.654554 7.814680 7.894542 7.969334 8.049882 8.210413 8.289939 8.373061 8.453509 8.533156 8.608615 9.014192 9.537588 9.921252 9.998501 10.079268 10.172522 10.249671 10.468012 10.541689 10.627195 10.707341 10.785262 10.858301 10.940176 11.017114 11.094824 11.329925 11.402001 11.481325 11.557413 11.636270 11.712971 11.940810 12.024560 12.108173 12.641410 12.728597 13.038535 13.197025 13.280121 13.362978 13.527480 13.600484 13.904145 14.059844 14.133334 14.218451 14.298652 14.538719 14.615806 14.689302 14.847897 14.920046 14.993598 15.070848 15.151567 15.229735 15.305279 15.379614 15.613462 15.855154 16.150037 16.294558 16.990596 17.364016 17.436224 17.511494 17.668468 17.747548 17.821283 17.894797 18.283390 18.590760 18.747752 18.894439 19.047402 19.124225 19.214372 19.289235 19.612046 19.684123 19.770916 19.850491 19.940110 20.018161 20.091174 20.173898 20.245790 20.474399 20.549405 20.622014 20.695313 20.774749 20.846850 20.920547 20.997400 21.070142 21.149963 21.232912 21.320714 21.405188 21.477378 21.554549 21.701557 21.778580 21.853861 21.999651 22.071699 22.149526 22.227135 22.531918 22.604190 22.685436 22.759709 22.842960 23.309731 24.225284 24.676559 24.832141 24.914039 24.985015 25.059813 25.139927 25.215571 25.288045 25.362404 25.439713 25.736162 25.891035 25.964421 26.111451 26.183854 26.269700 26.577996 26.650183 26.728190 26.872333 26.943275 27.014649 27.168844 27.239894 27.312940 27.529767 27.678390 27.908851 27.981487 28.052286 28.225682 28.390276 28.463293 28.616853 28.696919 28.849049 29.240950 29.311705 29.386668 29.468634 29.541577 29.612447 30.136265 30.208499 30.428073 30.736585 30.811466 30.883339 31.184617 31.581925 31.808642 32.027522 32.109995 32.187211 32.260492 32.332850 32.405726 32.726151 32.814899 32.959357 33.030294 33.100842 33.174318 33.255441 33.339137 33.424142 33.740877 33.909429 33.991761 34.146181 34.224058 34.308841 34.382322 34.453311 34.527910 34.608754 34.685283 34.759611 34.833776 34.907649 34.977981 35.061424 35.135522 35.210646 35.521074 35.598940 35.672570 35.744862 35.829989 36.046256 36.568840 36.648233 36.737544 36.817186 36.898859 36.984166 37.056071 37.210493 37.293403 37.370648 37.523058 37.603706 37.681623 37.756855 37.830258 38.054708 38.127703 38.200336 38.276779 38.352163 38.422543 38.506114 38.576625 38.651437 38.730965 38.803164 39.022843 39.100864 39.340346 39.414893 39.489291 40.064345 40.289687 40.367345 40.671823 40.742164 40.822155 40.893085 40.979507 41.081916 41.171759 41.240798
Elapsed_time: 41.240798
Score: 636678.525636
301
10571670.027144 10286708.692801 10062953.611312 9753829.413191 9061907.107898 6838020.015578 4349696.446963 3220729.810912 2388397.101214 2024395.086977 1625966.978050 1166362.010045 1043639.418589 978085.799873 933056.164120 925939.932450 925531.608285 923496.061760 921970.744335 914716.186154 911813.592130 910408.168599 903611.506555 899368.845938 898980.316050 894861.447773 892783.053583 892424.466594 890015.662015 888289.804344 886049.777196 885699.199596 854534.853960 853691.941228 853295.210210 853022.805815 853005.805883 852293.639005 852063.166259 849837.263054 847878.342345 846088.828989 842434.476189 837117.283398 833181.595702 833120.632066 828416.063733 827640.174064 827587.100219 827320.817689 826807.050717 826355.576591 825800.456981 823815.078185 822794.786550 821454.658007 820519.432902 819675.536025 819552.011668 819215.022866 818925.374186 818753.508466 818186.755747 816803.107781 816206.833692 815531.780054 814965.214900 807374.174834 803557.715830 803319.555062 802485.335357 799340.449594 799283.387576 798100.652265 795425.022071 795263.436998 795183.269989 795097.346261 794702.987987 794256.719133 793672.492216 793006.437374 792953.177926 792443.567941 792138.915535 791062.642796 790867.580632 790674.798663 790117.545750 789573.488065 788843.729095 788597.179555 788073.980443 787605.531053 787516.423061 787460.711957 787140.223127 786886.123795 786655.827119 786228.265022 786153.894846 786135.208620 785948.036578 785822.392900 785814.848333 785611.538980 785470.969650 784895.933822 784678.371477 784574.659011 783845.100458 783355.949298 783202.071929 782571.839367 781466.802935 781146.786187 780878.649550 780561.942283 780362.850197 779793.620945 778981.482780 778681.204760 778308.631944 778084.281457 761445.775385 761096.093671 761060.219503 760227.157902 760052.134666 759787.944671 759749.500329 759463.731648 759415.302773 758942.554610 758262.016806 756758.100708 752078.402286 750878.165660 750767.901730 750750.151945 750742.536715 750574.939423 750368.153704 750032.757207 749245.266959 748633.089796 748605.847181 748443.342774 747197.696920 746959.263132 746390.744769 745859.189102 745351.002306 744887.748890 744024.116917 743207.763441 743207.274787 742994.989880 742691.599192 742221.300378 741288.422069 740866.307458 740372.321625 740161.874558 739855.850094 739319.536502 738999.609616 738457.263296 738297.789579 738056.532779 737827.264596 737704.835375 737358.394637 737248.342697 736965.993099 736538.815256 735864.025664 735367.471339 724301.903487 724252.746689 724244.573692 723276.861112 722981.069178 722515.235575 722101.772488 721628.889812 721121.193310 720701.419340 719823.730698 719724.144103 719132.507300 718758.769410 718591.694253 717680.184396 716454.678764 714813.750142 714667.816706 713998.737819 713401.535171 713356.521262 713225.739113 712981.639167 712685.346657 711559.049716 710789.254386 708695.195694 695242.141350 694685.935132 694674.581861 694401.525694 693980.928905 692610.622888 691480.115029 691405.103162 690855.704013 690455.196103 690213.683594 689550.345248 688963.861995 688457.835466 687920.413007 687613.532130 687259.143853 687115.877118 686592.397449 686037.863547 685856.996157 685177.896186 685033.325586 684466.683351 683873.894973 682844.828894 682044.819705 680386.065877 676816.086246 676643.299832 676543.649172 676495.946050 676332.849517 676192.213380 676130.666269 675978.931642 675198.659668 674983.533863 674229.854569 673494.209735 671864.951048 670929.251210 669473.843868 668215.278647 667754.906100 667492.356829 667189.038291 659678.529208 659185.337272 658740.009008 658376.114006 658121.351715 657872.923836 657355.149260 657293.907913 656940.211724 656916.923229 656469.414954 655192.112532 652677.308916 651878.727969 651827.648260 651802.537888 651599.595023 651408.755857 651101.607114 650794.339606 649774.448457 649639.229734 649389.936562 648933.140173 648861.845448 648629.304578 648371.769485 648075.361711 647246.467648 646312.366578 645004.191493 644510.703743 642085.696720 641711.856149 641705.482661 641545.830481 641346.128062 641039.762463 640394.955062 639406.108518 639202.208912 639187.291241 639055.902780 638871.177194 638770.793709 638521.815195 638134.510244 637627.469358
0.000097 0.165088 0.239772 0.313467 0.387187 0.463389 0.536395 0.612890 0.691430 0.767516 0.853833 0.935333 1.008097 1.079610 1.150434 1.224720 1.299837 1.376478 1.449007 1.521903 1.600227 1.674021 1.747112 1.824977 1.982304 2.142877 2.220607 2.295856 2.450611 2.524346 2.597149 2.675285 3.376578 3.604945 4.160217 4.323359 4.471638 4.550803 4.724608 4.797720 4.873864 4.949482 5.183462 5.259530 5.708790 6.267980 6.345806 6.585735 6.737129 6.812871 6.886579 6.973435 7.127827 7.203325 7.280165 7.356077 7.431748 7.505841 7.672987 7.767582 7.854334 7.943709 8.020429 8.093713 8.389297 8.711474 8.785795 8.860368 9.014896 9.461938 9.538203 9.914922 10.445923 10.520156 10.675552 10.907275 11.055888 11.431843 11.510296 11.596500 11.673755 11.753525 11.900040 11.974795 12.055129 12.127288 12.275356 12.611135 12.693440 12.770490 12.847097 13.151095 13.225588 13.299395 13.452010 13.683367 13.759263 13.835578 13.911183 13.989630 14.133905 14.429759 14.508580 14.586699 14.672946 14.757266 14.830628 14.904863 15.060633 15.208234 15.289023 15.366246 15.513845 15.589198 15.662493 15.743543 15.827378 15.899585 15.971910 16.047790 16.129273 16.203590 16.285307 16.357994 16.831929 16.988946 17.148225 17.377168 17.456200 17.852087 18.164911 18.239652 18.390948 18.465488 18.546737 18.635078 18.716763 19.177119 19.547243 19.851037 20.302873 20.380823 20.532341 20.613142 20.685165 20.766529 20.998361 21.073742 21.145390 21.294823 21.369787 21.443296 21.516294 21.596476 21.678385 21.760380 22.152571 22.227762 22.304595 22.378189 22.451278 22.525298 22.604782 22.760060 22.831578 22.908862 23.055697 23.138332 23.444431 23.517210 23.598403 23.675712 23.750775 23.826744 23.998902 24.150841 24.232060 24.325557 24.476437 25.085890 25.318578 25.787691 25.864248 26.011278 26.085768 26.160317 26.233585 26.307686 26.384194 26.538982 26.613056 26.687135 26.762859 26.843088 26.922163 26.994475 27.376709 27.448871 27.525958 27.831719 27.903096 27.993629 28.070730 28.147528 28.226758 28.312798 28.539933 28.831572 29.361979 29.516307 29.590940 29.667105 29.741880 29.888110 29.965020 30.044233 30.125169 30.199011 30.269471 30.346807 30.579231 30.664343 30.739847 30.812205 30.886695 31.105902 31.185096 31.263485 31.413131 31.483322 31.557696 31.629800 31.706823 31.786079 32.301010 32.819789 32.965059 33.124551 33.268542 33.340428 33.412273 33.485150 33.555714 33.626864 33.697080 33.839911 33.928940 34.001622 34.085123 34.167160 34.237338 34.612243 34.684508 34.759019 34.978696 35.361876 35.651879 35.722649 35.882682 36.123755 36.506150 36.739548 37.109175 37.178847 37.396579 37.544229 37.767243 38.292215 38.452567 38.529208 38.600553 38.676118 38.753270 38.837389 39.077652 39.147894 39.218973 39.295958 39.371773 39.445156 39.515420 39.587129 39.658995 39.745122 39.826097 39.973374 40.185024 40.479128 40.555792 40.627960 40.705883 40.777689 40.998293 41.435439 41.598560 41.673212 41.836915 41.925612 41.995235 42.083564 42.223427
Elapsed_time: 42.223427
Score: 637627.469358
301
10492219.718961 10218274.681688 9989440.437787 9705957.785478 9142496.049592 7278563.538803 4460301.190362 3272501.978268 2543506.390538 2112950.574534 1648964.698687 1255310.833014 1077401.927183 1003143.801915 963612.698930 946880.955179 937275.344845 932768.424809 928821.970951 925619.871958 921224.404296 918504.237599 899678.933357 886768.933414 857187.146876 855735.047209 855637.381681 855450.803597 853748.883409 852329.968032 852135.264053 852062.029916 851763.355756 851335.584496 850426.245974 849574.528941 846748.559221 846032.793813 844696.511395 844150.760117 843659.249351 843430.798423 842899.968713 841722.122833 840260.090658 838827.055615 838179.738129 837856.387751 837338.699883 836939.386634 836734.477784 836293.354873 834989.188561 834308.381552 833926.961315 833854.665842 833484.710749 833343.308040 832867.938320 832775.534158 832561.951748 832343.368693 832329.414481 831942.976949 831401.594949 831048.278303 830927.504214 830774.570297 830667.493577 830188.752413 829497.072727 828339.390817 828269.739356 827942.871008 827692.438280 827313.241235 826957.926834 826546.974952 826231.551985 825569.064391 821377.649974 805325.911777 797881.836501 797876.368140 797378.769884 796838.616375 796535.302266 796092.196853 795648.192716 795015.899764 794433.879194 792634.683563 791907.824125 791224.576903 790772.135187 788913.426393 788328.220309 788307.564902 786610.768334 786097.950724 785685.618276 785175.499667 784451.936478 784403.216090 784204.865470 784181.800765 782244.222458 781443.000887 781225.387729 780989.408481 780525.523656 780421.718077 780289.052944 779818.491695 779595.253157 779438.535652 778053.789030 774009.146534 772562.357711 764825.280177 759099.984974 757507.823533 755732.245289 755631.667414 755598.007144 755574.605238 755540.234669 755538.908959 755271.253324 754972.821933 754553.870188 754193.756223 753660.902732 751386.972251 750015.461315 749846.699543 749522.218970 749432.844852 749068.130276 748888.502018 748777.151230 748554.512767 748546.700199 748366.145447 748005.127576 747938.668026 747612.205084 747500.927371 747394.696740 747249.132336 746919.253771 746801.636210 746704.948710 745939.265656 745195.958382 744962.238945 744514.799684 744438.111382 743732.125805 743102.696499 742814.766710 742722.445115 742270.733760 741618.871031 741547.628771 740471.964881 740078.173748 739019.035793 738854.310968 738534.426787 737327.755481 736964.635862 736166.770878 735475.381509 734111.037115 733604.792923 733426.413924 733302.883261 733211.358703 732980.307565 732693.263653 732217.293638 731243.248856 730565.814393 729787.678412 728551.462540 727089.798840 714326.464641 714179.105966 711916.891989 709751.188866 703483.990900 701977.173382 700982.993351 700050.323048 699443.889714 699361.076062 699228.128064 699075.244848 698575.469037 697973.770899 696961.497152 695724.137637 695523.337579 694926.364946 694673.682677 694382.759872 693549.275521 692630.442736 692560.639969 692334.851646 692086.459923 691829.857196 691327.594869 690957.179280 690073.756737 689405.596688 689275.543560 688817.546069 687998.419511 687465.324975 686659.688079 685759.177071 682829.744964 682116.641924 680918.552273 679866.340765 679230.428685 678779.232138 677957.085254 677424.698209 674807.725382 674439.329059 674186.400397 674040.967106 673731.612762 673493.361502 672866.003784 672217.271394 671806.336578 671619.245527 671081.804693 669227.730179 667635.919996 665908.331086 658879.782179 657809.693261 656643.627862 656643.563526 656415.259498 656134.025095 655760.062402 655615.834127 655477.530800 654478.759093 653696.224831 653603.564421 653221.743221 653006.618827 652875.301703 652793.252140 652491.555586 651815.843919 651417.262581 651212.981500 650676.208517 650110.126407 649359.044003 648112.597639 645340.114166 644773.234112 643590.736524 642039.671236 641829.096879 641796.001208 641565.400134 641295.854040 640697.585052 639793.992629 638905.460178 637759.244346 636571.584019 635658.009018 634995.995291 634926.905588 634642.812494 634182.388427 633345.945407 632915.902495 632894.508444 632559.092080 632558.571934 632376.552225 632225.327586 632096.991064 631539.198868 631505.323892 631369.316082 631197.934785 630435.682682 630215.847517
0.000094 0.148075 0.230805 0.310614 0.395547 0.476371 0.552861 0.626090 0.698500 0.776974 0.848707 0.929198 1.016232 1.098568 1.175354 1.250093 1.320890 1.392904 1.464599 1.543504 1.615854 1.693638 1.770233 1.853448 2.015071 2.553025 2.868378 3.276208 3.351258 3.507417 3.824407 3.912525 3.990381 4.067087 4.146449 4.219956 4.298224 4.378062 4.456974 4.612688 4.700577 4.785477 4.864621 4.944718 5.025741 5.114757 5.191436 5.266616 5.344463 5.424149 5.581379 5.655932 5.732535 5.808057 5.883619 6.032222 6.342273 6.414794 6.494370 6.650885 6.728098 6.952491 7.040734 7.128731 7.215156 7.293525 7.460543 7.537569 7.613443 7.688285 7.846333 7.932009 8.248463 8.323667 8.402429 8.479473 8.552175 8.643552 8.722180 9.023021 9.106857 9.180803 9.898080 10.450290 10.523154 10.596870 10.670187 10.745432 10.825847 10.898351 10.971436 11.045113 11.123246 11.200614 11.285324 11.356917 11.431569 11.732722 11.820087 11.891838 11.968479 12.049889 12.125457 12.381815 12.847391 13.153033 13.305063 13.380466 13.452972 13.541072 13.621008 13.772071 13.850150 13.933540 14.246016 14.715315 14.790034 14.956720 15.029759 15.101863 15.252257 15.338352 15.567196 15.891169 16.427599 16.573007 16.647182 16.804555 16.886792 16.963807 17.039206 17.115176 17.189016 17.261411 17.335090 17.564087 17.792731 18.022179 18.102355 18.476633 18.640043 18.711815 18.793486 19.029196 19.256393 19.737867 19.813322 20.039200 20.199110 20.286997 20.359143 20.434221 20.583736 20.659623 20.811388 20.954622 21.120430 21.277963 21.355297 21.573438 21.730750 21.978631 22.076509 22.151136 22.304126 22.376241 22.454888 22.531896 22.617182 22.694528 22.780050 22.856007 23.089064 23.167492 23.321756 23.396465 23.624629 23.700685 23.784409 23.857794 24.017353 24.094679 24.168469 24.316423 24.388462 24.460749 24.849048 25.235181 25.626234 25.708434 26.242960 26.390932 26.945895 27.019620 27.091343 27.459555 27.917108 28.063646 28.216952 28.296592 28.366754 28.454470 28.525710 28.598024 28.668805 28.739056 28.814939 28.887470 28.958766 29.545769 29.619583 29.689812 29.760141 29.847660 29.917910 29.988338 30.067988 30.210126 30.354019 30.437102 30.515947 30.588089 30.660542 30.817542 31.027376 31.098535 31.172016 31.396656 31.473625 31.558084 31.629127 31.716462 31.938693 32.023739 32.095333 32.260887 32.331993 32.402088 32.472552 32.549918 32.636053 32.718487 32.793348 32.863201 32.941402 33.016065 33.086960 33.453459 33.770867 33.852890 33.924192 34.069982 34.143690 34.225933 34.303877 34.377394 34.755239 35.116331 35.188308 35.402163 35.550243 35.622929 35.693731 35.768094 35.841583 35.913020 35.982569 36.057723 36.128747 36.202813 36.347228 36.495538 36.637296 36.776937 37.353115 37.426424 37.498766 37.571674 37.645601 37.866874 37.937557 38.013297 38.084536 38.160834 38.374710 38.451323 38.524133 38.670028 38.741821 38.813555 38.883909 39.321738 39.464258 39.533774 39.609767 39.683276 39.902634 39.973028 40.042726 40.114650 40.183883
Elapsed_time: 40.183883
Score: 630215.847517
301
10504100.084603 10218791.612262 9989083.724668 9692228.063607 8923684.440492 6516663.911326 4341356.561577 3203119.688259 2450031.408547 1853153.275937 1494653.546361 1226265.367673 1081662.365387 994349.994740 962079.486247 934202.503007 920537.669427 918346.827735 917310.029913 913344.398341 910302.885894 905551.996621 901939.847253 890188.566393 870737.726820 853254.868308 853215.131282 846504.643301 840003.662832 839874.511983 839783.063740 839686.175756 839156.303412 838708.996232 838119.612267 837974.023861 835913.411750 834024.998541 833790.094938 831743.543031 830697.164252 829318.390329 829132.577649 827966.389965 827593.132587 827116.093321 826592.848564 826331.565422 825540.906931 824826.876438 824759.517314 822908.538983 822274.224833 820977.438575 820149.358877 818938.537369 817835.136601 816936.623220 814778.587457 812415.476262 810815.477383 810643.225511 810222.323798 809737.408512 808700.996754 808324.012743 806322.534698 804845.635939 803429.296916 802579.032383 801549.625646 798329.781664 796762.138463 795702.526784 795194.057760 795180.461847 794292.520670 793654.163753 793032.650723 791602.368785 790188.615589 789747.625713 789413.280415 789059.711071 788632.619302 787876.743272 787470.082641 786782.991497 786373.789751 785986.004484 785403.008453 785360.227296 785241.284499 785011.871658 784692.377377 784574.294625 784448.395903 783721.118637 783476.369746 782851.463004 781892.080366 780935.939019 780446.556765 774349.582709 774328.073019 773848.684177 771647.573658 768909.332702 763828.560136 753757.908128 752059.144475 752019.284130 750990.648529 750919.667370 750519.157521 750166.108763 749463.920497 748575.937541 747039.160023 746819.193191 746816.919463 746782.412972 746397.243763 746381.687138 746097.369990 746079.053863 745988.569271 745581.599163 745220.200457 744541.705995 743557.068392 743260.110333 742819.963861 742705.044304 741509.827423 740682.010280 740038.944843 739856.262662 739639.540762 739293.634426 739098.803951 738428.657799 738140.641210 737841.037423 737727.611059 737537.208897 737288.368155 736484.844297 736102.851294 730574.197123 729878.042196 727382.839642 726133.492624 725517.709249 724489.120069 722357.522525 722152.343798 721477.723354 721452.876373 721006.499898 719787.889519 719012.099169 717454.025642 715526.372000 715478.198261 714625.884177 714605.743805 713954.372238 713398.628486 712604.701876 711804.206106 711338.251174 710785.378121 710730.269996 710582.993986 710141.942554 709274.433404 708393.708220 707442.784186 704763.399232 704017.252633 703689.311411 702664.405760 702637.553515 694820.776983 694643.047543 694600.404461 694474.157902 694327.295074 693861.764029 693342.883401 692119.444622 690398.870779 689453.241631 687232.269294 685522.635031 684922.594840 684313.376547 680338.168683 676294.509767 676042.564614 675885.786371 675710.271279 675602.953061 675355.102218 675002.868762 674785.530144 674099.505568 673771.582664 673294.463142 672816.404659 667405.188713 666896.676863 666884.049355 666548.860866 666369.103413 666306.815877 666210.053059 666194.264137 665886.197521 665304.737534 664427.406685 663739.821915 663609.871952 661528.721567 660875.317096 660486.337702 660122.279697 659494.998733 659258.681061 659138.996805 658683.983680 658565.089251 658417.926591 658073.302893 657561.180591 657012.660662 655928.403401 654727.725298 654257.980112 654257.295715 654229.035190 654057.536318 653926.486146 653568.899343 653232.613610 652836.276596 651681.316433 650302.099979 649734.984875 649614.068059 649414.973739 649232.373684 649028.980160 648757.162997 648249.428171 647829.906889 647298.826718 646367.341961 646271.798419 646264.615166 646117.283357 645648.324574 645280.125155 644826.402012 643990.426057 643792.394501 642106.233619 640765.420689 640012.635375 639365.211479 638487.749799 637971.212375 629551.236018 628293.121167 627987.853833 627625.122356 627133.407447 626967.308951 626882.902188 626829.062322 626559.187783 626545.226278 626182.083804 625984.656922 625608.278687 625519.967073 624713.088884 623573.149846 623373.107259 623270.363331 622520.205276 622392.495495 622266.057416 622022.810316 621660.042313 621141.965261 620332.138998 620010.541433 619964.952164 619622.675358
0.000095 0.152856 0.230573 0.307993 0.382534 0.463816 0.544982 0.630181 0.702023 0.784004 0.857429 0.936952 1.010261 1.082188 1.153694 1.226208 1.299618 1.370825 1.448172 1.520431 1.593781 1.664162 1.735117 1.806212 1.881687 2.033457 2.664647 2.737393 2.815905 3.041621 3.284265 3.360470 3.436334 3.513089 3.589791 3.736857 3.812716 3.967123 4.045961 4.120957 4.195270 4.268578 4.419586 4.497503 4.574369 4.647308 4.722602 4.799388 4.881667 4.961213 5.038798 5.113785 5.189670 5.262685 5.424542 5.503535 5.576601 5.649240 5.810281 6.254530 6.706859 6.942989 7.388552 7.460826 7.535052 7.687340 7.810859 7.884407 7.956390 8.029106 8.101071 8.174325 8.252353 8.324440 8.398174 8.473370 8.550958 8.626377 8.698435 8.782450 8.860514 8.933126 9.005316 9.082283 9.154488 9.389586 9.461146 9.539961 9.621166 9.695041 9.767071 10.065596 10.139872 10.215436 10.302929 10.630723 10.791827 10.869169 10.942979 11.016813 11.092125 11.170480 11.465185 12.002964 12.150953 12.234466 12.311514 12.384464 12.458787 12.531967 12.606596 13.064469 13.139774 13.287563 13.363499 13.436123 13.510091 13.615439 13.834956 13.991466 14.217028 14.515977 14.600665 14.680780 14.910618 15.298513 15.373460 15.448404 15.523759 15.598246 15.672387 15.820939 15.899902 16.044471 16.121143 16.266284 16.355486 16.442572 16.587286 16.671958 16.914867 16.993612 17.070886 17.220149 17.450704 17.526527 17.603175 17.679094 17.752807 18.277162 18.351589 18.429176 18.504101 18.580425 18.807780 18.887921 19.033814 19.258250 19.405124 19.483996 19.567020 19.718283 19.788987 19.860307 20.082373 20.155676 20.372579 20.456462 20.543168 20.616313 20.691999 20.772512 20.845037 21.156296 21.230596 21.310070 21.392135 21.472746 21.619495 21.761379 21.996661 22.504119 22.576991 22.649184 22.871896 23.312591 23.385582 23.456476 23.602186 23.679134 23.750992 23.825355 23.896442 23.969623 24.049027 24.121113 24.196548 24.273028 24.347079 24.500633 24.813557 25.109179 25.184803 25.413472 25.483639 25.564085 25.635126 25.705433 25.783143 25.853350 25.928545 26.228889 26.300132 26.446443 26.519870 26.820074 26.961969 27.192472 27.441868 27.523036 27.600931 27.676019 27.749977 27.825871 27.901194 27.971991 28.041710 28.417208 28.498865 28.578271 28.647822 28.792511 28.935551 29.006786 29.093465 29.167055 29.319644 29.391800 29.630920 29.701913 30.010425 30.235639 30.308429 30.382485 30.454634 30.526022 30.596568 30.671450 30.752075 30.827669 31.046292 31.117720 31.189034 31.330228 31.403191 31.483215 31.559519 31.631802 31.861277 32.304094 32.519040 32.591429 32.662057 32.734913 32.810801 32.885993 33.029355 33.099809 33.173895 33.245978 33.314992 33.385913 33.458229 33.530177 33.666922 33.803994 34.020929 34.234365 34.304222 34.881680 35.099710 35.168393 35.454271 35.523295 35.596118 35.665120 35.736096 35.804645 35.880641 35.952231 36.023980 36.095743 36.166045 36.238151 36.309023 36.381612 36.452037 36.524841 36.809571 37.106917 37.178656
Elapsed_time: 37.178656
Score: 619622.675358
301
10488481.453229 10208686.336252 9978368.721374 9693278.931509 9119754.159251 7454681.069450 4544607.916370 3405669.192335 2561797.310511 2033439.617868 1617417.464121 1316098.501555 1167034.709312 1024236.325828 946142.098538 937729.733019 936459.444792 935616.148123 931647.405898 924990.075346 917276.468320 913331.255358 910679.886350 908160.212051 891225.650783 888300.068338 884854.959168 882718.678592 882459.385645 882285.207622 882220.037987 881989.364366 881797.332217 881576.802429 881120.658676 880606.079033 879059.978278 872447.176402 869537.614830 866184.913938 865911.112757 865717.465491 865628.582483 865395.304120 865344.380678 864890.237634 864768.903026 864515.485606 864218.764198 864021.635326 863138.203626 862316.524666 861467.950469 860930.940613 859822.222353 859194.209949 857846.782261 855994.677123 852997.158979 850606.009310 818223.474213 817116.141219 817073.281724 816969.986923 816943.779194 816593.452753 816223.907348 815693.712992 814804.516982 813646.429109 813432.385802 811863.248360 810766.961495 808777.014600 808135.749259 806638.864844 805686.116260 805579.353519 805259.248629 805109.874437 805014.063428 804844.164692 804721.506957 804536.447852 804419.232582 804311.707851 804132.167659 803860.361274 803637.385405 803182.917666 802805.653660 802330.227700 800855.711383 795094.330948 793820.871948 792365.207760 785770.947192 777716.267600 777572.403923 777120.241287 777106.696479 776968.888571 776695.269553 776486.995100 775637.185435 775547.296193 774930.005244 774409.405617 772458.584538 770792.597072 770703.038851 769502.262150 768140.594010 768105.694738 767933.170503 767705.899143 767390.285681 767204.552597 767130.368025 766872.870348 766447.371506 766188.461331 765435.267447 764756.626811 764045.397765 763947.123392 763805.222131 763636.859494 763131.290803 762587.883762 762296.084328 761519.687327 761508.679917 760797.122772 760357.578307 760047.192886 759488.600755 758887.249785 758855.774236 758755.103636 757872.620548 757785.400118 757741.909624 757512.584441 757348.335301 757090.253142 755995.569749 755605.983452 755215.220372 754550.407814 754421.392747 753731.087834 751874.133642 748549.240963 748450.153735 748422.187070 748412.615635 748075.775659 748042.914304 747732.514180 747316.885362 747225.034225 747214.742943 746953.719638 746722.391468 746257.715181 745257.604518 741820.789926 736050.673500 734960.122646 734939.940715 733357.205651 733289.019498 733226.955160 733120.284419 732771.245401 732681.787299 732439.576153 731708.303150 731355.360838 729728.203903 727469.300664 726755.883744 726345.579546 726168.995211 725981.781888 725830.472413 725684.558440 725587.484518 725552.383007 725477.720616 725271.987580 725088.580224 724768.188588 723858.024355 722080.983857 720371.499042 719953.713837 717328.330726 717144.682765 716837.663563 716542.004052 716337.664395 716242.190424 715998.892983 715842.229942 715589.354135 715278.421790 714838.391439 714630.031284 714307.239445 714159.839584 712764.345658 712505.694851 712359.405456 712036.759280 711992.712913 711840.411826 711822.203928 711691.280612 711191.783198 710755.486448 709475.961540 709046.290755 708297.781307 707620.733705 705970.301277 705830.622918 705716.691723 705538.853631 705327.369297 705317.875198 705262.958704 704824.287608 704376.997118 704036.758007 703513.856615 703206.589522 703178.390949 702999.718522 702477.230059 701927.609792 701441.975975 700546.885844 699399.574558 698317.958662 684607.005584 682932.041026 682888.785283 682315.009883 681636.322180 679991.382804 679959.795519 679690.627785 679025.782901 678264.197191 677642.165957 677338.232442 676932.670921 676635.745010 676007.849031 675433.973384 674998.394483 672275.702409 672193.352534 671878.536135 671494.616451 659112.760711 659023.218117 658689.160645 658410.839599 658357.509467 658344.703177 658212.562259 658087.842400 657878.965055 657676.539056 657398.261517 657239.707017 656734.059100 656713.350272 656610.064756 656482.053330 655790.465245 655585.564062 655484.389910 655434.758135 655399.246533 655284.786473 654583.174665 654090.549714 653454.692978 652771.359972 651475.147010 650822.923270 649800.566829 649486.496050 649220.642281 648924.629654 648539.119492 648268.229419
0.000098 0.153635 0.231106 0.307302 0.383581 0.457053 0.534219 0.606256 0.680567 0.754949 0.830929 0.906425 0.990757 1.071450 1.151979 1.224215 1.296695 1.369620 1.444279 1.525969 1.601571 1.673719 1.744697 1.819850 1.894882 2.121593 2.351796 2.430768 2.654091 2.951268 3.120770 3.197498 3.274558 3.351623 3.425667 3.503544 3.576537 3.731256 3.804620 3.889550 4.114696 4.270683 4.505372 4.580058 4.730623 4.813140 4.886012 5.041807 5.120829 5.195798 5.268844 5.424874 5.498855 5.652200 5.728626 5.812148 5.890055 5.966084 6.116279 6.339931 6.714784 6.867999 7.487119 7.563667 7.867820 7.946567 8.025458 8.105922 8.179039 8.333148 8.568603 8.722658 8.880078 8.963877 9.038018 9.122138 9.196280 9.500211 9.577938 9.801517 10.037914 10.119235 10.192408 10.267874 10.342101 10.494582 10.573366 10.652100 10.729113 10.805717 10.883184 11.115052 11.263539 11.342532 11.430947 11.585616 11.974936 12.125642 12.415586 12.571955 12.887878 12.968176 13.042402 13.119214 13.196847 13.425150 13.499893 13.578293 13.657737 13.730577 13.806925 13.886132 14.031468 14.411247 14.486194 14.563134 14.640180 14.788002 15.075055 15.147235 15.224361 15.314907 15.391056 15.477565 15.551011 15.710178 15.788085 15.863933 15.944629 16.247615 16.406580 16.562634 16.636445 16.720697 16.795754 17.095620 17.169378 17.246558 17.322236 17.400570 17.488764 17.647040 18.026757 18.100628 18.255098 18.407896 18.489926 18.647217 18.727019 18.803430 19.045784 19.122576 19.196526 19.272394 19.509519 19.735183 19.882738 19.964140 20.500954 20.574565 20.652119 20.880072 21.174447 21.249438 21.322636 21.398765 21.614374 21.757317 21.828444 21.899655 21.970932 22.560617 22.797624 23.175061 23.247615 23.628065 23.860169 23.934696 24.006548 24.078401 24.157065 24.228552 24.307423 24.384547 24.606900 24.678924 24.760358 24.833517 24.909415 25.133666 25.210600 25.296592 25.370613 25.444931 25.519063 25.594236 25.740679 25.816729 25.891979 26.279187 26.352683 26.498983 26.642088 27.150688 27.228381 27.305919 27.598322 27.670292 27.744130 27.888592 27.966033 28.039624 28.182725 28.399183 28.628620 28.700743 28.848647 28.921946 29.137935 29.213223 29.289347 29.361907 29.432609 29.507972 29.582795 29.659198 29.734348 30.037513 30.182877 30.256540 30.329780 30.401864 30.615678 30.686678 30.757027 30.836390 30.908132 31.138742 31.435980 31.506975 31.578147 31.653215 31.729855 31.811942 31.886509 31.967367 32.115354 32.479192 32.767907 32.842243 32.915516 32.993859 33.150007 33.220468 33.293428 33.373029 33.516026 33.590310 33.668580 33.743645 33.813871 33.891906 33.970188 34.187358 34.625889 34.854869 34.929473 35.002552 35.222580 35.297397 35.521439 35.968365 36.112236 36.185306 36.260636 36.330377 36.408314 36.478533 36.552528 36.624949 36.846688 36.916860 36.988951 37.142552 37.282881 37.493687 38.152170 38.224577 38.294619 38.364180 38.434949 38.504927 38.721518 38.791117 38.860899 38.932597 39.090437 39.320482 39.395523 39.465380 39.537049
Elapsed_time: 39.537049
Score: 648268.229419
