5
301
67819.017064 66618.505493 56171.809536 51416.353213 51398.799050 51392.923764 51205.077428 51099.865743 51022.632705 50711.635030 50424.197690 50276.890179 50240.439298 50154.607424 50014.832195 49619.260151 49203.187609 48998.435099 48781.576268 48718.685353 48570.227179 48557.252631 48465.438979 48319.870561 48109.179303 47661.680064 47617.772022 47176.822122 47014.475421 46978.231600 46685.991059 46500.632043 46407.722336 46215.713618 45793.105910 45660.107783 45399.322842 45171.646643 44977.468706 44939.585054 44929.724288 44820.626086 44769.618359 44587.847874 44336.568631 44168.602631 44148.868039 43868.660031 43636.363153 43540.919904 43399.160565 43278.173951 43236.521991 43227.331776 43140.572663 42980.700418 42775.605476 42742.797148 42726.023090 42558.995970 42474.033472 42369.064536 42047.080677 41698.033437 41027.820576 40877.262231 40869.486688 40821.132468 40816.091245 40735.180695 40672.734210 40410.645581 40287.896764 39957.021273 39697.517087 39672.928750 39587.643477 39486.488645 39423.039092 39296.671816 39016.915725 38572.118425 38276.463814 38127.972723 38010.696915 37902.482232 37818.044297 37685.260366 37523.560269 37273.128534 37090.432746 36698.047082 36405.078344 36227.516397 36150.640220 36058.785380 35972.891156 35877.007541 35777.927176 35761.186696 35733.008753 35724.679986 35667.991394 35541.358351 35515.444833 35377.239087 35052.080260 34678.253752 34478.215907 34333.384346 34315.703844 34186.657233 34125.594171 34027.490052 33772.120683 33636.695681 33478.874899 33319.558530 33235.928037 33074.185464 32722.339418 32420.758809 32403.080357 32280.996312 32202.733690 32194.721231 32092.556467 31810.067196 31427.760326 31300.404462 31218.467923 31115.984228 31011.600730 30573.734052 30224.220359 30196.946629 30189.960739 30051.959760 30042.686438 29943.641036 29781.478719 29558.761664 29393.361486 29306.152877 29294.809665 29141.215867 29069.492324 28943.752823 28779.541298 28474.202975 28258.159093 28185.725934 28126.148347 28110.702833 28100.650099 28077.977858 28015.689084 27943.389499 27753.954642 27665.804138 27490.972635 27256.804122 27237.338712 27133.096841 27036.021690 26945.638094 26760.316333 26652.844892 26518.797711 26337.131693 26191.234805 25965.697065 25711.989414 25682.293273 25556.076962 25497.085717 25489.137380 25476.379447 25280.394923 25073.715487 25059.730316 24905.906852 24790.358309 24614.452234 24493.056869 24454.886023 24418.388745 24308.899157 24186.458030 24165.811988 24126.618518 24074.109436 23963.844805 23944.084863 23891.743187 23856.137350 23774.789911 23679.024806 23667.743782 23608.684672 23550.598904 23457.759991 23411.800710 23362.541297 23318.006435 23258.627684 23204.707818 23164.457337 23120.750324 23074.603607 23042.817471 23018.279335 22988.836672 22952.730640 22928.682332 22901.351449 22874.611612 22848.734322 22834.962061 22830.672714 22815.789730 22794.466885 22773.067702 22771.683257 22750.587817 22737.316994 22712.400969 22695.602205 22681.405398 22659.646564 22643.757482 22624.695161 22608.052429 22594.858665 22583.324304 22577.646077 22573.079825 22556.086151 22550.008960 22534.731365 22522.367939 22506.577310 22494.502440 22484.384856 22473.268647 22464.149126 22444.508722 22430.030848 22416.131238 22403.372351 22387.922282 22374.653240 22371.994736 22359.220038 22342.858450 22325.416568 22320.950936 22298.551314 22276.854221 22268.581700 22267.179025 22258.257041 22249.170862 22231.563101 22217.581073 22199.077820 22182.505508 22168.562576 22152.598513 22134.258492 22118.187057 22096.753277 22074.992305 22061.819246 22047.327967 22034.173755 22022.245480 22007.097386 21990.722886 21981.751083 21967.839815 21950.328583 21941.039952 21923.865646 21901.610749 21888.548374 21872.250273 21855.182482 21846.411850 21829.749537 21808.856664 21797.965732 21782.054135 21763.715643 21756.168863 21742.495877 21725.223813 21710.467554 21693.616625 21682.908552 21666.575674
0.244425 0.274484 0.281591 0.295992 0.320394 0.355814 0.362647 0.369552 0.383265 0.390164 0.396913 0.403626 0.424505 0.431540 0.438266 0.445068 0.451823 0.458596 0.465367 0.479022 0.485725 0.506433 0.513213 0.520006 0.526762 0.533525 0.555214 0.561974 0.575400 0.583748 0.592682 0.599700 0.613248 0.620120 0.626797 0.640352 0.647169 0.654422 0.661112 0.688954 0.696945 0.703687 0.710400 0.717312 0.724461 0.757636 0.777760 0.784455 0.791037 0.797691 0.804506 0.811156 0.817953 0.837881 0.844500 0.851071 0.857702 0.877955 0.884559 0.898847 0.913469 0.921955 0.929285 0.937437 0.945755 0.958799 0.965477 0.999793 1.012947 1.020840 1.027363 1.035749 1.049016 1.055605 1.062220 1.088259 1.101217 1.107636 1.122388 1.128878 1.135480 1.141854 1.148598 1.155073 1.161539 1.174831 1.182827 1.190727 1.198114 1.204548 1.211292 1.219324 1.226112 1.232497 1.247144 1.254373 1.260763 1.286495 1.293824 1.321515 1.330066 1.337244 1.343779 1.350367 1.357002 1.369974 1.390030 1.397211 1.403614 1.409985 1.435504 1.441857 1.454584 1.460972 1.467499 1.480116 1.486501 1.492860 1.505916 1.513797 1.521372 1.528576 1.555558 1.562708 1.576171 1.588701 1.595001 1.601270 1.607532 1.620156 1.626424 1.632751 1.639061 1.645450 1.651743 1.657940 1.677997 1.685551 1.691817 1.698028 1.704738 1.717808 1.724385 1.730912 1.755721 1.761990 1.775468 1.782366 1.789645 1.796795 1.803109 1.815590 1.836006 1.854484 1.868573 1.874691 1.880878 1.887154 1.893634 1.912029 1.921019 1.929441 1.948164 1.954191 1.960315 1.966359 1.972633 1.978909 1.985649 1.993053 1.999218 2.005418 2.011463 2.018809 2.027107 2.042035 2.061229 2.067371 2.073477 2.079562 2.091839 2.097995 2.104080 2.110094 2.116208 2.122255 2.128911 2.135613 2.142381 2.156983 2.164729 2.172399 2.180199 2.192347 2.198359 2.210494 2.216618 2.224292 2.238318 2.244427 2.250408 2.257358 2.263807 2.270246 2.277671 2.283679 2.289749 2.295806 2.302045 2.308475 2.314736 2.327787 2.335384 2.341626 2.347620 2.353701 2.359940 2.366004 2.372266 2.385099 2.391599 2.397627 2.404221 2.410370 2.418007 2.425820 2.431877 2.437869 2.444056 2.450634 2.456662 2.462639 2.468597 2.475023 2.480971 2.486876 2.492792 2.498740 2.504684 2.510807 2.516827 2.523145 2.530151 2.536158 2.542379 2.550174 2.556516 2.562451 2.568491 2.574455 2.580608 2.586580 2.592516 2.598443 2.604439 2.616277 2.622219 2.628174 2.634114 2.640046 2.657842 2.663829 2.669817 2.675795 2.681676 2.687631 2.693622 2.700006 2.706123 2.712179 2.718229 2.724227 2.730147 2.736075 2.742027 2.747988 2.753961 2.759887 2.765827 2.771946 2.779691 2.788461 2.794760 2.800735 2.806657 2.812697 2.818626 2.824679 2.830742 2.836883 2.842806 2.849050 2.855274 2.862515 2.876167 2.883734 2.889692 2.896012 2.907736 2.913635 2.919878
Elapsed_time: 2.919878
Score: 21666.575674
301
69426.730005 68206.776049 58072.704716 52019.447362 51835.694468 51622.577719 51500.591398 51454.704389 51093.010866 50858.114817 50804.665150 50779.630487 50738.375147 50619.659646 50539.336801 50091.603499 49906.152915 49703.824410 49455.393148 49096.146917 48957.483469 48885.326186 48724.820112 48615.062096 48534.740063 48306.985419 48144.214058 47761.885634 47383.218828 46952.396438 46790.081577 46721.498441 46609.213230 46531.001635 46514.024491 46420.358733 46090.849401 45914.858429 45669.643969 45541.858660 45485.942375 45428.224653 45419.735623 45268.164882 45084.432368 44951.823602 44489.866865 44234.709746 44226.146514 43735.306812 43436.845883 43349.263127 43310.503199 43103.385762 43088.413753 43009.934402 42932.119175 42807.906887 42660.708709 42131.893474 41639.720195 41249.413955 41146.684941 41140.893266 41024.888720 40995.335480 40845.219258 40629.953655 40267.602277 39528.069733 39044.515638 39001.878845 38872.580318 38809.736050 38678.658996 38321.923313 37682.303064 37010.858071 36970.584695 36864.692344 36765.475850 36661.079981 36479.255444 36466.592199 36252.461195 36139.511951 35933.389413 35842.483571 35813.732255 35691.896142 35639.509608 35502.116891 35352.553980 35076.405716 34905.698399 34890.464127 34839.939226 34742.053482 34654.587606 34632.598253 34611.106058 34526.945943 34280.395862 34033.502676 33989.307184 33590.176208 33435.789995 33296.891357 32986.547185 32813.358693 32787.517851 32732.274155 32667.745148 32660.171665 32658.428826 32365.709841 32315.086637 32140.955816 32099.964782 32031.881561 31938.611953 31823.853866 31806.967753 31785.257148 31637.792328 31546.128261 31541.765170 31495.264447 31441.843308 31432.186040 31399.444645 31342.640060 31276.356489 31209.514989 31024.695954 30943.537368 30755.810034 30751.000823 30734.062963 30485.069350 30479.170726 30471.497163 30420.021046 30393.511365 30171.901219 29820.833691 29314.380134 29280.336950 29160.898242 29041.546340 28910.006857 28706.556216 28339.526498 28273.450786 28054.333456 27991.299223 27899.033819 27760.961350 27712.920185 27619.892209 27613.164867 27549.549224 27448.567657 27290.992754 26878.820999 26723.063312 26709.699012 26618.768050 26529.384024 26396.882062 26130.081563 26031.755495 26019.538874 25865.153116 25803.977036 25652.006775 25422.397086 25247.846236 25241.358888 25213.208917 25178.844044 25154.609293 25107.942824 25080.258904 24824.335979 24819.404564 24773.640668 24745.261943 24691.880322 24631.212431 24476.743599 24380.621654 24290.324938 24153.026518 23973.296737 23913.540586 23908.154800 23893.370577 23821.225099 23753.307165 23712.138244 23584.088891 23478.332261 23408.697372 23378.957160 23338.031076 23320.251963 23282.079932 23234.747850 23158.846798 23029.462645 22908.018818 22743.348454 22729.486383 22635.090600 22571.532083 22564.051308 22520.712604 22409.817782 22265.900709 22214.014787 22176.429952 22155.142555 22153.738226 22123.584080 22102.984401 22096.634200 22061.972474 21982.976357 21895.113224 21880.368757 21870.713368 21792.839409 21759.190614 21707.872560 21706.120917 21651.964093 21600.267126 21558.997531 21485.219683 21378.572411 21369.007153 21237.474701 21137.758753 21000.791303 20950.961229 20947.897099 20900.430880 20839.409588 20836.313004 20794.516130 20715.332806 20686.642269 20589.161149 20544.145169 20476.196303 20400.997811 20346.006786 20288.054059 20239.942294 20215.137695 20163.117119 20108.088850 20038.151538 20019.028642 19989.502012 19917.152327 19857.167197 19852.316906 19828.742368 19825.617755 19783.280278 19749.555257 19692.528900 19642.612215 19586.509210 19581.975606 19547.502028 19534.273633 19491.517837 19460.604702 19438.846812 19357.519390 19346.012203 19314.958106 19264.972681 19240.107587 19186.426178 19149.587797 19127.667778 19053.065044 19043.733502 19020.954090 18986.832043 18954.952015 18929.718830 18838.022989 18778.359297 18737.615492 18730.719570 18688.164952
0.243989 0.275663 0.282996 0.334031 0.341152 0.362088 0.375876 0.383129 0.390264 0.425530 0.439105 0.446057 0.459802 0.473394 0.480196 0.487890 0.495477 0.503389 0.511649 0.518484 0.533701 0.542389 0.551824 0.560262 0.568235 0.575021 0.581817 0.588647 0.596613 0.611087 0.617932 0.631981 0.638723 0.645502 0.659078 0.665858 0.672670 0.679431 0.686151 0.692859 0.699565 0.706435 0.713115 0.720177 0.727233 0.733931 0.740767 0.754257 0.774336 0.781081 0.787688 0.814135 0.840811 0.848163 0.870607 0.877276 0.883781 0.891471 0.899666 0.912701 0.919191 0.925753 0.932406 0.945456 0.952639 0.965823 0.972472 0.980123 0.986752 0.993807 1.001288 1.020943 1.027473 1.034026 1.040594 1.047728 1.056429 1.064166 1.088060 1.094766 1.110501 1.117650 1.125109 1.151349 1.158574 1.165103 1.178058 1.204638 1.210970 1.219787 1.234058 1.241352 1.247812 1.254309 1.268321 1.308608 1.315238 1.322896 1.329604 1.344385 1.350918 1.357833 1.364236 1.390156 1.396816 1.403220 1.409602 1.416149 1.423244 1.437029 1.459376 1.466680 1.474442 1.480723 1.487022 1.494945 1.502230 1.509867 1.528954 1.535345 1.541618 1.554530 1.567161 1.601828 1.608101 1.620985 1.627628 1.636841 1.643374 1.656181 1.668764 1.675548 1.682247 1.694867 1.707490 1.713707 1.720332 1.726809 1.752039 1.764578 1.783978 1.802929 1.809733 1.825036 1.831354 1.837851 1.845712 1.874615 1.882868 1.891199 1.897767 1.903975 1.911374 1.940448 1.947586 1.955728 1.963120 1.971191 1.979381 1.986630 1.993913 2.001721 2.008734 2.014962 2.027392 2.041620 2.054809 2.061339 2.067525 2.073705 2.080266 2.086436 2.098674 2.104811 2.110913 2.116972 2.129195 2.135262 2.159607 2.165713 2.171795 2.177840 2.185116 2.205174 2.211233 2.243532 2.249668 2.255811 2.261920 2.274288 2.280457 2.286645 2.292759 2.298806 2.305073 2.318901 2.330953 2.337774 2.361657 2.367760 2.374494 2.380449 2.398628 2.404620 2.411219 2.418149 2.431653 2.439457 2.447349 2.454063 2.461809 2.468009 2.474049 2.480089 2.486114 2.492122 2.510700 2.516831 2.523809 2.529734 2.542416 2.549163 2.561976 2.579722 2.587074 2.593072 2.607854 2.614014 2.619980 2.626501 2.639617 2.651603 2.657509 2.664193 2.670383 2.689207 2.695244 2.707058 2.712983 2.718889 2.724831 2.736597 2.742532 2.748385 2.754531 2.766343 2.778804 2.784775 2.790672 2.796550 2.802550 2.809402 2.815321 2.821137 2.832802 2.838593 2.844396 2.850248 2.856087 2.861939 2.867840 2.873583 2.887909 2.894115 2.905962 2.912810 2.919832 2.925956 2.952998 2.959188 2.965040 2.970847 2.976623 2.982395 2.988885 2.995089 3.007373 3.013509 3.019657 3.026071 3.032063 3.037897 3.043667 3.055206 3.061083 3.066829 3.072613 3.078368 3.084133 3.089907 3.107117 3.112820 3.118589 3.124333 3.130017 3.135718 3.159145 3.164858 3.170489 3.187585 3.193253
Elapsed_time: 3.193253
Score: 18688.164952
301
63951.251960 61633.241310 51178.556709 50527.905006 48394.945542 48202.621149 48194.437513 48188.007955 48071.899339 47966.265085 47532.890803 47524.207593 47413.014014 47317.205327 47160.357974 47102.586010 47035.705035 46949.164943 46726.296883 46589.996845 46112.619328 46026.458090 45828.738289 45534.815069 45381.418845 44605.451386 44387.752694 44356.740551 44229.448132 44220.249717 44038.057040 44028.338637 43996.746640 43892.522334 43827.795253 43818.331069 43556.850662 43507.353157 43469.659701 43446.308027 43305.483315 43249.566159 43173.493131 42930.659912 42819.368087 42673.771782 42415.479096 42411.427989 42155.319635 42003.709293 41943.710192 41867.042490 41862.818101 41772.929307 41731.664771 41639.379659 41602.898189 41582.236995 41534.379007 41509.894677 41432.271196 41257.203171 41198.670064 41129.851324 41028.840499 40935.148893 40734.216378 40289.627290 40084.625032 40001.698667 39979.812440 39972.468008 39766.177743 39731.754304 39688.370150 39587.899608 39484.048126 39410.882419 39237.630406 39196.454899 39154.043493 38793.666694 38598.076254 38312.061921 38043.271660 37896.197036 37734.234967 37626.872519 37325.358221 37323.337578 37248.489236 37201.776311 36752.107688 36287.176957 36236.844707 35996.985705 35882.824441 35759.327783 35608.405028 35565.645676 35399.593539 35340.754965 35264.777436 35141.036888 35002.555331 34653.680879 34277.612890 33631.044719 33470.518893 33388.433647 33240.365383 33070.469861 33036.941883 32968.104222 32835.701713 32620.365759 32591.114861 32498.236332 32376.813028 32275.373291 32257.714592 32246.729348 32189.009478 32033.659944 31964.644195 31926.404460 31913.809958 31807.420794 31749.408607 31466.119411 31150.309739 31024.824318 30931.162163 30867.719922 30749.864739 30614.541846 29957.350802 29907.141696 29797.419419 29728.097260 29677.995810 29627.183442 29613.278873 29610.620797 29560.964386 29489.204354 29393.959155 29265.194432 29176.227632 29147.896603 28927.371772 28688.652396 28541.929586 28210.516208 27972.665859 27900.222892 27791.934124 27712.139840 27462.625745 27212.764642 27156.442209 27057.368948 26987.114747 26898.173099 26775.479210 26530.061593 26343.050433 26339.436160 26319.006814 26252.484446 26172.812445 26128.322470 26114.708137 26075.919107 25987.054696 25792.187118 25725.034475 25709.876807 25554.845027 25502.387289 25397.262850 25249.390866 25043.046885 25027.203561 24921.872180 24784.735055 24579.709383 24562.949139 24544.846692 24526.639873 24473.070500 24398.733625 24337.269691 24252.493751 24232.096964 24148.808295 24088.828568 24079.738039 23990.559532 23942.063051 23901.373684 23768.337844 23734.727796 23730.647683 23692.394625 23661.997400 23593.560962 23476.049250 23422.457717 23294.234437 23233.145101 23164.972843 23088.599442 22988.667857 22983.143840 22935.561272 22873.968457 22813.527944 22697.410673 22685.447516 22661.188219 22626.213610 22564.913174 22555.696906 22390.710894 22382.415831 22362.539556 22286.505340 22281.784201 22256.721452 22238.552490 22172.524699 22077.851628 22052.942600 22015.635688 21960.701241 21884.090837 21861.680195 21815.350714 21758.902369 21688.449411 21645.474152 21642.761475 21612.048791 21569.287955 21535.305375 21497.917668 21457.820985 21410.293913 21396.570421 21364.411395 21334.199767 21289.676311 21243.752948 21220.018695 21180.714410 21125.331629 21094.227089 21086.780091 21074.018711 21066.805607 21052.431016 21019.731510 21014.039295 20986.260828 20954.520100 20918.127859 20880.643794 20836.492474 20810.647824 20777.879940 20743.869147 20714.228647 20684.967416 20645.832305 20598.599579 20596.718808 20578.470676 20556.659145 20514.277558 20481.663979 20463.626281 20458.808661 20418.914164 20393.825070 20352.702081 20310.865906 20303.863101 20285.710790 20263.160175 20228.568328 20206.441089 20194.371376 20159.965153 20127.688653 20090.570735 20059.101901 20029.956722 19982.523237 19944.337452 19923.183950
0.234126 0.274144 0.281053 0.288311 0.295038 0.338572 0.352612 0.366089 0.372845 0.379551 0.421065 0.449622 0.466135 0.497146 0.504334 0.519265 0.526424 0.534450 0.541268 0.548138 0.555067 0.562690 0.569769 0.576768 0.584548 0.591282 0.611698 0.642026 0.648693 0.655401 0.662090 0.696406 0.704637 0.712922 0.719678 0.735280 0.743930 0.751881 0.774085 0.795773 0.802936 0.817249 0.826172 0.847084 0.853849 0.860741 0.867439 0.894703 0.901440 0.908162 0.914898 0.921617 0.935003 0.941945 0.948631 0.955481 0.962240 0.975689 0.982300 0.988929 0.995650 1.002287 1.016256 1.022911 1.029601 1.037697 1.044519 1.076734 1.085290 1.110881 1.124179 1.145871 1.160668 1.173909 1.187216 1.193855 1.200493 1.213760 1.220425 1.226999 1.246825 1.253515 1.260158 1.266812 1.273403 1.287639 1.296087 1.302682 1.309533 1.322993 1.329641 1.336204 1.342800 1.349329 1.362373 1.368931 1.381924 1.388438 1.394915 1.401354 1.414330 1.420939 1.427507 1.434230 1.441444 1.448176 1.454644 1.461117 1.473979 1.480473 1.486987 1.493392 1.499779 1.506260 1.513893 1.520920 1.547743 1.554376 1.568510 1.574871 1.587605 1.614707 1.622102 1.629593 1.642638 1.648975 1.668537 1.674915 1.681285 1.694180 1.706831 1.733086 1.740398 1.746810 1.753190 1.759547 1.765841 1.792067 1.798309 1.810898 1.817344 1.823731 1.838407 1.851025 1.857295 1.871343 1.877708 1.884006 1.890238 1.896963 1.904607 1.910968 1.925168 1.931882 1.938486 1.945709 1.953055 1.959325 1.965553 1.971895 1.984286 1.990471 2.002795 2.008940 2.015166 2.021306 2.027455 2.052349 2.064513 2.070598 2.076736 2.084056 2.103809 2.110070 2.116198 2.122290 2.128469 2.146721 2.152860 2.158926 2.165119 2.171287 2.183653 2.203210 2.209214 2.215491 2.221488 2.246553 2.259075 2.271220 2.277249 2.283294 2.289375 2.295510 2.307596 2.313711 2.319980 2.338199 2.344306 2.350475 2.362819 2.368807 2.387914 2.400923 2.408224 2.414335 2.420323 2.426316 2.438385 2.444611 2.450984 2.457968 2.465215 2.471447 2.477468 2.483482 2.489451 2.495692 2.501641 2.525388 2.531354 2.537566 2.544216 2.550309 2.556430 2.562391 2.568548 2.574484 2.592376 2.598302 2.604257 2.610199 2.616349 2.630255 2.636183 2.642151 2.648113 2.653967 2.659861 2.665704 2.671613 2.677519 2.683412 2.689280 2.695271 2.707024 2.712838 2.718690 2.724547 2.736213 2.742059 2.747997 2.753887 2.759710 2.765587 2.771410 2.777208 2.783055 2.795035 2.800985 2.812703 2.818587 2.824592 2.842495 2.848303 2.854104 2.860810 2.866569 2.872322 2.878058 2.884040 2.889895 2.896937 2.902942 2.909997 2.917427 2.929475 2.935395 2.942325 2.949012 2.960727 2.966985 2.980222 2.986689 2.993942 3.006548 3.012332 3.024069 3.029827 3.035989 3.041754 3.047524 3.053350 3.059114 3.064880 3.070687 3.076486 3.082279 3.088088 3.093885 3.100380
Elapsed_time: 3.100380
Score: 19923.183950
301
65817.211477 64604.370161 54397.348787 50136.927858 50105.947381 49999.464953 49915.186583 49789.437918 49656.682732 49534.240098 49177.019582 48730.968962 48204.386537 47800.827590 47290.100340 46687.626543 46248.746279 46167.772753 45937.203935 45834.478516 45787.962285 45598.558488 45465.591010 45179.146139 45015.359692 45005.391864 44976.789289 44919.002423 44806.181445 44618.750629 44443.203664 44316.503012 44274.469151 44189.811370 44038.137475 43810.732935 43220.490613 42887.391616 42790.541899 42741.636844 42688.573464 42652.861743 42627.364287 42535.057900 42218.944837 41993.454365 41765.810408 41496.691430 41399.646169 41390.311420 41275.856776 41252.519596 41178.797476 41001.320959 40400.345702 39968.526051 39885.996499 39683.358973 39444.436486 39171.582751 38892.753461 38879.275023 38816.232061 38699.455901 38672.826893 38517.295629 38385.753314 38239.402754 38192.153263 38137.580618 38105.322901 38054.819410 37932.981740 37738.073318 37522.848943 37298.793852 37150.640821 37091.164019 36752.376566 36535.651404 36296.284730 36016.350970 35452.896561 35409.461779 35363.053270 35298.367181 35168.429973 34876.307758 34719.155718 34694.001098 34318.885199 34271.745711 34135.957749 34025.446231 33978.818528 33963.273141 33917.839173 33833.958924 33734.503325 33619.314164 33447.222053 33238.055297 33090.861762 33040.842294 32868.052252 32775.758834 32762.716211 32626.329260 32472.802982 32264.062485 31910.863474 31869.682837 31581.300647 31522.624674 31420.675211 31261.842869 30885.255189 30814.204650 30701.834426 30635.959022 30499.974944 30171.158788 30062.506997 30056.746039 29997.691312 29958.007064 29875.541941 29855.412385 29721.853859 29480.694077 29395.913246 29389.970901 29369.595049 29311.488332 29298.677061 29202.920432 29118.940975 28967.239668 28795.265002 28665.899332 28576.040882 28533.067761 28508.663244 28387.168670 28224.200916 28083.662848 28072.078155 28029.017695 27930.511813 27897.343231 27832.433955 27786.903541 27744.825826 27720.678143 27688.866626 27559.297626 27472.362207 27337.614300 27333.953937 27287.212770 27274.715542 27240.266479 27156.476815 26990.482490 26861.027037 26816.884939 26771.591509 26704.188722 26620.972235 26399.337311 26373.749914 26331.439946 26277.713434 26085.303475 26052.913274 25954.319964 25879.702331 25708.569314 25688.271227 25677.732645 25620.853585 25562.810301 25466.976609 25402.006536 25214.770959 25164.045372 25101.980854 25046.739344 24922.472902 24762.397402 24731.968195 24729.611187 24699.195013 24666.446794 24604.481393 24497.156639 24483.543183 24481.895581 24454.890501 24411.365809 24401.119347 24394.688453 24376.036037 24289.690201 24212.584282 24196.359079 24172.878450 24164.100642 24161.866605 24135.534849 24120.160222 24063.691657 23998.321616 23905.890770 23821.894383 23821.401987 23791.791671 23744.550069 23627.784757 23622.389474 23607.053706 23580.965436 23534.783199 23471.112792 23405.390397 23395.624483 23335.816353 23258.054612 23179.707237 23142.050955 23136.490846 23112.900443 23080.548307 23026.879077 23001.654773 22969.475887 22914.391312 22847.596234 22821.953455 22776.464134 22724.050071 22702.750286 22672.992635 22625.773801 22616.938608 22590.637615 22563.676111 22515.561317 22504.136927 22477.053618 22441.081945 22402.950215 22400.726481 22368.653662 22341.720745 22300.697895 22278.185922 22262.132598 22241.831054 22217.668701 22194.122407 22172.493699 22144.602918 22092.765830 22041.789788 22010.787751 21989.280728 21929.870129 21881.222477 21841.076547 21809.188125 21778.601209 21748.302705 21729.319243 21708.036297 21676.566704 21640.176007 21638.197141 21598.526134 21554.734464 21507.179216 21491.115185 21490.081608 21430.488899 21394.397822 21367.909620 21338.216542 21308.551157 21267.366392 21245.958346 21224.228223 21186.686503 21143.415335 21127.494700 21106.278656 21085.628219 21038.724822 21015.676185 20997.139004 20966.252456 20947.188316
0.245213 0.276028 0.283100 0.290150 0.326237 0.340574 0.348589 0.356211 0.363710 0.370582 0.377570 0.384640 0.391621 0.399388 0.406603 0.415444 0.423575 0.430556 0.437578 0.445822 0.462554 0.470879 0.477943 0.486693 0.493917 0.530920 0.537796 0.544752 0.551710 0.559091 0.566827 0.580752 0.588923 0.596199 0.603101 0.609907 0.616788 0.623811 0.652298 0.659101 0.680274 0.687129 0.694138 0.700968 0.707868 0.715963 0.723517 0.731314 0.739431 0.768534 0.775409 0.802404 0.809161 0.815934 0.822678 0.849458 0.862947 0.869651 0.876305 0.883486 0.890702 0.933787 0.941246 0.948201 0.961785 0.968430 0.975385 0.982351 0.990825 0.999838 1.013859 1.021680 1.028468 1.035747 1.042420 1.049006 1.055652 1.068958 1.075534 1.082068 1.088656 1.095221 1.101809 1.121363 1.127944 1.134579 1.141160 1.147734 1.154330 1.173964 1.180493 1.193735 1.207510 1.214036 1.220640 1.233864 1.247262 1.253730 1.260223 1.266798 1.293349 1.299953 1.306434 1.313033 1.319619 1.326500 1.333478 1.340061 1.346529 1.353191 1.359936 1.380439 1.387003 1.399964 1.406453 1.412931 1.420195 1.426656 1.433289 1.440146 1.446926 1.453401 1.459833 1.485745 1.493286 1.499664 1.506012 1.518799 1.525580 1.531896 1.538969 1.576145 1.582742 1.589192 1.618182 1.625074 1.631482 1.638627 1.645025 1.651815 1.659678 1.666020 1.672385 1.678676 1.685992 1.692443 1.719655 1.728281 1.734865 1.741696 1.748525 1.754806 1.761500 1.767748 1.781440 1.793999 1.806569 1.812814 1.831419 1.837634 1.856454 1.862632 1.869994 1.876243 1.882405 1.888529 1.894683 1.900957 1.907118 1.913367 1.925592 1.931808 1.938020 1.945279 1.951528 1.957694 1.964207 1.970391 1.982906 1.997091 2.003976 2.010059 2.016124 2.022184 2.028302 2.034436 2.040592 2.047052 2.053984 2.061138 2.073599 2.086877 2.092992 2.106762 2.113067 2.119086 2.125376 2.154551 2.160677 2.166794 2.178899 2.190808 2.196856 2.202833 2.210040 2.224571 2.232242 2.247476 2.260993 2.267055 2.274126 2.280862 2.286835 2.300685 2.306686 2.326528 2.332504 2.338416 2.344334 2.368393 2.375117 2.382058 2.388556 2.406256 2.412127 2.418159 2.424081 2.430144 2.436350 2.443477 2.467277 2.474010 2.480314 2.486218 2.500182 2.506204 2.512213 2.518166 2.530076 2.536417 2.542293 2.554174 2.560059 2.566198 2.572258 2.578070 2.584244 2.590223 2.601959 2.607879 2.613716 2.619522 2.625306 2.631621 2.638150 2.644012 2.650230 2.657284 2.664654 2.670576 2.676414 2.682189 2.688043 2.694240 2.701380 2.707204 2.713063 2.719070 2.725543 2.731473 2.737280 2.743183 2.749015 2.755066 2.762196 2.768038 2.774033 2.780171 2.787221 2.793082 2.799165 2.824644 2.836459 2.843784 2.850670 2.856694 2.862483 2.868300 2.874166 2.879999 2.886254 2.893285 2.900413 2.906791 2.912539 2.918283 2.924089 2.930305 2.936737 2.942455 2.948210
Elapsed_time: 2.948210
Score: 20947.188316
301
65940.322119 64724.855979 54530.733527 50749.492186 50708.403371 50560.569553 50550.616039 50440.169019 50340.282104 50173.322235 50087.748488 50032.760433 49889.582676 49495.256618 49114.306895 49009.877831 48924.975061 48528.623718 48341.838005 48320.108261 48236.018826 48169.789142 48149.154080 47989.930723 47775.561353 47175.721715 46832.289500 46582.269966 46358.461394 46281.168197 46077.194506 46043.270814 46012.719205 45896.153771 45776.526553 45734.745653 45663.038519 45613.070211 45513.688415 45413.551906 45239.776104 45163.714440 44781.459856 44692.781136 44653.486102 44642.243120 44544.285370 44517.278461 44395.384777 44269.292773 44244.199978 44209.190638 44183.915644 44075.651477 43984.771793 43657.710542 43326.728230 42740.820294 42718.737568 42468.080531 42387.141530 42253.471396 42174.633438 42006.166868 41806.652238 41460.088815 41138.281096 41039.673001 40682.505010 40355.732054 40239.365213 40131.780174 40021.967235 39864.445721 39738.437238 39512.693201 39451.753639 39340.767364 39277.183017 39267.217679 39064.448048 38908.624367 38886.894072 38669.550764 38460.479697 38431.878158 38392.954090 38375.683044 38327.498619 38204.794466 38138.939528 38132.267644 38104.276554 38026.166280 37928.155569 37760.094372 37489.133590 37060.026151 36859.784309 36731.487651 36636.431346 36622.795058 36612.167604 36577.009249 36482.103806 36269.469599 36171.390891 35859.047441 35841.866367 35737.605808 35599.962956 35531.581858 35446.727264 35406.304059 35348.877992 35222.117856 34817.514411 34795.896873 34650.534489 34562.400574 34371.243009 34309.450524 34292.884494 34254.683369 34153.249160 34085.890234 33911.546535 33869.745363 33859.645676 33791.995809 33744.986695 33710.931090 33685.101436 33565.025953 33432.494931 33069.101674 32773.125518 32610.279758 32595.741020 32547.276091 32495.811301 32375.805209 32153.403317 31828.937496 31731.566205 31541.986607 31438.853245 31186.285845 30875.563822 30495.879226 30479.807608 30321.293301 30218.833831 30142.444569 29932.778678 29930.042171 29840.712639 29630.484605 29571.760791 29400.855915 29207.263037 29124.902036 29077.536149 28882.763018 28671.893767 28523.712410 28405.439340 28297.251051 28231.675293 28153.148385 28067.442733 27726.362639 27701.030524 27695.971972 27666.975484 27647.830083 27622.612125 27585.863828 27497.233634 27440.195594 27329.516576 27200.064340 27088.952702 27061.482355 26998.252537 26927.168950 26823.916583 26652.958529 26380.158694 26352.755070 26352.610838 26243.974733 26148.934714 26141.454854 26130.262260 26098.857732 26056.088989 25965.296240 25928.798343 25830.149930 25764.527408 25642.775666 25540.283147 25441.187515 25292.441560 25122.675070 25105.996295 25104.755772 25030.576442 25011.677745 24964.159430 24907.760310 24856.427940 24767.034306 24712.457803 24674.775223 24596.264532 24512.694856 24355.230129 24181.996601 24056.198107 23909.120551 23720.090536 23675.001173 23578.710420 23446.176584 23194.665174 23157.144752 23133.821441 23058.921737 23030.666580 22974.900654 22889.609698 22683.494777 22634.037022 22593.688142 22580.543232 22525.457971 22443.042760 22398.247130 22357.835701 22338.938140 22258.837756 22175.520473 22070.062830 22038.663948 21916.129799 21894.139427 21767.371234 21695.061405 21614.533413 21458.314529 21422.506790 21318.962541 21227.426024 21141.182191 21134.918714 21085.034600 21045.875139 20964.137077 20903.601886 20827.413621 20734.333474 20722.408292 20700.713981 20657.131411 20623.816772 20601.785043 20576.937058 20493.833279 20402.150679 20397.786520 20354.070088 20335.782186 20269.864696 20210.113689 20150.033737 20088.245036 20038.221223 19986.875455 19935.254949 19879.607847 19815.068030 19796.192616 19771.103013 19732.709954 19690.840221 19684.156779 19678.672016 19647.022470 19618.172805 19575.124718 19547.320780 19513.662770 19466.462731 19459.999008 19448.959303 19403.098898 19398.958242 19366.168017 19341.031288
0.245570 0.275800 0.282900 0.297183 0.331475 0.346839 0.389801 0.396679 0.403445 0.410206 0.423836 0.430759 0.437575 0.444395 0.451230 0.458018 0.464956 0.473651 0.480507 0.487326 0.494090 0.500834 0.507639 0.514579 0.521391 0.529049 0.547226 0.555853 0.565381 0.582593 0.603203 0.609982 0.616801 0.623827 0.630557 0.644632 0.651726 0.665371 0.672164 0.678860 0.686930 0.694040 0.725686 0.759366 0.766370 0.773137 0.811974 0.825783 0.832543 0.840694 0.868179 0.874931 0.881675 0.888441 0.895198 0.918884 0.933865 0.941360 0.966380 0.973317 0.982376 0.990088 0.996810 1.003457 1.010172 1.016816 1.052885 1.066815 1.075357 1.082610 1.090505 1.097073 1.103850 1.110434 1.124938 1.131741 1.151666 1.158294 1.164893 1.178150 1.184855 1.198566 1.218390 1.225030 1.231728 1.238326 1.244871 1.264968 1.272498 1.279587 1.286123 1.315251 1.322007 1.329953 1.336546 1.343159 1.349728 1.356830 1.363397 1.370281 1.384798 1.404149 1.410557 1.417051 1.423507 1.430059 1.443016 1.449513 1.462449 1.468908 1.475367 1.481920 1.494857 1.501488 1.508043 1.515274 1.521828 1.541281 1.547718 1.562312 1.569231 1.582304 1.609620 1.616012 1.622474 1.636363 1.644073 1.651808 1.688552 1.696707 1.710719 1.718419 1.725064 1.731480 1.745679 1.752161 1.773052 1.781228 1.796285 1.809663 1.816003 1.822407 1.828738 1.835126 1.848002 1.854703 1.863199 1.869657 1.876061 1.882418 1.915491 1.921886 1.928570 1.935097 1.947910 1.954499 1.960980 1.967316 1.974026 1.980451 1.986938 1.999770 2.012619 2.018977 2.025577 2.031921 2.039963 2.046923 2.059801 2.066024 2.078774 2.085080 2.097788 2.117222 2.123393 2.129642 2.135834 2.142003 2.148248 2.154556 2.160815 2.168477 2.182313 2.194641 2.200792 2.206921 2.213132 2.219277 2.225399 2.232717 2.254153 2.260257 2.279898 2.286219 2.292458 2.304742 2.310843 2.316932 2.335042 2.341410 2.353482 2.368134 2.380416 2.392852 2.399132 2.405190 2.411140 2.434977 2.440920 2.452869 2.458803 2.464817 2.470900 2.476937 2.482916 2.497462 2.503631 2.510008 2.515981 2.522045 2.527968 2.533884 2.539860 2.545769 2.551696 2.557645 2.563531 2.576392 2.588338 2.594232 2.600129 2.606003 2.611961 2.623728 2.641452 2.647690 2.653652 2.665377 2.677200 2.683150 2.689091 2.694958 2.700965 2.706910 2.712787 2.718666 2.742420 2.749708 2.757283 2.763491 2.769357 2.775192 2.780979 2.786742 2.792664 2.798513 2.805500 2.811504 2.817623 2.824756 2.831148 2.836893 2.842697 2.861899 2.868740 2.875888 2.881880 2.889311 2.896361 2.903196 2.909510 2.928492 2.934390 2.942037 2.949019 2.962178 2.968174 2.974082 2.980749 2.986711 2.992797 2.998569 3.004591 3.010343 3.016144 3.022087 3.033957 3.039678 3.051082 3.057049 3.062818 3.068656 3.074372 3.080106 3.085846 3.097552 3.103319 3.109109 3.114830 3.120681 3.126385
Elapsed_time: 3.126385
Score: 19341.031288
