5
301
1492579.930284 1436696.534572 1397239.994621 1359720.382267 1305451.087391 1225733.841953 888549.380146 614919.598995 443107.876239 351621.968508 308771.324844 277591.649796 214425.906492 194577.325200 192524.098846 192022.755604 190613.403263 187572.529017 183641.006533 167058.566795 164462.622248 162171.530519 161972.423224 161923.739344 161908.868430 161780.618970 161670.997409 161445.334646 161100.161674 160857.001741 160510.963132 160067.227772 159681.721266 159591.805050 159405.530743 159187.234052 158728.435703 158264.045562 158030.802058 157820.844716 157512.560344 156611.641901 156489.907506 156376.712898 156133.013705 155570.825579 155352.928217 155237.823133 154872.390886 154389.955213 153589.244939 152939.588664 152277.703795 151257.164621 150128.524904 149984.972810 149415.119857 149030.358348 148795.497746 148751.138149 148506.566133 148134.914031 148019.294261 147538.843535 147220.355052 147117.703461 147046.754664 146712.071485 146597.918991 146489.392119 146160.102640 146099.078903 145862.131434 145716.236498 145686.215279 145531.391109 145342.096939 145107.462872 144852.358242 144290.226258 144220.157292 143143.207805 142248.538368 142126.549577 141965.966045 141873.912023 141849.744133 141720.204778 141595.364962 141322.078944 140981.728612 140694.087312 140420.779853 140097.880742 140006.321379 139827.918471 139521.674199 139407.746825 139269.522057 138873.842352 138593.033512 138179.444448 137468.190972 136434.442781 135968.161590 135897.778044 135782.673743 135729.647600 135594.727944 135239.392490 135052.020727 134537.360079 134144.230847 133661.586725 133159.203000 132967.523879 132888.669641 132852.275343 132520.210882 131974.046697 131741.980107 131638.813983 131333.793930 130708.222878 130704.864889 130684.136899 130537.764285 130442.506535 130297.192449 130087.995041 129960.087248 129457.240522 128847.879263 128798.529426 128694.541094 128600.741795 128488.726183 128338.749897 128190.931541 127889.845589 127750.506837 127244.728603 126826.914516 126629.036950 126620.801260 126434.728852 126310.576147 126165.514101 126077.416411 126021.976452 125952.410847 125945.220513 125885.417830 125746.764561 125313.015984 125088.906128 125033.793584 124797.256365 124795.729030 124726.824613 124568.643031 124294.182242 123552.465005 123511.155928 123276.905067 123049.709145 122953.447463 122922.951238 122836.691638 122738.669568 122479.154651 121991.997763 121910.028255 121784.578335 121293.423653 121075.703239 121038.413702 120412.766216 120225.386918 120043.409943 119949.677042 119805.444732 119634.254030 119253.447921 118889.811425 118820.045388 118791.712332 118674.573193 118561.408881 118394.497088 117898.435746 117556.744363 117338.607422 117096.010060 117021.072721 116984.252480 116926.878160 116834.503243 116781.396382 116759.358323 116740.376422 116486.372869 116205.476485 115689.429537 114863.153128 114081.528778 113631.100857 112551.220714 112345.632206 112341.832109 112251.447238 111976.268388 111735.131483 111392.296673 110330.281180 109298.628567 109240.164376 108595.994770 108304.423885 108283.767386 108256.225548 108109.730728 107966.930870 107890.876788 107811.746004 107686.068580 107568.261435 107464.421346 107312.903879 107165.540377 106901.208303 106891.849314 106780.453060 106667.549186 106496.070665 106279.150024 105944.107057 105124.819551 104384.678089 104068.724278 104025.945203 104010.519428 103952.004916 103855.614891 103592.347336 103420.544246 102788.684966 102414.196764 102373.331739 102305.227616 102148.693544 101868.787230 101755.772111 101680.594786 101662.181520 101543.126558 101413.341684 101310.783378 101024.451891 100684.182612 100621.320824 100436.825518 100164.497392 100121.813298 99921.309373 99891.873991 99883.947688 99655.226697 99482.336903 98999.219274 98639.393736 98312.216345 98113.517545 98063.160945 98020.345624 97923.064601 97755.936522 97373.994803 96828.513017 96520.121485 96311.976036 96139.297437 96112.493351 95715.709617 95691.721314 95593.951036 95556.071685 95523.104376 95409.986665 95095.098547 94932.659363 94642.106103 94404.692829 94180.374470 93966.086078 93720.605713 93629.357351 93614.231713 93526.809492 93438.601686 93297.503334
0.000099 0.027376 0.037695 0.048223 0.058646 0.069703 0.082468 0.092790 0.103248 0.116801 0.127446 0.137539 0.147537 0.157586 0.167811 0.178230 0.192221 0.204212 0.216933 0.244389 0.265863 0.276517 0.287077 0.350123 0.411460 0.421680 0.431941 0.442208 0.452516 0.464127 0.475739 0.488948 0.499469 0.510499 0.522899 0.533174 0.543765 0.554644 0.564831 0.606078 0.626760 0.638211 0.669236 0.721586 0.742877 0.753555 0.764237 0.775191 0.785917 0.806523 0.818546 0.828807 0.839489 0.861070 0.871330 0.923559 0.935398 0.946825 0.978375 0.989492 0.999805 1.011872 1.022052 1.032288 1.052632 1.100243 1.110328 1.120584 1.130727 1.151502 1.162528 1.183305 1.194460 1.225549 1.255884 1.266628 1.277589 1.288192 1.298937 1.309263 1.319857 1.341500 1.351619 1.419249 1.434186 1.454340 1.494775 1.504888 1.516343 1.526578 1.536780 1.546949 1.557025 1.567400 1.578263 1.588787 1.599719 1.610043 1.621926 1.632743 1.662833 1.673703 1.726278 1.736557 1.746592 1.780400 1.791072 1.822250 1.833533 1.843553 1.883922 1.894429 1.946062 1.956095 1.966433 2.000286 2.031855 2.062128 2.072175 2.103432 2.113423 2.145159 2.155156 2.165009 2.184762 2.224515 2.234417 2.246060 2.256796 2.269295 2.279718 2.289710 2.301710 2.333917 2.387181 2.398307 2.408566 2.419221 2.429937 2.439890 2.449876 2.460186 2.470572 2.502827 2.532818 2.542761 2.552686 2.573183 2.583146 2.593035 2.603090 2.633340 2.643172 2.654388 2.665318 2.675246 2.695549 2.716007 2.745700 2.755527 2.767255 2.808152 2.848947 2.888842 2.898755 2.908614 2.928354 2.948116 2.957975 2.967828 2.978508 2.988688 2.998547 3.008356 3.049006 3.068514 3.098208 3.131340 3.141204 3.160918 3.183865 3.194940 3.205991 3.215779 3.225616 3.254915 3.326282 3.337233 3.347295 3.358057 3.367925 3.377853 3.387724 3.397558 3.408407 3.460589 3.470352 3.491001 3.520435 3.530468 3.561044 3.570817 3.580559 3.590440 3.600285 3.611135 3.622457 3.632507 3.662997 3.705192 3.715165 3.725778 3.735696 3.747027 3.756654 3.767988 3.777587 3.801740 3.812813 3.875392 3.894565 3.904630 3.914381 3.969377 3.979423 3.989102 3.998760 4.008616 4.018152 4.028729 4.038300 4.076437 4.088064 4.097660 4.116835 4.126490 4.136051 4.145610 4.156463 4.171441 4.202600 4.252187 4.261621 4.271043 4.280701 4.290134 4.303169 4.314672 4.333498 4.352404 4.361840 4.371422 4.390259 4.409219 4.429636 4.439157 4.452641 4.464244 4.483549 4.531962 4.570181 4.579767 4.590098 4.600223 4.619167 4.647556 4.657030 4.666378 4.675714 4.685080 4.694452 4.703885 4.713361 4.789782 4.799459 4.808818 4.818368 4.827745 4.888673 4.916922 4.927363 4.936722 4.945972 4.964789 4.983693 4.993902 5.017532 5.040117 5.049809 5.060064 5.069324 5.078685 5.089179 5.098555 5.107859 5.117228 5.146367 5.186251 5.197653 5.207859 5.217695
Elapsed_time: 5.217695
Score: 93297.503334
301
1503435.190508 1450180.092950 1415825.629012 1381007.520457 1339564.941904 1252215.049661 1028606.908394 570277.678206 433199.407190 369700.883829 280622.080473 227363.365420 202329.207570 192647.474714 189193.960806 186875.607199 186012.354712 184580.227944 182978.514255 180522.929192 176826.035874 171847.355404 171512.923285 168125.411452 162316.433990 162259.407477 161581.126155 160817.347880 160390.299013 160346.986036 159788.109386 159639.811966 159330.395570 159058.698884 158292.119237 157933.308572 157897.868409 157458.956208 156962.852194 156799.376726 156760.818265 156740.519875 156438.045010 156319.104299 155974.449462 155745.260563 154788.946190 150640.176022 150606.561104 150381.408792 149852.472699 149556.936221 148771.361055 148484.793165 148372.643256 148323.541923 147660.181301 147373.649127 146985.055246 146739.151528 146406.513670 146276.026161 146026.144752 145958.897613 145740.559099 145208.596000 144942.862305 144827.980987 144592.089378 144206.634114 143914.399943 143892.183083 143541.005717 143333.217983 143321.130852 143252.046158 143040.220434 142817.391058 142732.201127 142353.266065 142251.214470 141217.729955 140619.791628 140088.137851 139167.103210 137888.734339 137381.634104 137336.676041 137186.535711 137046.930940 136982.929262 136793.356695 136767.565551 136574.649705 136451.939404 136446.601672 136129.137688 135974.960049 135674.711253 135184.768161 135163.957523 135051.242686 135000.023343 134841.368525 134649.068203 134225.764558 133754.202023 133526.085794 133231.303660 132896.008763 132539.545319 132486.151253 132296.262777 131843.781866 131397.451854 130794.312206 129124.537058 128525.769767 128199.852667 128087.781149 127950.799185 127936.980035 127858.867477 127787.527010 127587.915674 127393.014271 126961.635191 126614.423240 126551.043632 125858.236141 125562.041195 125472.447115 125061.664611 124954.947987 124492.515626 124171.807529 123609.458270 123161.528518 123039.252548 123017.858388 122966.242007 122863.033201 122757.051637 122552.996639 122295.716000 122109.062466 121902.602643 121750.011746 121256.334570 120845.645066 120309.694784 120246.880210 120205.207347 120012.708999 119985.467946 119966.271656 119914.074301 119755.238312 119590.989734 119268.709627 118633.685204 118514.266731 118452.799730 118332.746665 117601.914156 117428.312478 117245.857652 117166.378334 117137.512055 117085.967438 116984.740158 116886.542182 116720.955048 116610.681019 116330.653677 116114.221876 116030.656752 115781.779884 115709.652349 115439.916363 115302.221607 115148.471775 114614.822696 114352.005488 114267.963723 114124.595736 113689.763605 113200.409567 112935.230634 111825.414856 111769.516722 111694.862136 111606.383787 111583.781765 111401.139097 111248.270020 111131.649098 111001.638198 110544.781367 110203.456358 109465.124995 109349.775895 109319.940038 109073.543338 108967.044459 108545.989411 107969.650221 107169.301960 106730.544726 106406.166438 106342.851467 106212.439860 106193.255634 106080.686086 105921.286182 105849.114801 105681.950819 105426.019188 105181.246551 104952.590324 104395.789763 104346.641056 104335.586605 104332.669188 104003.814469 103930.387027 103845.197022 103786.526998 103646.562848 103521.182766 103495.328783 103354.986771 103153.712135 103140.863599 103046.435568 102959.417756 102319.156920 101864.724230 101646.395684 101636.278294 101520.514964 101475.825797 101336.656443 101177.875267 100849.510493 100249.334945 100163.795015 99525.868549 99110.820665 98619.544757 97252.012409 97105.069758 97091.009910 96988.792188 96845.632082 96777.048951 96446.187007 96127.369516 95864.245890 95706.767982 95579.720886 95429.008626 95308.080454 94942.683845 94707.012086 94536.127225 94296.269512 94085.254176 93839.835603 93513.019310 92890.731882 92305.476394 91941.872311 91871.306203 91658.881549 91366.585678 91363.192734 91332.644415 91249.052396 91127.106610 90913.970990 90464.245562 90103.363243 89789.042083 89535.528762 89035.601890 88856.569495 88713.181780 88628.838910 88455.964242 88348.248089 88225.413832 87647.264662 87289.852293 87251.735279 87107.700654 87034.178021 86744.493279 86553.624986 86269.057425 86232.780249
0.000039 0.022889 0.039733 0.051603 0.062188 0.072554 0.082952 0.093098 0.103190 0.113316 0.123697 0.133943 0.144099 0.154191 0.164317 0.174451 0.184576 0.194812 0.204971 0.215117 0.225396 0.236349 0.278047 0.288707 0.320518 0.341662 0.384259 0.395682 0.406110 0.438525 0.448743 0.458977 0.469273 0.479548 0.489803 0.520494 0.571623 0.581900 0.592224 0.602542 0.612980 0.649864 0.665689 0.679390 0.693788 0.705287 0.715474 0.825444 0.906427 0.950568 0.960888 0.972190 0.982445 1.002685 1.012875 1.063924 1.074192 1.095004 1.105790 1.116402 1.126626 1.136786 1.146896 1.157077 1.187507 1.197668 1.228013 1.238427 1.249246 1.260614 1.270751 1.323390 1.333468 1.343607 1.373978 1.384202 1.394403 1.407479 1.467199 1.477560 1.519162 1.529750 1.541502 1.553161 1.564794 1.628007 1.670640 1.712733 1.723262 1.733615 1.744370 1.767313 1.790698 1.803693 1.858580 1.889041 1.899168 1.909332 1.939732 1.949854 1.999138 2.013705 2.024398 2.036308 2.049828 2.064073 2.078305 2.092356 2.105863 2.117519 2.127668 2.148174 2.160724 2.171998 2.182103 2.202086 2.231799 2.241697 2.271696 2.301307 2.311185 2.340820 2.350679 2.360592 2.370468 2.380334 2.390239 2.400105 2.409945 2.419842 2.429903 2.440002 2.453463 2.467140 2.479067 2.488856 2.509984 2.523453 2.550194 2.563250 2.612723 2.625069 2.639433 2.650427 2.663227 2.673645 2.683603 2.695205 2.706058 2.717241 2.727492 2.739449 2.759428 2.781051 2.790963 2.801800 2.835148 2.847929 2.859837 2.872457 2.883860 2.904800 2.970371 2.980944 3.000667 3.010319 3.020034 3.064145 3.077143 3.113105 3.123817 3.153504 3.163249 3.172884 3.182500 3.192128 3.201789 3.211396 3.221030 3.231152 3.253646 3.263637 3.276487 3.288688 3.327129 3.336702 3.346373 3.355981 3.365600 3.427026 3.473936 3.483533 3.493044 3.512187 3.521764 3.540881 3.550442 3.560021 3.569581 3.579094 3.637533 3.656996 3.676419 3.685947 3.695490 3.705071 3.714602 3.724083 3.733559 3.743433 3.765799 3.775676 3.825921 3.847976 3.859026 3.879282 3.898746 3.908348 3.918563 3.928572 3.947907 3.985918 4.023994 4.043416 4.062496 4.112000 4.130980 4.140501 4.150106 4.170301 4.210602 4.222033 4.231645 4.276542 4.287087 4.298820 4.308365 4.318080 4.329313 4.340487 4.351682 4.371596 4.381594 4.391717 4.401288 4.411215 4.433547 4.442970 4.452472 4.461854 4.489647 4.508231 4.545513 4.555277 4.566710 4.576090 4.585409 4.595760 4.605687 4.614927 4.624128 4.633405 4.642617 4.652733 4.662148 4.672086 4.699694 4.708907 4.718156 4.727430 4.736530 4.745607 4.772883 4.781951 4.800121 4.809453 4.819351 4.876507 4.887186 4.896305 4.905440 4.914478 4.932540 4.941638 4.950668 4.959711 4.986790 4.995877 5.013871 5.022900 5.031920 5.040941 5.049915 5.058972 5.094976 5.106497 5.119135 5.131425 5.143746 5.154620 5.163693
Elapsed_time: 5.163693
Score: 86232.780249
301
1471672.896391 1417938.737021 1382423.706746 1345276.736527 1287727.013655 1185661.386868 950258.568133 596055.214583 472872.315081 394097.099540 300330.070511 261617.515250 216189.641417 201194.882733 197542.142462 196700.136226 196057.681870 193838.311052 192854.079254 192437.084980 192077.303217 191721.038396 191453.844082 190919.218763 190887.453019 190558.538655 189724.534142 180869.839654 166603.685502 164702.020941 164212.747994 163039.323307 162852.018837 162439.865788 162433.691349 162046.276805 161885.102982 161837.054555 161789.727647 161495.684580 161366.060275 161023.986778 160906.018366 160367.362825 160027.908560 159594.631368 159154.998262 158448.782590 158437.244303 158243.969636 157760.990745 157691.384099 157372.106940 156899.319953 152405.350455 151840.132688 151436.359827 151370.468216 151187.377918 151066.626714 150992.073988 150690.483278 150336.624300 150070.435883 149862.421864 149531.996545 149445.247292 149321.583906 149195.920745 148838.872337 148455.303889 148369.964316 148092.781839 147923.263479 147609.645330 147193.444171 147087.394085 146790.541965 145808.445618 145761.626673 145708.980482 145378.819774 144933.139193 144885.991997 144825.481056 144714.925190 144486.882922 144195.985677 143889.055328 143325.902300 143003.328396 142963.579488 142781.063405 142754.740243 142701.981503 142649.681692 142506.589633 142459.795452 142334.864087 142246.367256 141854.921112 141658.825030 141564.053993 141157.946356 140732.820266 140302.897218 138772.772210 137729.812457 137629.496650 137512.450644 137332.695722 137276.815320 136851.266364 136646.747044 136561.039480 136465.686904 136382.121232 136138.010243 135860.597787 135405.700325 135289.517678 134843.732550 134671.339030 134493.543523 134425.308307 134404.417772 134209.677160 134124.269732 134113.794409 133882.653417 133705.115248 133381.389096 132742.481574 132531.296964 132400.590115 132300.870047 132041.714552 131638.706090 130109.058314 129163.173025 129067.123311 128993.169489 128884.191695 128718.625422 128320.619927 127802.520498 127437.524187 127216.936149 126393.327455 126222.758831 126203.748983 126129.701824 126029.136796 125962.402682 125915.446960 125599.527079 125222.704231 124553.692550 123927.569169 123302.951979 123029.209208 122936.131873 122629.913401 122210.786643 122083.332192 122073.080102 121972.509708 121848.969560 121724.456987 121521.467302 121389.841275 121095.601587 120395.337938 119760.027458 119572.165542 119259.618663 119242.782248 119162.848329 119050.707094 118820.075392 118203.207407 117073.469077 117041.721635 117028.771739 117026.206230 116968.765181 116871.944870 116561.979076 116479.994896 115892.181419 115789.142871 115495.917171 115468.077137 114948.371627 114631.974633 114189.934386 113547.464390 112949.740023 112226.244779 111951.819068 111923.691888 111643.755424 111356.390465 111309.335137 111133.258026 111053.641710 110862.200214 110598.285513 110438.499802 110270.674623 110065.875717 109679.170267 109300.808096 108816.158235 108786.305260 108486.546894 108338.816650 108300.832062 108281.439348 108219.180195 108155.977151 107834.230814 107357.294313 107283.736118 107026.263372 106901.258912 106865.116614 106294.939393 106265.867756 106058.648015 105869.544384 105337.849536 104849.722223 104651.483726 104185.105296 104050.466866 103762.387535 103747.118104 103644.435489 103555.364410 103475.686552 103345.436397 103210.784648 103186.480256 103098.366947 102879.686294 102682.288735 102666.242310 102528.651706 102383.037760 102315.468907 102229.383730 101980.332585 101937.617445 101834.612363 101262.975602 101185.556177 101164.390332 101043.007397 100920.264457 100661.527031 100429.478672 100405.110865 100293.691635 100098.438690 99887.493498 99641.648854 99350.851504 98936.031605 98918.023350 98896.756022 98878.383174 98765.192098 98673.399547 98513.188137 98337.394312 97987.175550 97831.990104 97604.935137 97364.212859 97355.528851 97155.901873 96776.528556 96375.842519 96325.274006 96203.552195 96093.275125 95768.319550 95599.455603 95371.363747 95314.558340 95124.983598 94892.569086 94499.892465 94202.406566 94185.434266 93900.149245 93875.116549 93774.240801 93598.205507 93397.484003
0.000042 0.023006 0.037112 0.050841 0.062671 0.073140 0.083463 0.095378 0.107435 0.118385 0.129133 0.140137 0.150138 0.160073 0.169939 0.179732 0.189655 0.199518 0.209398 0.219384 0.229260 0.240814 0.252814 0.262767 0.272649 0.282546 0.302335 0.342146 0.362680 0.388993 0.402575 0.416411 0.453640 0.469637 0.494354 0.533709 0.554200 0.578058 0.602079 0.616267 0.628824 0.640519 0.665854 0.676092 0.686289 0.696533 0.718527 0.728915 0.739313 0.751408 0.763211 0.774241 0.794704 0.804819 0.835136 0.872765 0.890036 0.952116 0.962325 0.993291 1.003465 1.013940 1.025195 1.035435 1.046549 1.057402 1.088785 1.111720 1.123905 1.144166 1.154266 1.164379 1.174503 1.184572 1.194719 1.205517 1.216303 1.226604 1.267995 1.289276 1.331325 1.341494 1.381807 1.432210 1.442327 1.452432 1.462606 1.473203 1.486337 1.497095 1.511016 1.555571 1.565750 1.575827 1.671685 1.681899 1.702053 1.712216 1.722317 1.732476 1.742661 1.755827 1.769365 1.794327 1.804606 1.859161 1.883926 1.904078 1.934060 1.976317 1.986391 2.006504 2.018691 2.030787 2.063151 2.073306 2.094866 2.104897 2.114906 2.124895 2.146755 2.157319 2.168718 2.188803 2.230796 2.251425 2.261772 2.272302 2.304716 2.315154 2.325353 2.335460 2.345682 2.365824 2.386768 2.396804 2.406929 2.417356 2.427777 2.447776 2.477869 2.487887 2.507867 2.517841 2.528010 2.538209 2.548256 2.558362 2.569707 2.634741 2.670131 2.692020 2.702787 2.715958 2.753344 2.765973 2.779980 2.793086 2.803044 2.812884 2.822787 2.832639 2.842588 2.878803 2.898545 2.928147 2.947950 2.978892 2.989542 2.999462 3.009495 3.019866 3.029835 3.039775 3.049670 3.071096 3.133639 3.153180 3.163022 3.192334 3.202109 3.211912 3.231538 3.253681 3.283370 3.293093 3.302898 3.312680 3.322397 3.332637 3.342424 3.353407 3.366406 3.377674 3.389128 3.403446 3.415573 3.426320 3.445987 3.455709 3.486257 3.496024 3.505998 3.566538 3.580209 3.594378 3.607103 3.616991 3.626783 3.636840 3.648987 3.660847 3.670702 3.690671 3.713156 3.725840 3.747475 3.758117 3.797907 3.819585 3.829235 3.838915 3.848610 3.867948 3.877648 3.887271 3.896962 3.906643 3.945294 3.954940 3.965317 3.977528 3.996641 4.044066 4.053605 4.072954 4.118124 4.168580 4.187639 4.206601 4.216035 4.225486 4.235016 4.273416 4.282885 4.292928 4.315862 4.368955 4.378512 4.398618 4.420142 4.432121 4.443273 4.472360 4.481828 4.491240 4.500671 4.538362 4.547838 4.557275 4.568509 4.578126 4.631074 4.640486 4.649906 4.659373 4.668783 4.678153 4.709580 4.748024 4.786668 4.796066 4.805487 4.814877 4.824249 4.843360 4.854365 4.864865 4.884536 4.922981 4.933062 4.942481 4.952011 4.962262 4.974931 4.987303 4.996640 5.005893 5.024743 5.034753 5.078432 5.087705 5.096987 5.106283 5.115549 5.125038 5.165422 5.183763 5.193034 5.202353 5.211610
Elapsed_time: 5.211610
Score: 93397.484003
301
1462525.006713 1410205.529817 1377347.300304 1346612.833116 1319873.801671 1217530.601487 890183.839827 546821.002634 449475.167671 363317.307892 282662.813351 231018.801569 208795.273712 196439.727009 189511.098660 187424.297096 187047.633722 186825.629404 185924.370546 184396.491254 181197.647802 177203.332239 172250.947423 161286.099367 158528.527509 157672.676177 157639.503158 157326.670306 157238.166252 156958.348553 156932.653175 156709.265866 156617.856565 156115.204696 155673.748303 154886.375468 154264.419773 153826.446731 153800.871220 153337.718307 153095.683837 151360.321542 150494.308128 150379.024765 149989.169431 149719.878473 149459.016648 149444.832245 149129.788383 148859.146074 148379.693800 148179.321991 147873.114061 147823.196918 147715.744647 147611.548675 147416.524350 147242.674720 146551.729915 146325.977649 145776.762304 145455.558202 145446.166205 144930.810405 144840.618435 144742.792234 144638.698777 144409.194471 144258.118030 143761.652442 143735.741855 143546.012587 143198.895279 143147.569440 143012.097913 142815.827894 142693.139369 142391.938440 142300.019512 141742.816781 141698.023807 141621.818519 141472.838555 141282.918482 140952.479108 140888.962859 140059.903957 139810.693373 139603.342538 138894.645758 137712.833073 137693.836442 137500.278523 137320.883989 137204.570674 137087.135460 136569.329122 136010.105111 135199.662263 135148.557423 134477.652773 134167.669489 134131.407055 133765.192219 133658.059256 133484.738748 133240.873625 132969.825728 132508.953253 132292.979936 132202.598683 131940.520971 131624.132527 131614.447193 131147.959993 130844.475272 130668.056743 130227.898486 129390.089071 129018.007527 128770.773901 128037.694309 127892.183692 127630.852442 127573.192972 127379.026467 127222.363222 126959.998280 126594.294661 126344.773048 125664.023223 125558.040092 125508.900670 125395.856617 125323.825899 125115.919178 125063.398216 125053.325538 124903.434629 124733.274650 124595.789642 124464.184857 124314.410959 124298.057747 124162.038510 123850.964865 123433.048517 122975.841593 122751.825775 122549.219285 122465.498568 122304.486071 121884.707671 120695.185129 119563.273872 119516.599038 119026.823453 118822.298852 118734.227520 118656.798326 118601.905868 118173.859265 117762.158437 117673.046356 117551.410082 117482.656895 116991.898039 116725.155972 116600.083406 116324.365803 116185.072243 116043.904759 115472.249906 115150.630829 115013.204162 114824.828574 114662.603971 114590.538917 114434.341008 114224.284342 114123.052748 114036.791289 113872.512124 113693.064557 113614.817132 113400.113251 112838.631800 112756.239587 112231.228062 112124.041059 112040.442019 112006.318925 111874.523135 111669.364558 111570.533353 111535.767440 111217.966081 111128.995517 110855.366985 110655.192560 110505.117251 110338.860103 110075.025145 109288.321495 109165.537883 109040.750290 108509.034459 107457.430339 107435.265363 107430.762858 107344.988989 107249.328702 107226.400344 107011.090036 106894.026197 106796.330880 106543.761192 106332.418310 105414.901701 104638.028322 104289.710408 104200.062889 103992.757411 103945.923798 103913.645678 103903.173785 103678.947597 103678.709361 103566.295490 103558.980608 103490.240825 103442.738490 103259.040372 103235.846007 103104.692763 102946.093503 102556.726187 102093.441690 102014.100678 101801.890908 101723.172413 101694.646841 101418.944853 101204.623343 101196.045769 101098.335665 100862.313798 100741.431919 100394.982202 100305.575927 100251.750466 100171.237156 100033.078091 99974.160973 99680.788325 99640.616881 99625.776537 99467.660342 99369.639623 99274.026954 99177.474003 99163.391985 99108.166547 98977.896710 98751.616287 98730.881392 98713.760822 98674.736182 98502.855254 98120.881108 97905.655951 97661.235426 97510.664902 97374.393057 97223.266670 97167.891308 97084.299729 96407.816003 96392.171735 96312.756527 96188.379959 96029.186010 95669.942330 95602.222382 95550.225639 95496.849399 94613.147595 94486.630385 94454.571484 94387.905941 94377.588618 94190.334849 94122.212107 94068.016104 93844.444742 93558.974901 93554.323831 93541.582861 93435.234271 93335.855679 93303.629261
0.000045 0.022235 0.036212 0.049838 0.060235 0.070719 0.080950 0.091016 0.101044 0.110948 0.120829 0.130659 0.140538 0.150386 0.160283 0.170170 0.180034 0.189905 0.199721 0.209586 0.219507 0.230267 0.240652 0.251159 0.263488 0.274086 0.336760 0.347568 0.361031 0.374121 0.387606 0.398064 0.418921 0.429487 0.440283 0.450816 0.461504 0.471792 0.502636 0.512867 0.523122 0.543794 0.554025 0.596430 0.628092 0.638557 0.679717 0.720684 0.732252 0.742542 0.766082 0.777644 0.790306 0.857308 0.867456 0.877636 0.887761 0.897940 0.910729 0.937830 0.948082 0.958519 0.978782 0.988890 1.022217 1.035699 1.049548 1.060446 1.084268 1.097451 1.143867 1.154064 1.187691 1.229967 1.240381 1.250817 1.272426 1.315185 1.326310 1.349401 1.383358 1.403873 1.414559 1.424701 1.434899 1.448598 1.459470 1.469591 1.499618 1.509870 1.552229 1.592574 1.602615 1.612778 1.623452 1.644858 1.655060 1.665844 1.677113 1.688763 1.698782 1.708776 1.762094 1.813500 1.856247 1.868655 1.879110 1.890096 1.900187 1.922407 1.944984 1.955295 1.966115 1.977004 1.987470 1.998657 2.009665 2.019769 2.054769 2.116038 2.125928 2.167281 2.177333 2.187191 2.228305 2.239920 2.253006 2.277789 2.300439 2.311884 2.321850 2.342477 2.364101 2.374150 2.415111 2.425795 2.466460 2.513776 2.524057 2.536123 2.547564 2.558035 2.580575 2.626651 2.636622 2.647337 2.658052 2.667938 2.687852 2.708808 2.719525 2.729673 2.739727 2.801940 2.812218 2.832864 2.860864 2.870816 2.900144 2.909884 2.919675 2.929969 2.939769 2.950291 3.010677 3.043693 3.056212 3.086690 3.099333 3.109187 3.118855 3.128591 3.138290 3.147983 3.196399 3.206093 3.235164 3.254558 3.264219 3.273923 3.283932 3.303383 3.313038 3.322705 3.332393 3.342071 3.351754 3.361458 3.380836 3.391011 3.430308 3.455687 3.468462 3.478783 3.488589 3.508095 3.519978 3.530374 3.540358 3.550012 3.569760 3.579680 3.589458 3.599345 3.609271 3.618936 3.628530 3.647835 3.696972 3.706987 3.726426 3.735951 3.745507 3.755058 3.764610 3.774126 3.783675 3.793204 3.803305 3.813004 3.824341 3.852682 3.862366 3.881349 3.938401 3.947877 3.985917 3.998807 4.053405 4.094190 4.105957 4.115568 4.127708 4.189789 4.199681 4.210819 4.220576 4.232399 4.264702 4.274374 4.307979 4.350221 4.362110 4.417607 4.450412 4.459753 4.469155 4.497178 4.506562 4.515918 4.543929 4.553251 4.562631 4.571941 4.583753 4.596134 4.616378 4.626849 4.638973 4.648858 4.676894 4.712995 4.722474 4.731890 4.741289 4.789339 4.799886 4.812537 4.825843 4.840042 4.849613 4.859592 4.869114 4.878696 4.906679 4.915944 4.927509 4.978657 5.026145 5.062896 5.072223 5.081447 5.090691 5.099854 5.147849 5.157054 5.166417 5.189318 5.230024 5.239420 5.249117 5.258563 5.279835 5.289427 5.298680 5.327624 5.346250 5.384112 5.393607 5.403076 5.412440
Elapsed_time: 5.412440
Score: 93303.629261
301
1461195.761743 1409860.376623 1375867.606022 1351244.620018 1309208.048417 1131216.739967 660704.850069 523875.398172 410331.323057 333574.306684 278458.217948 217099.298865 184913.843683 181216.804609 180319.252451 179022.771226 177804.456400 177571.711204 176963.698649 176723.410815 175804.717132 175164.245517 174894.629362 174523.868397 173763.983012 173458.389482 173056.213718 172581.300981 172502.156644 172052.502253 171889.843461 171583.373729 169832.232025 165814.354258 159441.467251 159181.520734 159178.764610 158783.393883 158635.973113 158431.863783 158090.826792 157891.924859 157297.288307 156203.310838 155902.027247 155810.711490 155372.210907 154895.793051 154754.379123 154448.941368 154197.007985 153959.709860 153876.910678 153751.044072 153588.535582 153299.719597 153146.120808 153116.955659 151876.275726 150882.081145 150811.546961 150663.541905 150520.993746 150419.384776 150344.284905 149809.136187 149667.485670 149417.578506 149262.542542 148831.441112 148808.649877 148675.092932 148535.277957 148385.176181 147963.004025 147266.557700 147220.258088 147161.808579 146714.226053 146536.379932 146474.479945 146283.232801 146121.849339 146029.353605 145821.671695 145606.379903 145466.949885 145268.274042 144883.343894 144879.301770 144389.057391 143591.519446 143552.486454 143366.022948 143299.869930 143267.733890 143209.605710 143127.851399 142999.505211 142683.755800 142100.642995 141932.513459 140883.683153 140872.595526 140182.481355 138473.228963 138257.004910 138172.585241 137923.955665 137881.152903 137857.733442 137401.584163 136727.128594 136508.951640 135938.000518 135708.651968 135551.103784 135481.607478 135304.488949 135138.612589 134465.753695 134300.972766 134118.262707 134110.184846 134006.170597 133833.817848 133762.349387 133490.445916 133417.324477 133223.002723 133212.962061 133130.419179 132972.661120 132816.057943 132695.007507 132468.403268 131942.517941 131828.401601 131601.942473 131371.797952 131273.156761 130921.698248 130663.043495 130509.989694 130099.902673 129664.812057 129521.992280 129324.016657 129226.890302 129015.315947 128633.115636 128484.007555 128429.154731 128304.239422 128170.772285 128023.964148 127877.575160 127792.161009 127242.754739 126779.849949 126371.295973 124382.381842 124314.771417 124194.362460 124155.062164 124067.183159 123871.991556 123743.974823 123605.601891 123597.195523 123485.776101 123380.511217 123262.757211 123149.465662 122564.137659 122545.763329 122279.810489 122145.943052 121984.129447 121750.171977 121592.710442 121262.357320 121090.678680 120501.744512 120127.590209 119652.524073 119552.735558 119533.393720 119419.637525 119199.874116 119066.939513 119021.719350 118946.163313 118784.783968 118686.911824 118503.615780 118356.448395 117914.407605 117734.144667 117708.848437 117054.470737 116954.795066 116782.242994 116663.649076 116433.190392 116140.931724 115926.604966 115808.840902 115504.523367 115378.321234 115288.289239 114386.872615 112567.432845 112557.522219 112282.809368 111944.917239 111669.270351 110640.557772 109787.563114 108952.926921 108944.116705 108456.848409 108455.123807 108372.015520 108329.903215 108066.951621 107876.014025 107687.171813 107595.132618 107413.907294 107226.198420 106928.059009 106485.431890 105440.132248 105218.999441 104920.524574 104608.911921 104372.855433 104342.316913 104329.987786 104075.712040 103704.745566 103600.330932 103510.593061 103490.129913 103428.286030 103251.865183 103093.130674 103074.173859 103050.919382 103014.101198 102838.506243 102753.663900 102602.569054 102417.135546 102031.979060 101832.816078 101653.694335 101488.081567 101414.588814 101274.042345 101179.155540 101078.655518 100973.984347 100867.116663 100695.714575 100226.084787 99929.117585 99356.084155 98876.536904 98783.793174 98783.084350 98655.497613 98627.976540 98389.708403 98234.982721 98221.768677 97981.010390 97864.131046 97505.700241 96428.108183 96366.957389 96302.020516 96145.174862 95956.085865 95574.574601 95057.439684 95036.689671 94933.086591 94874.046698 94715.508023 94599.780126 94250.750340 93862.024364 93474.150032 93248.886614 93198.222055 93143.263833 93028.399684 92975.908202 92945.017523
0.000042 0.021032 0.032207 0.042959 0.054718 0.065175 0.075527 0.086054 0.096762 0.107281 0.117287 0.127642 0.138250 0.149398 0.159525 0.169507 0.179413 0.200069 0.212194 0.222981 0.233276 0.243220 0.270422 0.280440 0.290796 0.310751 0.321161 0.333377 0.344724 0.355988 0.376689 0.386746 0.406878 0.417013 0.427281 0.448092 0.506176 0.516420 0.526648 0.536982 0.547409 0.568078 0.589679 0.601256 0.612364 0.622746 0.632891 0.643120 0.653574 0.666738 0.677154 0.688137 0.718794 0.729020 0.739261 0.760110 0.770431 0.854695 0.865207 0.879789 0.891972 0.906922 0.920744 0.933426 0.955962 0.969780 0.993838 1.036124 1.046699 1.098301 1.152172 1.163295 1.194928 1.206226 1.216682 1.226946 1.237408 1.290942 1.301365 1.312862 1.334258 1.345625 1.355823 1.366890 1.378522 1.388671 1.400245 1.431430 1.497535 1.548419 1.558528 1.568633 1.599121 1.611212 1.642257 1.674019 1.684743 1.695046 1.705355 1.715608 1.726314 1.746818 1.757110 1.767333 1.777551 1.799461 1.809531 1.819582 1.859768 1.869742 1.890215 1.902372 1.912427 1.923822 1.937278 1.947818 1.959482 2.033064 2.057258 2.068038 2.079791 2.090159 2.122550 2.143530 2.163827 2.173933 2.194219 2.204279 2.214623 2.255259 2.317265 2.327538 2.337772 2.347852 2.358005 2.378282 2.388466 2.411654 2.421869 2.431803 2.442035 2.452296 2.462212 2.472177 2.482815 2.493046 2.503670 2.523978 2.537368 2.548393 2.558365 2.568307 2.608613 2.621847 2.636442 2.646567 2.656563 2.666507 2.676471 2.722591 2.733365 2.745217 2.788644 2.798568 2.830386 2.841526 2.892882 2.902825 2.922623 2.943290 2.953352 2.963200 2.973027 2.982931 2.992816 3.045348 3.055315 3.066832 3.079754 3.115811 3.126011 3.135938 3.145796 3.155613 3.165497 3.176182 3.207525 3.247255 3.257168 3.266940 3.306182 3.346090 3.356136 3.376848 3.388018 3.397746 3.407506 3.417240 3.426960 3.465999 3.476440 3.486295 3.496292 3.506105 3.516346 3.526080 3.535746 3.545428 3.555159 3.574623 3.584737 3.619295 3.660400 3.714614 3.727571 3.737961 3.747710 3.757534 3.767257 3.787325 3.798900 3.818792 3.860757 3.874042 3.887384 3.897122 3.917946 3.966391 3.976306 3.987740 3.999433 4.009054 4.031343 4.040818 4.050202 4.059606 4.106932 4.118119 4.130998 4.168122 4.177704 4.198984 4.227330 4.236842 4.247979 4.268135 4.277574 4.296357 4.305798 4.353313 4.362999 4.372416 4.391242 4.400661 4.410115 4.428914 4.438401 4.447864 4.477691 4.496817 4.506233 4.515768 4.546843 4.556265 4.566798 4.585561 4.594997 4.624815 4.635539 4.645660 4.655182 4.666270 4.676386 4.707109 4.716682 4.726096 4.735449 4.744800 4.754189 4.763537 4.791710 4.849323 4.873889 4.883113 4.892345 4.901643 4.910831 4.929315 4.938586 4.966304 4.977129 4.987425 4.996663 5.005815 5.014982 5.024214 5.042485 5.061041 5.072069 5.081300 5.112838
Elapsed_time: 5.112838
Score: 92945.017523
