5
301
6559.525064 6309.059942 5254.095962 5235.447014 5217.344800 5164.322863 5145.237289 5138.516799 5115.542560 5076.042082 5062.419952 4991.065142 4954.946614 4893.721092 4815.702463 4802.533329 4723.168214 4707.692627 4649.053993 4583.789527 4493.854972 4446.278580 4404.211806 4386.060884 4354.472479 4352.268073 4335.185946 4265.386941 4246.768352 4173.655418 4119.411382 4091.329302 4047.394195 3970.350985 3959.303505 3940.912474 3889.528626 3843.190131 3810.023256 3808.098448 3766.521689 3732.867137 3719.582892 3691.779414 3678.685319 3608.756289 3589.454973 3553.112862 3525.154035 3428.243548 3396.313091 3355.141135 3280.450735 3227.713202 3169.613430 3101.751929 3050.990610 3038.945293 3010.353496 2975.325082 2913.638723 2897.307303 2893.585837 2870.058753 2839.892495 2796.396635 2774.650225 2757.724735 2719.530732 2685.796833 2660.607038 2608.970330 2564.177330 2553.669089 2542.287140 2521.925194 2496.796570 2495.916291 2473.037868 2442.407112 2405.338866 2369.045473 2350.358796 2330.241486 2295.520217 2266.760765 2246.932791 2222.351670 2197.667039 2184.804223 2162.885385 2143.150813 2125.445078 2091.757121 2081.862074 2065.670897 2040.768628 2028.600189 2013.741778 2000.280762 1988.337450 1977.951983 1975.054945 1951.032905 1930.479971 1926.603856 1918.172377 1897.252664 1875.349932 1873.678324 1852.054420 1836.259227 1807.872301 1793.079515 1780.048951 1766.529003 1747.680041 1729.792690 1708.891790 1692.693372 1676.328495 1661.935395 1643.600015 1642.175087 1633.258769 1629.407268 1619.191066 1610.787594 1590.198077 1570.618591 1550.424204 1535.084531 1521.308283 1508.900568 1493.423880 1477.885419 1464.025976 1448.962430 1438.540175 1425.404443 1413.375980 1410.243444 1404.387432 1394.585556 1385.385337 1379.238590 1368.714731 1356.298349 1348.106912 1337.493156 1333.812447 1333.181992 1322.526421 1318.221190 1311.338203 1301.218244 1286.994609 1275.754938 1271.508401 1267.974791 1250.239306 1237.079991 1223.543445 1212.795116 1200.608397 1185.008718 1183.921671 1175.452552 1169.203841 1156.763321 1152.626274 1148.392224 1144.729688 1131.683521 1119.261374 1107.601295 1100.511662 1090.177715 1077.129914 1072.393410 1067.716524 1057.162149 1046.459908 1043.179073 1037.918405 1026.402337 1018.573993 1011.471200 1003.652509 993.693307 991.590117 987.603768 980.666453 969.897506 967.794364 961.091513 949.967586 943.706043 934.154383 931.119978 921.596488 912.720391 907.874059 890.741919 879.177119 873.263819 865.873558 858.143573 855.242405 850.148524 844.153063 837.557170 828.281422 826.833334 826.015039 817.779994 807.148808 801.020072 794.881137 787.621306 781.261586 776.478138 771.057012 767.730354 764.958125 761.720987 758.368969 755.097273 752.105462 748.994935 746.342127 744.511659 741.401777 738.096974 734.490352 731.054404 728.163528 725.474567 723.456894 721.894674 720.240041 718.984090 717.454726 714.988200 712.254515 708.927657 706.020166 703.169799 700.587652 698.829786 696.083808 694.473337 692.723364 690.093577 687.008285 683.091395 679.922544 677.517588 675.751136 674.185973 672.614609 670.545653 668.466237 667.039402 665.891313 664.795251 663.884616 663.047348 662.385703 660.918309 660.172336 659.165538 657.774673 656.756598 655.415795 653.926215 652.569951 651.855056 651.074123 650.386714 649.201797 648.187026 647.457839 646.543634 645.789552 645.308499 644.610258 644.059961 643.171017 642.006687 640.867910 640.017401 639.169209 638.151026 637.818767 636.884497 636.225193 635.328007 634.822364 634.146851 633.570657
0.046687 0.049779 0.050476 0.052678 0.054733 0.055414 0.056825 0.057493 0.058173 0.058857 0.060219 0.061585 0.062980 0.063665 0.064446 0.065867 0.067882 0.069386 0.070103 0.070779 0.071460 0.072208 0.072939 0.073606 0.074281 0.074959 0.075626 0.076379 0.077055 0.077720 0.078398 0.079724 0.080442 0.081119 0.082437 0.083158 0.083917 0.085375 0.086056 0.088117 0.088816 0.090166 0.090824 0.091473 0.092162 0.092829 0.094112 0.094750 0.095386 0.096036 0.097355 0.098011 0.098638 0.101335 0.102038 0.102701 0.103345 0.103998 0.104743 0.105376 0.106035 0.106669 0.108110 0.108853 0.109642 0.110480 0.111361 0.112329 0.113256 0.115005 0.116604 0.117356 0.118075 0.119365 0.120015 0.120661 0.121263 0.123105 0.123736 0.124420 0.125096 0.125726 0.126369 0.126977 0.127584 0.128244 0.128847 0.129469 0.130118 0.130785 0.131507 0.132309 0.133147 0.133986 0.135751 0.136805 0.138946 0.140081 0.141210 0.142390 0.143483 0.144644 0.149017 0.150136 0.151201 0.153235 0.154178 0.155043 0.155868 0.157453 0.158255 0.159026 0.159767 0.160626 0.161481 0.162395 0.163392 0.164505 0.165604 0.166691 0.167800 0.168893 0.169969 0.173992 0.174854 0.175663 0.176447 0.177170 0.177887 0.178575 0.179207 0.179818 0.180401 0.180964 0.181518 0.182113 0.182678 0.183244 0.183812 0.184371 0.184929 0.186746 0.187311 0.187874 0.188427 0.188988 0.189534 0.190098 0.190646 0.191209 0.191766 0.193983 0.194532 0.195644 0.196275 0.196859 0.197425 0.198384 0.199490 0.200563 0.201613 0.202646 0.203717 0.204749 0.205793 0.206844 0.207899 0.208531 0.209070 0.209609 0.210695 0.211232 0.211793 0.212354 0.212897 0.213431 0.213980 0.214518 0.215053 0.216705 0.217806 0.218343 0.218872 0.219937 0.220494 0.221022 0.221566 0.222110 0.222657 0.223188 0.223726 0.224306 0.224833 0.225366 0.226977 0.227507 0.228083 0.228616 0.229148 0.229688 0.230232 0.230762 0.231303 0.231834 0.232444 0.233053 0.233596 0.234152 0.234693 0.235232 0.235755 0.236324 0.236848 0.237390 0.238965 0.239490 0.240023 0.240691 0.241384 0.242201 0.243028 0.243948 0.244897 0.245856 0.246808 0.247707 0.248471 0.249124 0.249780 0.250691 0.251664 0.252674 0.253694 0.254657 0.255582 0.256461 0.257299 0.257914 0.258443 0.258959 0.259535 0.260218 0.260853 0.261470 0.262045 0.262606 0.263149 0.263671 0.264203 0.264724 0.265254 0.265772 0.266312 0.266831 0.267425 0.267945 0.268498 0.269015 0.269542 0.270059 0.270596 0.271110 0.271646 0.272196 0.272710 0.273234 0.273752 0.274279 0.274817 0.275343 0.275856 0.276376 0.276905 0.277429 0.277958 0.278474 0.279016 0.279529 0.280058 0.280570 0.281098 0.281614 0.282149 0.282671 0.283191 0.283714 0.284244 0.285276 0.285798 0.286311 0.286835 0.287374 0.287924 0.288498 0.289026 0.289569 0.290093 0.290607 0.291119 0.291642 0.292160
Elapsed_time: 0.292160
Score: 633.570657
301
6699.225058 6447.758846 5435.227907 5343.580846 5264.885680 5223.648753 5213.044716 5140.781610 5040.027391 4948.211104 4847.368243 4726.155483 4675.000726 4620.309480 4557.035809 4544.301081 4479.426895 4421.803864 4391.663525 4326.335283 4280.183613 4229.213633 4177.147983 4028.322769 3920.437260 3837.485061 3783.060096 3730.881743 3667.653342 3575.938440 3443.380272 3431.869765 3425.420727 3396.205337 3336.385473 3275.643068 3245.029350 3209.487289 3180.146945 3112.738447 3107.837428 3046.242421 2978.221416 2903.015787 2850.256148 2842.547142 2829.009001 2815.860575 2792.823899 2779.325667 2760.487052 2741.771704 2706.990010 2675.426556 2660.467395 2639.516244 2620.411744 2587.990771 2563.651769 2547.540356 2541.149329 2526.982415 2511.062875 2472.288092 2446.940906 2420.463542 2393.427440 2371.964398 2320.209757 2311.863266 2300.838639 2276.831869 2239.154022 2211.457422 2182.556059 2153.072289 2131.579828 2110.689574 2105.085664 2103.062811 2089.564788 2074.842257 2046.700099 2033.264409 2015.830416 1991.028647 1972.269463 1950.905604 1940.285693 1922.297748 1914.398130 1901.625889 1884.265684 1870.309046 1856.006106 1848.587705 1840.294471 1829.572742 1825.681665 1813.717790 1799.577210 1786.725007 1776.294363 1764.101780 1752.001952 1743.563827 1732.600226 1725.354681 1714.157341 1697.301260 1686.080515 1676.737841 1672.956891 1666.267914 1653.828509 1648.914851 1643.658532 1638.736398 1631.795114 1628.987217 1618.466376 1607.720237 1601.323614 1590.979784 1576.014476 1566.731826 1556.889798 1544.042220 1537.159115 1530.906401 1520.580414 1513.602804 1506.990542 1500.825301 1495.867086 1489.433170 1479.920073 1473.815452 1468.527950 1462.933460 1459.087444 1455.777731 1449.210676 1443.106170 1439.838489 1437.040266 1433.059115 1427.462823 1420.462416 1414.788682 1410.322036 1405.541697 1400.261128 1398.625722 1396.385814 1390.959344 1385.275737 1381.044769 1376.520194 1371.417932 1367.549898 1362.670203 1356.873146 1352.879747 1349.976552 1347.057287 1344.803778 1343.038837 1340.247587 1334.260583 1331.723662 1328.770305 1326.594926 1324.388416 1321.815448 1319.053690 1315.894808 1312.877087 1308.619729 1304.140549 1303.503444 1301.116555 1296.890658 1293.105002 1290.817591 1286.500055 1279.416784 1273.734711 1263.959213 1258.271537 1253.360545 1248.892845 1244.369234 1239.463431 1234.774017 1231.169249 1230.022145 1226.411812 1218.622994 1214.820372 1211.160357 1209.456282 1206.839556 1204.750702 1201.834536 1199.078649 1197.338316 1194.229766 1191.391684 1187.905704 1184.046924 1180.907281 1179.738008 1176.384367 1171.169775 1168.015262 1163.893657 1159.654796 1154.235380 1149.771061 1145.509265 1139.289982 1133.165666 1127.552720 1124.395559 1119.603321 1117.158449 1112.367429 1104.630575 1100.530330 1099.729098 1087.427940 1073.785110 1062.328665 1048.632967 1033.630053 1026.327248 1015.602791 1003.844245 989.993792 979.481048 971.221575 964.196454 957.276010 950.916196 944.536870 939.049485 935.375448 931.113988 928.009945 924.699031 918.870795 913.780262 908.922812 905.972623 902.089820 895.902411 891.727820 890.775783 884.649672 877.930017 873.927172 870.076094 865.401191 864.127627 860.200575 849.270570 841.753460 833.233684 826.305631 821.361485 816.635291 811.655486 807.454742 801.917873 797.066989 792.168978 788.665341 785.002862 778.697059 774.802100 771.425677 767.667058 766.468777 765.125378 761.052714 757.318301 752.999547 748.493756 744.447388 740.884161 737.920524 735.231894 732.430390 730.271132 727.741216 724.865190 722.782716 719.965706 716.776908 713.185104
0.044419 0.047419 0.048153 0.049648 0.050334 0.051012 0.051689 0.052428 0.053099 0.053781 0.054472 0.055820 0.056581 0.057275 0.057952 0.058622 0.059286 0.060009 0.060677 0.061346 0.062022 0.062685 0.063336 0.064008 0.064659 0.065305 0.065962 0.066604 0.067241 0.067901 0.068543 0.070460 0.071111 0.071755 0.072391 0.073017 0.073641 0.074276 0.074889 0.075534 0.076168 0.076780 0.077389 0.078015 0.078629 0.079241 0.079870 0.080484 0.081745 0.082371 0.082982 0.083601 0.084233 0.085458 0.086069 0.086676 0.087289 0.087912 0.089112 0.089727 0.090905 0.091514 0.092142 0.092751 0.093980 0.094566 0.095157 0.095768 0.096371 0.098168 0.098772 0.099365 0.099973 0.100568 0.101173 0.101776 0.102364 0.102951 0.103552 0.105314 0.105922 0.106502 0.107081 0.108263 0.108847 0.109435 0.110047 0.110632 0.111803 0.112408 0.112987 0.113579 0.114164 0.114753 0.115348 0.115926 0.116496 0.117068 0.117652 0.118230 0.118798 0.119384 0.119975 0.120548 0.121124 0.121711 0.122299 0.122874 0.123462 0.124037 0.124601 0.125192 0.125766 0.126338 0.126910 0.127493 0.128070 0.128640 0.129221 0.129789 0.130391 0.130976 0.131545 0.132118 0.132694 0.133266 0.133832 0.134417 0.135010 0.135576 0.136146 0.136731 0.137300 0.137871 0.138457 0.139017 0.139574 0.140163 0.140724 0.141286 0.141865 0.142460 0.143023 0.143578 0.144163 0.144726 0.145293 0.145864 0.146429 0.146988 0.147544 0.148120 0.148681 0.149823 0.150385 0.150945 0.151517 0.152077 0.152632 0.153188 0.153761 0.154350 0.154900 0.155471 0.156035 0.157143 0.157708 0.158275 0.158836 0.159408 0.159989 0.160544 0.161111 0.161662 0.162207 0.163323 0.164426 0.164991 0.165543 0.166094 0.166639 0.167198 0.167767 0.168326 0.169427 0.169970 0.170534 0.171087 0.171637 0.172320 0.172912 0.173460 0.174019 0.174566 0.175142 0.175701 0.176821 0.177376 0.177940 0.178486 0.179034 0.179601 0.180715 0.181260 0.181818 0.183468 0.184031 0.184577 0.185132 0.185693 0.186242 0.186798 0.187909 0.188489 0.189100 0.189780 0.190504 0.191184 0.191851 0.192493 0.193109 0.193720 0.194302 0.194846 0.195396 0.195969 0.196528 0.197071 0.197626 0.198715 0.199271 0.199827 0.200373 0.200924 0.201466 0.202062 0.203162 0.203704 0.204264 0.204812 0.205354 0.205918 0.206457 0.207005 0.207543 0.208099 0.208636 0.209193 0.209738 0.210283 0.210827 0.211359 0.211910 0.212447 0.212993 0.213527 0.214076 0.214632 0.216260 0.216802 0.217337 0.217873 0.218429 0.218966 0.220056 0.220600 0.221674 0.222215 0.222749 0.223295 0.223825 0.224374 0.224921 0.225452 0.225993 0.226523 0.227065 0.227600 0.228150 0.228677 0.229217 0.229744 0.230291 0.231357 0.231942 0.232469 0.233010 0.233539 0.234076 0.234598 0.235143 0.235670 0.236222 0.236762 0.237288 0.237830 0.238365 0.238893 0.239428 0.239955 0.240513
Elapsed_time: 0.240513
Score: 713.185104
301
6413.228240 6144.211322 5069.963243 4935.308056 4890.049521 4856.891377 4840.497394 4837.299919 4813.599369 4777.745999 4688.821505 4636.703854 4581.926726 4515.227777 4396.161075 4340.867986 4259.288976 4107.709116 3996.267508 3918.527331 3834.275909 3767.925449 3764.850415 3762.543408 3759.590719 3735.427429 3694.419539 3683.318797 3647.997191 3622.168223 3542.967954 3445.244478 3438.335343 3390.946764 3379.215231 3313.208015 3246.957327 3224.039807 3208.652619 3143.687480 3139.108705 3121.797209 3085.029835 3034.091733 2948.496706 2924.007113 2874.033419 2800.519196 2800.133165 2774.188317 2738.854619 2715.311144 2649.944257 2567.867998 2551.011132 2500.452579 2462.270199 2425.838817 2345.518286 2322.122897 2301.012428 2257.162299 2203.086071 2172.135603 2144.361865 2079.775707 2037.205108 2011.302371 1954.646253 1905.263791 1862.618531 1813.691522 1811.248014 1782.736243 1760.445221 1723.381435 1712.714605 1696.608196 1667.162528 1651.194557 1626.018273 1600.864633 1598.228944 1584.967424 1568.583878 1550.101100 1542.601910 1528.937268 1516.694883 1498.341289 1483.357043 1466.959834 1452.211493 1437.473504 1424.275205 1411.824345 1402.780549 1393.990637 1386.290275 1384.228075 1379.551601 1370.684699 1363.010511 1353.191047 1342.527615 1334.081680 1326.236985 1318.849186 1311.531650 1304.895666 1298.389310 1291.344201 1285.078107 1277.728921 1268.807226 1267.583587 1261.010469 1253.534308 1248.367481 1242.480323 1234.997138 1229.626886 1228.110594 1219.306793 1212.736680 1209.702476 1205.544953 1201.216463 1195.241165 1188.629407 1179.552537 1171.024909 1162.741862 1160.135473 1155.592479 1148.123037 1141.857206 1135.692038 1133.136938 1128.511478 1123.992689 1119.121755 1112.974375 1106.291434 1102.388021 1095.844529 1089.994811 1083.615233 1077.136843 1070.078807 1063.651197 1054.413231 1049.201780 1044.041455 1039.537852 1034.432471 1029.100229 1023.819570 1018.570572 1014.702059 1010.710936 1006.788453 1003.510420 1000.212128 996.253040 993.332337 990.754495 986.756604 982.947778 979.338319 975.876249 973.006773 969.485518 967.275082 963.480513 961.231252 959.433330 956.125172 953.771777 950.851254 948.467008 946.444392 944.101870 941.607014 939.474639 938.354051 936.400962 933.485474 932.039597 929.744385 928.013349 926.340591 924.954964 923.617309 922.577377 921.562040 920.767028 919.968019 919.171335 917.873136 916.590707 914.408150 912.840390 910.709690 909.594656 908.529694 906.611884 905.185975 903.840769 902.630774 901.467494 899.799922 898.593107 897.749293 896.856859 896.200141 894.931961 893.649208 892.548570 891.248747 889.999458 888.597872 887.243661 885.567537 884.744699 883.484282 882.293950 880.899746 879.873808 878.942324 878.515489 877.986347 877.611897 876.418734 875.510055 874.320048 872.824772 871.290795 869.781728 867.796877 865.971180 865.084929 863.956217 862.030254 860.906794 860.191891 859.236563 858.414421 857.728787 857.159776 854.795666 853.682175 852.624365 851.045053 850.039922 848.792366 847.950883 846.197281 843.814311 840.681066 839.269183 837.464813 835.821657 835.324815 834.824706 834.192203 833.847233 833.196055 832.629571 832.103700 831.493685 830.823489 830.369886 829.998024 829.368327 828.980312 828.439130 828.074313 827.717032 827.199055 826.881670 826.404647 826.073804 826.068596 825.606887 825.267866 825.051103 824.844258 824.624636 824.300367 824.014922 823.815954 823.462824 823.172447 822.967851 822.764567 822.486104 822.200536 821.910693 821.615518 821.354535
0.042460 0.045396 0.048769 0.050200 0.050870 0.051589 0.052251 0.055197 0.055885 0.056564 0.057225 0.057903 0.058574 0.059240 0.059912 0.060574 0.061220 0.061882 0.063195 0.063866 0.064523 0.065162 0.067191 0.069141 0.070421 0.071072 0.071704 0.073043 0.073692 0.074323 0.074982 0.076250 0.078178 0.078832 0.079477 0.080113 0.080776 0.081405 0.083291 0.083921 0.085169 0.085784 0.086424 0.087056 0.088920 0.090164 0.090800 0.091428 0.092675 0.093286 0.093917 0.095145 0.095764 0.096376 0.097591 0.098218 0.098854 0.099451 0.100056 0.101260 0.101867 0.102483 0.103073 0.103675 0.104271 0.104860 0.105453 0.106036 0.106651 0.107239 0.107812 0.108396 0.109548 0.110147 0.110730 0.111308 0.112445 0.113011 0.113597 0.114175 0.114759 0.115335 0.115896 0.116477 0.117038 0.117612 0.118187 0.118753 0.119321 0.119869 0.120425 0.121004 0.121558 0.122128 0.122705 0.123250 0.123812 0.124356 0.124917 0.126030 0.126601 0.127188 0.127753 0.128302 0.128861 0.129409 0.129971 0.130544 0.131100 0.131663 0.132209 0.132765 0.133309 0.133864 0.134423 0.134987 0.135529 0.136095 0.136690 0.137235 0.137777 0.138356 0.138909 0.139471 0.140029 0.140584 0.141155 0.142247 0.142818 0.143364 0.143917 0.144453 0.145021 0.146118 0.146679 0.147242 0.147796 0.148342 0.148897 0.149440 0.150001 0.150550 0.151107 0.151669 0.152210 0.152947 0.153620 0.154209 0.154825 0.155391 0.155944 0.156506 0.157063 0.157630 0.158178 0.158752 0.159303 0.159842 0.160386 0.160924 0.161473 0.162022 0.162584 0.163120 0.163683 0.164213 0.164763 0.165296 0.165830 0.166377 0.166914 0.167446 0.167980 0.168544 0.169076 0.169608 0.170156 0.170751 0.171348 0.171970 0.172650 0.173368 0.174152 0.174986 0.175809 0.176571 0.177328 0.178048 0.178737 0.179413 0.180040 0.180665 0.181276 0.181855 0.182413 0.182966 0.183507 0.184031 0.184560 0.185101 0.185628 0.186154 0.186711 0.187265 0.187789 0.188313 0.188837 0.189375 0.189901 0.190431 0.190963 0.191529 0.192054 0.192582 0.193121 0.193653 0.194182 0.194715 0.195257 0.195787 0.196326 0.196854 0.197392 0.197921 0.199005 0.199543 0.200075 0.200619 0.201162 0.201688 0.202214 0.202760 0.203303 0.203831 0.204368 0.204896 0.205436 0.205961 0.206513 0.207050 0.207580 0.208109 0.208650 0.209715 0.210244 0.211321 0.211847 0.212371 0.212916 0.213456 0.213982 0.214533 0.215075 0.215608 0.216149 0.216679 0.217240 0.217771 0.219355 0.219877 0.220400 0.220936 0.221484 0.222015 0.222550 0.223095 0.223622 0.224145 0.224668 0.225211 0.225771 0.226298 0.226870 0.227396 0.227921 0.228442 0.228982 0.229505 0.230036 0.230584 0.231130 0.231654 0.232177 0.232713 0.233235 0.233761 0.234301 0.234846 0.235383 0.235907 0.236970 0.237498 0.238026 0.238592 0.239118 0.239646 0.240192 0.240721 0.241248 0.241775 0.242313
Elapsed_time: 0.242313
Score: 821.354535
301
7037.521073 6782.228819 5545.468498 5346.928102 5262.617682 5174.841339 5139.021420 4961.796357 4704.903854 4637.439330 4624.214420 4601.304239 4565.766673 4489.055541 4441.952615 4343.995976 4278.679747 4258.064749 4143.179267 4032.575228 3919.312479 3815.679483 3801.003506 3787.710571 3775.140953 3749.508385 3700.648172 3653.310277 3623.789354 3562.571680 3513.429100 3498.427438 3370.544324 3343.431046 3311.545800 3218.780629 3128.953395 3090.998160 3044.825004 3012.586789 2923.374541 2917.810783 2895.089898 2869.754092 2840.416384 2795.826121 2734.045688 2706.886567 2686.435263 2653.536422 2608.540672 2588.940550 2556.203004 2529.304022 2498.032844 2453.951652 2446.741428 2437.313605 2400.160488 2371.867267 2342.674715 2317.583912 2294.506898 2272.305200 2263.156264 2262.399084 2237.671162 2211.129069 2183.860353 2166.712797 2157.183804 2149.873422 2142.055864 2121.760242 2106.031218 2090.354992 2081.030022 2067.143832 2056.125772 2040.253713 2030.077132 2021.360912 2019.889099 2009.462375 2000.119480 1984.556664 1969.199241 1954.676423 1942.453371 1936.764845 1925.229943 1915.964373 1911.010448 1904.850174 1897.407759 1885.636652 1877.955251 1877.427447 1867.223738 1860.767211 1851.778985 1842.408686 1834.321294 1828.728822 1824.195478 1816.846194 1810.278790 1802.141210 1788.886676 1782.229368 1770.713674 1763.540918 1756.830359 1748.798710 1738.547267 1730.554362 1724.116106 1713.923715 1701.310304 1699.116397 1690.959145 1683.855327 1673.516874 1664.153540 1655.763898 1647.770314 1637.621263 1625.335491 1613.055830 1600.864534 1590.449253 1576.899451 1565.317648 1559.733746 1553.401621 1550.733599 1548.071340 1539.615129 1531.931187 1526.697842 1521.521077 1517.442446 1513.137248 1509.813076 1505.825063 1501.524700 1496.422194 1491.276320 1486.652995 1486.371605 1481.103523 1478.636460 1474.220234 1471.220046 1464.030764 1459.825155 1456.873581 1452.436065 1447.601528 1443.323194 1439.199549 1434.758548 1432.344741 1427.006354 1423.588671 1421.111671 1418.048228 1415.203785 1410.485086 1407.867226 1405.018169 1400.979492 1395.655911 1391.517038 1387.324507 1382.668146 1378.762839 1377.556345 1373.878435 1370.851522 1368.302923 1366.326920 1363.728724 1362.186886 1358.964450 1354.837688 1351.044398 1345.829297 1339.270917 1336.549254 1330.261400 1323.835583 1318.898614 1314.954438 1313.113146 1310.469913 1304.145137 1302.356544 1297.789172 1291.713107 1287.692664 1284.395822 1281.244411 1277.505768 1271.903068 1267.647617 1261.521045 1258.499123 1253.144978 1249.985815 1246.399496 1242.808385 1237.358878 1232.814842 1229.759838 1225.877478 1223.681429 1222.448118 1220.822711 1216.893537 1214.375095 1211.200132 1207.508832 1207.251527 1201.797307 1198.149460 1195.772638 1193.817288 1191.804644 1187.483015 1183.350956 1179.939556 1178.040021 1175.907641 1172.290258 1170.413427 1167.497407 1164.789358 1159.887076 1158.173329 1154.876296 1151.833378 1147.684352 1145.602891 1143.155721 1139.490340 1137.025062 1134.442240 1127.698944 1123.044525 1120.586000 1118.439753 1116.090549 1114.866430 1113.112790 1111.250595 1108.982365 1106.732071 1103.208752 1100.241060 1097.996491 1095.068067 1091.298582 1087.897254 1086.337664 1080.829076 1076.756313 1075.066896 1072.390582 1070.023511 1067.723114 1064.266606 1060.394087 1057.594303 1055.805920 1051.918555 1047.834255 1045.087840 1042.134560 1040.745946 1038.625428 1036.549051 1034.752914 1033.036856 1031.156498 1030.445674 1029.147727 1026.501763 1024.206690 1021.906620 1019.788998 1018.306682 1016.317709 1013.825437 1011.732750 1009.192290 1006.525187 1003.650675 1001.813750 999.633777 997.608883
0.045038 0.048130 0.048849 0.050302 0.051001 0.051722 0.052404 0.053105 0.053791 0.055182 0.057258 0.057926 0.058621 0.059303 0.059989 0.060653 0.061336 0.062010 0.062667 0.063345 0.064032 0.064674 0.065329 0.067962 0.069275 0.069929 0.070575 0.071210 0.071887 0.072541 0.073171 0.073825 0.074454 0.075097 0.075740 0.076367 0.077011 0.077666 0.078290 0.078929 0.080161 0.082724 0.083373 0.084614 0.085218 0.085838 0.086455 0.087064 0.087701 0.088319 0.088935 0.089555 0.090173 0.090776 0.091397 0.092020 0.092632 0.093842 0.094450 0.095060 0.095663 0.096275 0.096889 0.097514 0.098123 0.099313 0.099893 0.100496 0.101097 0.101699 0.102297 0.103492 0.104090 0.104691 0.105287 0.105885 0.106486 0.107107 0.107716 0.108295 0.109491 0.110085 0.111845 0.112420 0.113018 0.113614 0.114217 0.114814 0.115395 0.115987 0.116578 0.117178 0.117770 0.118361 0.118951 0.119551 0.120125 0.121870 0.122475 0.123050 0.123639 0.124214 0.124798 0.125371 0.125970 0.126556 0.127722 0.128312 0.128879 0.129467 0.130049 0.130628 0.131216 0.131794 0.132377 0.132958 0.133535 0.134120 0.134706 0.135303 0.135866 0.136442 0.137042 0.137618 0.138203 0.138782 0.139370 0.139957 0.140529 0.141108 0.141666 0.142223 0.142801 0.143371 0.143951 0.144528 0.145654 0.146219 0.146807 0.147374 0.147950 0.148533 0.149087 0.149655 0.150218 0.150795 0.151364 0.151925 0.152494 0.153068 0.153647 0.154208 0.155359 0.155912 0.156475 0.157045 0.158169 0.158743 0.159297 0.159863 0.160425 0.160999 0.162136 0.162714 0.163289 0.163853 0.164412 0.164983 0.165557 0.166119 0.166701 0.167259 0.167857 0.168972 0.169522 0.170096 0.170661 0.171210 0.171782 0.172889 0.173436 0.173999 0.174570 0.175695 0.176247 0.176804 0.177377 0.177931 0.178505 0.179625 0.180190 0.180744 0.181307 0.181854 0.182988 0.183548 0.184112 0.185227 0.185793 0.186359 0.186917 0.187488 0.188050 0.188603 0.189167 0.189724 0.190279 0.190856 0.191407 0.191973 0.193085 0.193631 0.194175 0.194742 0.195307 0.195866 0.196415 0.197513 0.198090 0.198629 0.199188 0.199744 0.200309 0.200867 0.201416 0.201975 0.202521 0.203081 0.203626 0.204182 0.204744 0.205293 0.205852 0.206406 0.206970 0.207544 0.208100 0.208643 0.209199 0.210301 0.210873 0.211420 0.211976 0.212526 0.213062 0.214172 0.216352 0.217453 0.217989 0.218547 0.219092 0.219655 0.220192 0.221288 0.221840 0.222410 0.223526 0.224064 0.224611 0.225152 0.225701 0.226267 0.226811 0.227390 0.227938 0.228486 0.229022 0.229557 0.230106 0.230648 0.231765 0.232316 0.232871 0.233404 0.233949 0.234481 0.235028 0.235567 0.236648 0.237198 0.237742 0.238275 0.238816 0.239355 0.239902 0.240976 0.241519 0.242597 0.243147 0.243739 0.244278 0.244824 0.245360 0.246445 0.247526 0.248073 0.248625 0.249159 0.249709 0.250255 0.251348
Elapsed_time: 0.251348
Score: 997.608883
301
6533.968320 6279.417985 5283.150814 5179.935271 5174.905502 5151.018336 5121.022294 5079.728071 5000.404397 4911.547482 4863.410930 4849.295408 4836.622011 4742.393839 4735.312760 4707.500521 4680.339379 4652.057191 4598.940350 4592.712096 4571.410638 4522.942565 4463.028709 4422.919683 4361.422327 4296.316584 4273.402427 4267.822525 4266.938682 4239.073473 4194.139179 4145.106444 4061.777455 4053.697508 3972.083069 3954.361995 3904.971627 3837.731976 3667.152695 3590.228894 3543.792472 3479.602261 3392.016504 3363.844171 3340.450979 3287.556570 3244.193246 3138.762066 3122.232293 3060.210380 3004.932580 2922.813741 2861.117829 2849.997208 2849.253474 2790.689999 2769.367343 2737.760630 2703.073294 2640.865962 2574.749897 2529.807453 2507.343242 2468.656644 2456.921062 2392.341892 2354.011562 2311.940261 2265.677476 2205.688260 2137.893799 2061.613784 2002.901578 1962.421537 1955.866366 1940.862036 1931.360302 1904.489851 1895.414060 1878.903598 1860.421897 1829.117851 1808.436405 1788.254905 1766.533649 1740.887045 1718.949463 1700.543184 1683.678904 1678.674452 1660.319371 1644.586065 1623.917318 1601.327189 1578.753003 1554.360509 1529.377641 1528.227838 1506.464985 1484.507896 1464.427483 1444.186976 1427.284979 1422.280010 1415.403336 1402.961168 1389.002557 1374.186429 1361.262179 1343.869498 1333.917748 1321.648659 1313.846326 1303.289631 1278.618214 1278.019623 1243.310295 1223.215828 1206.342356 1188.002842 1181.930009 1170.045337 1158.394199 1147.975320 1138.119379 1133.072649 1125.010586 1117.735012 1110.754285 1100.620449 1096.295400 1090.662913 1084.532025 1081.737810 1074.781739 1065.572015 1062.742132 1058.762404 1047.312263 1045.841128 1038.733746 1030.735450 1023.542873 1015.992522 1000.409148 986.482361 979.719410 969.889797 957.545816 948.404005 940.128212 931.775324 926.991343 916.581791 907.017447 900.502953 899.273613 895.984856 885.349056 879.140198 873.004600 865.472299 858.663415 857.277258 850.987344 845.248489 835.718167 831.083186 826.723480 823.727503 817.683674 811.275289 804.504584 799.538242 797.786503 795.211862 792.616072 786.413865 781.362228 774.730405 770.744593 766.441897 760.823048 756.207267 750.868784 747.801996 746.352147 744.413458 739.336493 734.337968 730.167000 726.351003 723.599391 720.484137 717.056767 714.205691 711.171070 707.962259 704.985768 702.661271 700.645364 698.748349 696.454517 694.459676 692.622012 690.865701 688.977446 686.921251 684.837006 682.761089 680.369340 678.237611 676.720913 675.050487 673.357193 670.984934 669.743375 667.560068 665.963873 664.396925 662.578380 660.990552 658.804732 657.575728 656.357348 654.324034 653.903021 653.047015 651.357370 649.719202 648.121752 647.810324 646.005867 645.124136 644.206553 643.432671 642.191428 640.766553 639.634182 638.403075 637.249990 635.870310 634.559843 633.495256 632.329657 631.802396 630.580344 629.004459 628.236756 627.453051 627.016538 626.258488 625.442239 624.436942 623.596294 622.901749 622.396344 621.935957 621.376487 621.070408 620.590233 619.931759 619.286375 618.421005 617.141333 615.717706 615.057180 613.788351 612.818572 611.884449 610.726106 609.683049 609.010248 608.501522 607.786747 607.089747 606.081820 604.903676 603.991305 603.870367 603.102043 602.624076 602.079673 601.439107 600.159020 599.049426 598.467044 598.036533 597.493621 596.894352 595.861142 594.947613 594.341074 593.807909 593.326682 592.848609 592.440589 591.906155 591.354058 590.830700 590.133512
0.042345 0.045366 0.046068 0.049723 0.052481 0.053840 0.054525 0.055207 0.055902 0.057265 0.057954 0.059360 0.060062 0.060765 0.062835 0.063549 0.064239 0.064922 0.066303 0.069158 0.069842 0.070525 0.071220 0.071885 0.072565 0.073250 0.073946 0.076723 0.078057 0.079467 0.080144 0.080820 0.081481 0.082831 0.083497 0.084829 0.085492 0.086149 0.086814 0.087496 0.088151 0.088799 0.089452 0.090092 0.091403 0.092064 0.092711 0.093344 0.093987 0.094610 0.095316 0.095955 0.096577 0.097209 0.099734 0.100376 0.101005 0.101620 0.102246 0.103496 0.104113 0.104753 0.105377 0.105985 0.106609 0.107232 0.107857 0.108461 0.109072 0.109684 0.110298 0.110890 0.111542 0.112248 0.113506 0.114135 0.114742 0.115368 0.115984 0.116605 0.117205 0.117821 0.118424 0.119006 0.119611 0.120187 0.120774 0.121351 0.121935 0.123652 0.124225 0.124811 0.125411 0.125978 0.126544 0.127137 0.127709 0.128274 0.128864 0.129461 0.130077 0.130735 0.131455 0.132899 0.133719 0.134566 0.135429 0.136226 0.137754 0.138502 0.139875 0.140515 0.141150 0.141751 0.142338 0.142899 0.143452 0.144005 0.144548 0.145108 0.146194 0.146772 0.147324 0.147887 0.148436 0.149533 0.150077 0.150633 0.151195 0.151794 0.152389 0.152941 0.153486 0.154566 0.155121 0.155702 0.156790 0.157328 0.159052 0.160355 0.161117 0.161892 0.162720 0.163596 0.164514 0.165535 0.166541 0.167634 0.168706 0.169752 0.170774 0.171790 0.172770 0.173722 0.174601 0.176268 0.178495 0.179195 0.179832 0.180444 0.181048 0.181616 0.182183 0.182725 0.183274 0.183800 0.184860 0.185403 0.185930 0.186470 0.186990 0.187522 0.188075 0.188603 0.189642 0.190176 0.190700 0.191229 0.191762 0.192296 0.193336 0.193868 0.194402 0.194924 0.195449 0.195991 0.196526 0.197045 0.197567 0.198098 0.198619 0.199141 0.199671 0.200209 0.200725 0.201240 0.201768 0.202288 0.202804 0.203351 0.203867 0.204387 0.204915 0.205441 0.205957 0.206471 0.206988 0.207518 0.208036 0.208557 0.209075 0.209603 0.210131 0.210649 0.211170 0.211700 0.212217 0.212750 0.213267 0.213796 0.214313 0.214830 0.215369 0.215903 0.216419 0.216956 0.217473 0.217989 0.218515 0.219033 0.219556 0.220082 0.220613 0.221146 0.222690 0.223723 0.224239 0.224778 0.225311 0.225823 0.226352 0.226868 0.227387 0.227903 0.228431 0.228946 0.229469 0.229992 0.230550 0.231179 0.231690 0.232220 0.232736 0.233251 0.233763 0.234810 0.235341 0.235860 0.236393 0.236910 0.237429 0.237948 0.238483 0.239002 0.239577 0.240107 0.241681 0.242212 0.242723 0.243241 0.243774 0.244887 0.245424 0.245962 0.246476 0.246990 0.247547 0.248125 0.248660 0.249187 0.249710 0.250223 0.250736 0.251264 0.251777 0.252308 0.252820 0.253350 0.253864 0.254376 0.254888 0.255418 0.255930 0.256456 0.256981 0.257494 0.258006 0.258531 0.259054 0.259575 0.260088
Elapsed_time: 0.260088
Score: 590.133512
