5
301
50996.907506 49731.686415 41912.112781 41042.767801 40971.657312 40941.920768 40923.588453 40888.075829 40794.699950 40608.729018 40277.290729 40050.403568 39963.325335 39954.115441 39713.909088 39464.528927 39444.717500 39375.831559 39300.905955 39212.475412 39089.295069 38927.684751 38455.278060 38251.563209 37658.935202 37455.137861 37419.645788 37389.103759 37372.893590 37295.843336 37114.659693 37014.565845 36968.283983 36917.418724 36874.362700 36844.157704 36782.513271 36537.454832 36245.544086 35974.654022 35959.812480 35954.440766 35735.129932 35664.728441 35625.587168 35579.774773 35523.692577 35476.993651 35468.959205 35441.191856 35406.851534 35320.368668 35150.048214 34932.013265 34867.669987 34705.677592 34551.315974 34322.863921 34261.210510 34197.009836 34066.633379 33869.105790 33724.906452 33698.388460 33663.486295 33485.095313 33376.474646 33256.585534 33070.829647 32646.668432 32326.346555 32263.059767 32257.583338 32190.596955 32100.531352 32023.332504 31890.829168 31856.476441 31850.085752 31779.915653 31716.137295 31676.107525 31613.311338 31415.862642 31285.287454 31060.245498 30821.768388 30805.581276 30794.119669 30722.572728 30660.270821 30643.335863 30598.360560 30526.676691 30517.285194 30497.695453 30464.174105 30398.751146 30201.247879 30056.227558 30022.621148 29696.485741 29583.842380 29581.836317 29524.816567 29441.826243 29366.281157 29080.092360 29023.855606 28856.045460 28845.068653 28733.986952 28689.725033 28659.160959 28539.245102 28338.788335 28111.446552 27877.992355 27776.349051 27653.408320 27622.113014 27614.213905 27583.336406 27513.209367 27344.551482 27254.709505 27214.107759 27067.978319 26945.333664 26901.860164 26794.550424 26690.461286 26598.941565 26532.316895 26408.806430 26180.588424 26166.905848 26045.969754 25982.024344 25687.311381 25638.541397 25623.310437 25546.432200 25436.051632 25300.966225 25274.656655 25250.334264 25240.179049 25223.322952 25186.124860 25105.324669 25028.664152 24949.204835 24868.185271 24842.077861 24789.745566 24748.715842 24672.228381 24608.701301 24584.765668 24435.527003 24344.072763 24269.847829 24095.534803 23986.829696 23918.445139 23852.247916 23819.621007 23787.741174 23713.038740 23548.882507 23527.605171 23362.142579 23277.567493 23141.626311 23049.324560 23037.315730 22921.374374 22837.321438 22651.729019 22518.372013 22512.775486 22470.172264 22417.475352 22404.257313 22379.885586 22343.299710 22234.154366 22171.043839 22086.974080 22070.265107 22052.980343 22011.712024 21942.384372 21838.418164 21788.542165 21752.441150 21639.239323 21589.201136 21503.810004 21361.809706 21330.023042 21328.312375 21292.874030 21260.242151 21194.547691 21114.945631 21042.021560 21023.087384 21012.479268 20941.745074 20903.656205 20869.300847 20846.810717 20841.952410 20824.227914 20779.971385 20725.612182 20693.013119 20687.167713 20659.505830 20575.869849 20565.189004 20541.942184 20530.291340 20528.478471 20508.508916 20505.283248 20476.061453 20456.494219 20442.742810 20403.526641 20309.686860 20263.836788 20154.055372 20140.728444 20049.714307 19981.496186 19891.220265 19842.151770 19778.927098 19707.946825 19615.559709 19552.010831 19500.011594 19431.091838 19360.329590 19331.979140 19299.721111 19270.743743 19211.736553 19163.328798 19068.210674 18981.686522 18933.310316 18883.104831 18836.364940 18776.521107 18711.821036 18610.898670 18521.526327 18489.057906 18437.057111 18394.101689 18313.238851 18273.510962 18220.029902 18161.437576 18107.226420 18032.386875 17994.702955 17916.777751 17851.541279 17815.073448 17772.839862 17715.447653 17659.410365 17609.567918 17560.492114 17496.936561 17422.248915 17353.566711 17286.483559 17224.705439 17180.867558 17132.414839 17051.868098 16989.416768 16942.935400 16890.460774 16833.621239 16769.374421 16751.613440 16721.800336 16681.735078 16629.703338 16581.732574 16580.878506 16559.795702 16540.844907 16487.833297
0.503836 0.554989 0.564332 0.592021 0.632665 0.642153 0.651559 0.661927 0.671321 0.680657 0.690446 0.700307 0.719981 0.759587 0.768950 0.778213 0.815370 0.824714 0.833962 0.843419 0.853634 0.864036 0.874285 0.892657 0.919874 0.937975 0.956138 0.974338 1.011112 1.021695 1.032695 1.043856 1.053201 1.064056 1.093766 1.102911 1.113677 1.123046 1.132071 1.141111 1.159014 1.167878 1.178018 1.188591 1.220246 1.229528 1.239890 1.250487 1.279327 1.288243 1.297157 1.306316 1.315122 1.324243 1.342338 1.351226 1.360025 1.369198 1.388696 1.400688 1.409573 1.418613 1.427730 1.455405 1.464754 1.473540 1.483935 1.493100 1.501844 1.510905 1.520073 1.539836 1.588859 1.598607 1.607549 1.616546 1.625164 1.663139 1.672378 1.681007 1.699737 1.718763 1.727758 1.736375 1.745012 1.771502 1.780033 1.797184 1.822831 1.831395 1.840122 1.865791 1.874487 1.882985 1.927202 1.935815 1.944410 1.953761 1.962897 1.971315 1.979819 1.988422 1.997024 2.005461 2.013933 2.022382 2.030911 2.039493 2.058439 2.066851 2.093362 2.101826 2.119662 2.138907 2.147306 2.155804 2.166307 2.176693 2.186352 2.196795 2.206590 2.233612 2.242471 2.251106 2.260256 2.276755 2.285048 2.293464 2.301840 2.310313 2.318693 2.326923 2.335052 2.343231 2.351476 2.359688 2.385518 2.393863 2.402230 2.410344 2.426532 2.453179 2.461371 2.469438 2.478077 2.510467 2.518611 2.527494 2.535713 2.543853 2.552255 2.560407 2.568658 2.577066 2.594694 2.603538 2.612559 2.621267 2.629418 2.637716 2.645697 2.654397 2.662566 2.670502 2.678395 2.686383 2.694235 2.702137 2.710235 2.718671 2.727072 2.736253 2.744132 2.751982 2.759767 2.767500 2.783053 2.793098 2.801336 2.809156 2.817073 2.825972 2.834256 2.842826 2.858855 2.867570 2.875207 2.890660 2.905863 2.913510 2.928722 2.943908 2.951489 2.959133 2.966677 2.974204 2.981713 2.989325 2.996886 3.004510 3.012102 3.019637 3.034749 3.042855 3.050626 3.058206 3.074104 3.081743 3.090326 3.097794 3.105297 3.114230 3.139982 3.147618 3.181480 3.189046 3.220858 3.228685 3.237851 3.268001 3.275426 3.282898 3.305075 3.312692 3.338860 3.363419 3.373292 3.390364 3.400009 3.409587 3.424802 3.440058 3.447490 3.455319 3.462693 3.477335 3.484636 3.491955 3.499279 3.506588 3.513810 3.521076 3.528813 3.536196 3.545276 3.559737 3.567662 3.582066 3.589333 3.596574 3.603812 3.611060 3.620432 3.627697 3.634885 3.642064 3.649555 3.657939 3.668224 3.677967 3.685393 3.693381 3.702034 3.711823 3.719176 3.726364 3.733741 3.740914 3.748075 3.755272 3.763103 3.770335 3.778369 3.785633 3.793130 3.800236 3.807439 3.814597 3.821796 3.829028 3.836334 3.844494 3.851589 3.858722 3.865881 3.873301 3.880516 3.888829 3.896163 3.903322 3.910707 3.917823 3.934057 3.941399 3.949591 3.956753 3.964319 3.978775 3.985969 3.993144 4.000826
Elapsed_time: 4.000826
Score: 16487.833297
301
50190.479182 48989.055782 42034.563273 41643.336832 41444.421931 41321.213236 41313.595603 41297.263403 41236.245414 41181.985934 41110.374209 40888.645743 40741.430224 40545.174872 40224.113161 40217.969474 39880.081228 39429.652730 39406.379983 39290.604823 39242.279275 39202.142773 39001.576035 38727.606435 38354.540186 37890.260577 37707.311442 37703.468048 37650.749400 37622.038238 37612.747278 37571.895596 37525.814920 37437.692201 37419.785289 37327.574528 37181.743335 37036.614874 36844.534925 36776.344511 36769.227744 36707.563772 36323.461956 36096.610378 36045.875754 35923.879952 35843.363035 35831.835135 35772.153098 35692.520368 35650.366854 35489.472799 35108.124741 34699.285469 34551.415108 34359.463373 34280.693959 34184.411919 34146.974713 34103.615639 34060.926962 33899.552128 33663.712848 33266.129343 33117.697888 33097.246317 33022.834844 32965.010146 32842.546165 32718.678898 32596.517296 32490.212257 32165.936514 32137.809826 31938.194761 31858.422576 31696.828610 31616.423247 31612.369037 31556.666318 31522.874286 31443.151697 31278.850992 31195.366151 30966.142471 30840.161528 30724.096173 30604.383813 30463.145168 30260.327245 30252.303639 30193.115023 30079.669916 30068.423564 30001.847299 29891.359983 29864.461304 29858.153439 29831.814227 29658.282403 29442.448643 29427.343428 29310.329115 29197.896412 28929.108631 28489.103477 28422.813826 28269.261172 28109.731244 27944.850609 27916.427031 27878.942578 27838.274550 27740.781134 27545.631874 27396.599748 27390.989498 27302.377985 27286.123527 27251.242022 27229.463198 27147.677081 26988.422124 26743.500454 26722.773198 26645.834082 26497.683467 26382.725677 26299.219266 26243.267908 26219.853679 26211.634447 26166.546593 26127.629251 26123.706213 26100.429523 26063.407736 25969.421064 25811.961090 25762.529368 25759.396908 25638.709674 25558.341771 25512.270088 25477.824596 25342.388677 25218.899835 25104.014673 24953.199320 24716.131366 24693.914636 24692.845072 24518.987775 24483.165623 24482.540768 24393.897450 24339.582169 24214.894672 24079.605245 23848.083729 23836.781408 23745.558531 23720.361773 23704.523827 23702.417427 23678.679249 23672.786406 23650.833252 23627.368191 23611.478891 23570.095067 23532.668178 23372.082628 23370.991568 23369.572419 23291.390932 23286.296566 23258.942755 23217.175337 23129.069018 22858.190851 22848.638699 22768.333110 22684.688027 22525.490151 22273.083561 22211.823945 22155.962692 22154.164298 22111.333681 22058.924538 21982.647664 21943.811298 21849.693574 21819.512109 21781.092730 21746.812733 21632.583443 21487.438775 21487.009932 21485.527483 21457.597079 21440.375934 21417.958842 21368.672973 21292.064405 21205.402112 21143.899328 21137.118299 21073.829153 20994.985186 20928.313718 20868.110404 20827.500080 20756.701019 20708.862658 20627.358148 20523.932802 20505.551239 20502.217588 20467.721099 20433.746745 20369.555836 20353.964038 20338.176119 20224.024854 20195.750662 20113.684872 20015.618607 19972.305349 19969.965869 19956.781304 19954.441663 19908.068136 19897.808302 19857.738203 19819.153463 19720.015323 19680.417065 19671.742492 19648.270689 19612.666365 19559.588118 19536.093451 19497.560544 19469.401578 19430.565936 19353.598755 19275.251292 19223.407851 19213.169127 19211.275931 19189.892816 19181.649371 19163.236762 19107.599984 19065.476669 19060.029467 19011.099446 18979.791025 18931.744151 18917.520336 18910.880010 18831.668369 18789.424732 18724.323754 18656.206149 18599.020845 18532.607327 18478.470196 18417.291710 18362.542954 18254.391008 18251.129421 18237.702233 18234.797880 18220.094603 18196.697360 18139.474944 18108.533223 18063.922394 18029.939344 18021.616003 17992.011944 17968.090530 17964.521335 17958.694498 17940.441588 17875.503274 17761.735121 17759.388284 17747.648386 17728.043332 17710.382220 17680.858298 17641.096074 17571.766396 17569.635710 17539.562942 17505.973255 17461.676441
0.511054 0.563296 0.572732 0.592434 0.602007 0.632220 0.642797 0.652088 0.663779 0.692844 0.702290 0.711543 0.721985 0.732272 0.741466 0.752016 0.790735 0.800627 0.850345 0.860019 0.869649 0.880043 0.889295 0.898698 0.908913 0.918283 0.928278 0.966751 0.986964 1.043853 1.052982 1.063171 1.072346 1.090524 1.109384 1.118764 1.128185 1.137641 1.147004 1.174510 1.211190 1.220232 1.247386 1.256357 1.283297 1.303044 1.313197 1.345724 1.356211 1.366267 1.376514 1.387405 1.399766 1.410936 1.421906 1.440840 1.449661 1.458477 1.476149 1.485020 1.493859 1.502653 1.520255 1.556378 1.565297 1.583801 1.592555 1.630959 1.640714 1.649895 1.667954 1.676654 1.685503 1.694217 1.703138 1.711822 1.720647 1.729421 1.757902 1.767747 1.785289 1.793941 1.802731 1.812048 1.821656 1.830858 1.839576 1.848749 1.857764 1.866369 1.883552 1.892167 1.909409 1.918050 1.926859 1.935438 1.961745 1.988390 1.997088 2.014178 2.022855 2.040083 2.048648 2.057320 2.065875 2.102363 2.119678 2.129021 2.139351 2.148624 2.186386 2.195122 2.204736 2.213300 2.222262 2.230740 2.272829 2.281499 2.308001 2.316423 2.324881 2.333297 2.341937 2.358652 2.383474 2.392727 2.401802 2.410209 2.446701 2.455477 2.466705 2.506568 2.514913 2.523162 2.549034 2.557304 2.565630 2.575167 2.584792 2.593891 2.647988 2.656212 2.664792 2.681539 2.690425 2.698582 2.706728 2.714830 2.722894 2.739078 2.755126 2.779263 2.787390 2.796347 2.821245 2.829541 2.863251 2.871417 2.887580 2.895518 2.928023 2.935885 2.943884 2.969683 3.003646 3.011587 3.019493 3.027427 3.035430 3.043362 3.051324 3.068597 3.086161 3.103429 3.127826 3.135802 3.151701 3.159636 3.167445 3.176895 3.184776 3.200329 3.208246 3.216135 3.223966 3.231766 3.247143 3.254770 3.303613 3.311306 3.318972 3.326681 3.334315 3.342238 3.349992 3.358901 3.367791 3.376609 3.385410 3.428227 3.436537 3.444445 3.452628 3.462697 3.472890 3.492962 3.500581 3.508293 3.516329 3.523937 3.532731 3.540445 3.548593 3.556980 3.565019 3.573201 3.581157 3.589024 3.611563 3.626510 3.634059 3.641578 3.649042 3.656513 3.671475 3.678948 3.694014 3.701438 3.709013 3.724627 3.732033 3.739420 3.761582 3.776281 3.783712 3.791163 3.798563 3.806622 3.822045 3.844892 3.852260 3.859629 3.867024 3.874408 3.881820 3.889194 3.896528 3.903928 3.918680 3.933398 3.940749 3.962839 3.970203 3.984914 3.992275 3.999612 4.006958 4.014288 4.021654 4.029021 4.036408 4.043689 4.058413 4.065775 4.073017 4.082048 4.089536 4.096885 4.104124 4.112060 4.120624 4.136606 4.158591 4.180349 4.187642 4.209483 4.216809 4.224044 4.231378 4.245878 4.253117 4.260469 4.267727 4.275027 4.282298 4.304091 4.311371 4.318622 4.325918 4.333184 4.362137 4.369367 4.376590 4.383892 4.391152 4.405589 4.420400 4.444206 4.451447 4.458649 4.465832
Elapsed_time: 4.465832
Score: 17461.676441
301
47992.178378 46768.608078 39304.725672 39290.652117 39040.168958 39011.932665 38941.484618 38766.155820 38356.354111 37512.330025 37461.069525 37140.050106 36905.335638 36893.875401 36847.757524 36772.423747 36702.332883 36324.132975 36063.503355 35994.224765 35850.458463 35748.033690 35719.503812 35554.833806 35369.123159 34879.972175 34595.577062 34473.071125 34442.211982 34426.863442 34318.020458 34290.551796 34270.840378 34246.728941 34212.953044 34151.317810 34012.423956 33892.460536 33799.433401 33380.142141 32979.787578 32972.283568 32889.657773 32865.209634 32777.758226 32739.604864 32730.690222 32649.144587 32596.484950 32583.851004 32530.134483 32498.219261 32338.537342 32061.706296 31865.958203 31540.472328 31408.934390 31236.478791 31095.495995 30765.621879 30382.276486 30286.463045 30268.554421 30174.361416 30103.155522 30084.490063 30071.612653 30048.212556 30038.150860 29959.123447 29883.852126 29845.885853 29812.159249 29760.834114 29728.791099 29652.090763 29547.939106 29537.790181 29524.410203 29491.567900 29357.857978 29318.168677 29233.740910 29214.852472 29199.710521 29097.185417 28838.565780 28659.633506 28617.081192 28381.555180 28348.320143 28344.417776 28245.707483 28206.360988 28099.976423 28048.609962 27841.088736 27753.748028 27666.731280 27606.550175 27474.203565 27436.921829 27163.011564 26952.651272 26893.238288 26886.704064 26821.545922 26777.574309 26625.458904 26465.732606 26376.486533 26344.782427 26262.780888 26157.463479 26134.443901 26119.169507 26038.047897 25940.986472 25782.148004 25621.646323 25504.133550 25427.315898 25422.389949 25407.597703 25380.298882 25373.023760 25333.503041 25288.728624 25222.601222 25148.015137 25108.738171 24887.349375 24798.305420 24783.928225 24683.728938 24596.499782 24580.484473 24527.060824 24483.466564 24465.582720 24420.758248 24310.655491 24215.809162 24200.825897 24011.735384 23917.746023 23850.308425 23722.036432 23495.414164 23482.524063 23360.447096 23294.326854 23256.820773 23233.064909 23148.665425 22972.561821 22829.130674 22813.566767 22692.310417 22571.419094 22313.979556 22273.158599 22176.469447 22157.704205 22061.951123 21947.656627 21944.719548 21888.806268 21851.810401 21777.765810 21671.586368 21643.867794 21553.775004 21460.331431 21333.609137 21147.880731 21120.338900 21008.629921 20930.377061 20926.475263 20871.641108 20852.872699 20790.697822 20724.631631 20682.239914 20616.242224 20529.183194 20446.801391 20326.351248 20306.844776 20271.948300 20208.352290 20107.198216 20021.789765 19997.858520 19928.488254 19823.182456 19719.004223 19671.404652 19628.105416 19625.332674 19577.100987 19524.959196 19435.886708 19409.413820 19364.539275 19296.530921 19212.710065 19190.586038 19178.554928 19155.929972 19107.101476 19004.342347 18954.360912 18919.791265 18917.380232 18869.877603 18836.061587 18727.635777 18651.229311 18617.756556 18563.338049 18536.331974 18508.951982 18483.629725 18381.806005 18352.718927 18315.885180 18282.450352 18231.183454 18224.839926 18208.367504 18167.934160 18089.463556 18081.406118 18030.687388 17985.866389 17881.930460 17808.416744 17743.623470 17683.384419 17630.399978 17607.641496 17583.114291 17531.253855 17460.695740 17456.837268 17455.004214 17428.935402 17397.259962 17329.583530 17272.088884 17263.259707 17233.010048 17197.747518 17143.627524 17116.460857 17079.761243 17026.462525 16962.749288 16924.903403 16906.693443 16888.150298 16830.333792 16765.028259 16759.178223 16746.720247 16720.188716 16683.629501 16653.637743 16622.871118 16568.588063 16516.301033 16510.603219 16500.584598 16459.207746 16452.810693 16439.445377 16390.688887 16320.877340 16319.830849 16274.029028 16223.012737 16197.823668 16137.808097 16082.401994 16052.641094 16048.834847 15989.401698 15918.640148 15856.043958 15811.449216 15789.382528 15765.338422 15758.962934 15739.656165 15696.124049 15645.268829 15625.241455 15602.823064 15558.097453
0.502960 0.553998 0.581523 0.637997 0.657574 0.686365 0.695662 0.704882 0.714478 0.751596 0.789929 0.799063 0.808224 0.853345 0.862452 0.871611 0.880857 0.890779 0.901223 0.911784 0.923022 0.941703 0.960729 0.969745 0.987956 0.997674 1.007569 1.017883 1.036608 1.047316 1.056572 1.067817 1.103780 1.112746 1.131658 1.140738 1.149849 1.169038 1.188018 1.223515 1.234219 1.261714 1.270965 1.288706 1.297513 1.323729 1.341257 1.350105 1.358911 1.368001 1.376968 1.385900 1.394664 1.403325 1.412042 1.420746 1.429421 1.438128 1.446734 1.455348 1.481130 1.489732 1.545504 1.554370 1.580836 1.606789 1.624165 1.633148 1.659113 1.667857 1.677792 1.687359 1.705268 1.743385 1.752346 1.763737 1.772593 1.791488 1.800429 1.808955 1.817536 1.834752 1.843311 1.870674 1.879449 1.888044 1.897816 1.909224 1.936866 1.945465 1.962342 1.979855 1.988803 1.997255 2.005815 2.015672 2.024135 2.041109 2.049495 2.057989 2.066494 2.083596 2.092070 2.100558 2.118022 2.134923 2.144270 2.152794 2.162194 2.171537 2.189412 2.207284 2.217285 2.226018 2.250931 2.267616 2.276656 2.285198 2.293477 2.301806 2.310043 2.319602 2.337136 2.353835 2.362012 2.386850 2.394987 2.403230 2.411491 2.419599 2.427881 2.436014 2.444660 2.486096 2.494603 2.503404 2.511635 2.519780 2.527851 2.536018 2.544111 2.552383 2.568444 2.584479 2.592562 2.600650 2.616862 2.625962 2.633920 2.651164 2.658997 2.666927 2.674858 2.682767 2.690598 2.698457 2.714927 2.731941 2.739708 2.747492 2.755368 2.771847 2.780743 2.788685 2.804030 2.820548 2.851285 2.859342 2.874664 2.883707 2.891458 2.899474 2.909872 2.920385 2.928194 2.936044 2.945165 2.954597 2.962433 2.978100 2.986023 2.993577 3.001315 3.008931 3.023973 3.031566 3.039081 3.046601 3.054061 3.069796 3.077522 3.085605 3.093196 3.100677 3.115449 3.122884 3.130307 3.139914 3.147557 3.155162 3.162612 3.170052 3.177549 3.185416 3.194172 3.202318 3.209707 3.217207 3.224498 3.239106 3.246607 3.254515 3.262101 3.269423 3.276677 3.313594 3.320886 3.328221 3.335531 3.342797 3.350119 3.357425 3.372173 3.379417 3.387088 3.395046 3.402444 3.410489 3.417782 3.424957 3.439206 3.446532 3.453703 3.461008 3.477567 3.484700 3.491803 3.498906 3.506329 3.513643 3.521662 3.531319 3.538993 3.546314 3.554011 3.563728 3.573033 3.594426 3.602251 3.609316 3.616446 3.623590 3.639305 3.647126 3.654119 3.661383 3.679748 3.687536 3.694623 3.701762 3.708761 3.716079 3.723188 3.730290 3.737445 3.758839 3.766659 3.773765 3.780993 3.788061 3.795214 3.804610 3.811687 3.826169 3.840489 3.847542 3.861646 3.868783 3.875819 3.882866 3.889955 3.897086 3.904136 3.911185 3.918709 3.925794 3.933632 3.941473 3.948491 3.955555 3.963006 3.970149 3.977906 3.987130 4.003559 4.010654 4.017782 4.025531 4.042470 4.049523 4.056486
Elapsed_time: 4.056486
Score: 15558.097453
301
48492.798807 47306.646451 40395.948761 40181.172751 40164.731860 39765.349319 39704.433230 39451.531938 39400.911771 39384.327536 39295.505018 39106.510673 39050.701119 38959.401613 38432.876256 38002.819627 37990.119337 37692.814131 37664.712649 37463.798299 37414.221823 37294.930008 37270.479950 37239.457519 37227.397656 37179.459168 37109.081413 37056.493125 37025.049459 36711.576526 36672.123449 36396.075110 36284.185021 36140.601128 36104.553657 36001.717346 35862.773663 35858.053233 35846.205145 35714.536058 35586.832849 35353.399799 35347.443771 35337.428478 35215.274741 35148.710531 34974.510045 34860.195131 34524.371507 34158.374665 34129.563053 34047.147265 33942.621393 33918.042333 33910.756867 33889.210368 33655.679871 33529.841232 33400.119245 33287.954106 33231.611866 33146.550350 33034.167121 32787.779961 32655.807681 32649.953420 32389.598368 32243.636343 32221.618206 32019.346040 32011.969384 31987.789388 31930.498841 31811.622964 31610.013668 31480.984085 31438.223790 31362.564040 31240.719498 31181.081887 31136.806249 31093.532583 31060.279888 31058.794922 30991.595061 30960.249403 30854.024925 30822.228073 30709.923960 30543.416080 30376.637615 30333.926971 30088.600162 29986.051746 29963.838822 29953.292675 29917.013032 29858.688187 29846.845586 29695.102494 29515.742611 29396.966131 29249.347475 29113.869651 28953.461425 28907.257860 28874.722645 28787.664273 28692.034115 28470.684367 28407.873619 28348.339403 28284.269902 28283.942587 28281.383545 28248.104138 28214.448904 28194.572140 28147.790258 28043.751334 27855.977401 27830.713382 27826.198546 27634.119264 27577.989234 27535.735696 27468.371603 27311.456883 27290.488406 27268.493622 27093.765735 27086.709393 27006.716237 26946.183744 26902.006927 26866.672515 26841.286685 26791.340105 26558.901293 26540.494681 26466.149686 26363.046753 26174.513944 26123.924706 26028.077635 25938.145068 25707.163689 25624.541060 25560.526136 25507.963794 25505.501945 25467.483161 25465.778211 25462.164957 25417.724912 25311.344725 25225.305168 25106.152248 25033.331346 24916.299765 24833.170126 24790.805392 24704.058439 24578.283655 24396.400736 24173.321837 24092.474863 24075.874958 24037.273693 24025.771504 23960.871844 23940.054735 23932.759144 23899.906680 23858.603067 23784.837138 23774.132264 23720.762474 23558.755764 23433.292758 23394.002938 23381.895036 23337.615181 23327.460968 23219.014046 23140.246918 22949.139217 22835.515154 22697.919685 22613.037097 22451.536724 22393.888789 22269.959703 22210.847189 22131.237785 22001.842044 21809.861083 21804.719561 21752.034693 21720.885836 21695.753747 21566.648067 21492.387054 21383.309634 21264.034492 21198.982605 21107.973527 21018.843917 21014.929866 20955.845655 20941.962036 20929.353332 20810.337781 20697.304306 20643.820374 20589.935893 20534.522657 20470.412941 20354.896336 20335.144247 20274.461161 20160.113666 20024.333114 19964.373019 19954.399692 19911.094253 19839.516059 19751.303103 19739.737419 19662.868868 19588.732660 19502.512942 19470.540335 19408.734252 19340.559652 19240.100293 19096.361362 19073.399920 19013.273927 18958.031079 18902.260111 18810.150535 18796.227816 18752.328795 18697.673410 18668.586144 18594.059247 18536.560168 18488.297619 18439.535921 18368.419921 18354.215886 18349.333286 18317.876381 18288.007958 18249.629281 18173.906477 18156.829998 18156.237250 18100.738331 18085.535729 18004.139118 17950.742744 17904.376587 17820.652449 17770.181049 17718.987718 17647.362209 17629.702163 17617.985409 17612.168709 17606.134491 17576.184242 17570.277730 17557.951558 17496.033645 17433.274754 17379.885062 17376.689027 17370.984750 17354.668471 17337.024048 17302.423729 17258.052272 17195.484019 17146.326884 17113.011299 17080.685213 17069.917402 17047.247678 17018.401440 16971.018295 16923.943692 16914.388255 16878.689834 16846.734245 16758.795949 16743.305464 16726.956637 16699.448515 16645.117998
0.512404 0.561795 0.626730 0.686358 0.696674 0.706978 0.728882 0.739097 0.748353 0.758094 0.769989 0.779318 0.808309 0.817577 0.826861 0.835987 0.854221 0.863457 0.873592 0.882700 0.891856 0.910033 0.941553 0.952545 0.982295 1.002047 1.012174 1.021638 1.033418 1.042679 1.060698 1.069897 1.078825 1.088632 1.098420 1.107693 1.116993 1.144922 1.183898 1.213707 1.222722 1.232221 1.241035 1.269547 1.280720 1.291963 1.301356 1.311261 1.320515 1.329798 1.347376 1.364852 1.382405 1.391171 1.426318 1.435199 1.453534 1.462386 1.471379 1.481059 1.499879 1.508806 1.517793 1.526907 1.545598 1.589224 1.597894 1.606909 1.615921 1.631315 1.656542 1.675275 1.684307 1.693120 1.703412 1.720567 1.738058 1.747048 1.756586 1.774050 1.782765 1.801045 1.818551 1.827152 1.836341 1.845106 1.853796 1.881395 1.890331 1.899130 1.908029 1.925862 1.935005 1.943647 1.952178 1.969939 1.980218 1.989857 2.000454 2.008937 2.017497 2.026004 2.035894 2.044332 2.052742 2.061172 2.069986 2.078397 2.095359 2.103731 2.129422 2.137837 2.146355 2.155131 2.198954 2.207959 2.225836 2.234452 2.243206 2.251999 2.260483 2.269029 2.302925 2.312105 2.329412 2.338403 2.347463 2.355851 2.364328 2.381643 2.390642 2.398825 2.407031 2.415447 2.424578 2.433328 2.442233 2.450529 2.460625 2.477213 2.485768 2.494847 2.504088 2.521135 2.531711 2.540729 2.551275 2.568931 2.577056 2.585110 2.618721 2.628523 2.636732 2.660975 2.669083 2.677121 2.693276 2.701492 2.710456 2.726486 2.734588 2.743095 2.751490 2.760063 2.775999 2.783912 2.791892 2.818304 2.827550 2.845398 2.853278 2.878340 2.886969 2.896234 2.904233 2.919901 2.935574 2.943833 2.951802 2.960293 2.975992 3.000071 3.008080 3.016075 3.023904 3.031800 3.040261 3.048269 3.056371 3.064713 3.072561 3.080386 3.088114 3.095879 3.103651 3.112504 3.120639 3.136097 3.144422 3.162788 3.170584 3.194944 3.210774 3.218510 3.226470 3.241808 3.249569 3.279860 3.311558 3.320714 3.337143 3.344782 3.352789 3.360799 3.368379 3.376046 3.383545 3.391067 3.398549 3.413482 3.420987 3.428476 3.435975 3.443335 3.465434 3.472827 3.480310 3.487744 3.495197 3.502651 3.510047 3.517599 3.524992 3.532317 3.539884 3.547203 3.555522 3.570545 3.577904 3.585262 3.593190 3.600833 3.608858 3.617134 3.624371 3.632374 3.639798 3.647183 3.656128 3.664055 3.672628 3.680177 3.702318 3.709535 3.716763 3.724024 3.745681 3.752884 3.774639 3.781989 3.789208 3.797003 3.804181 3.840955 3.848172 3.855396 3.862550 3.869730 3.885732 3.893336 3.923975 3.931193 3.938399 3.945613 3.952721 3.959868 3.967183 3.975057 4.006744 4.013855 4.020927 4.043684 4.058569 4.065961 4.074185 4.081680 4.088930 4.096280 4.111728 4.119207 4.127521 4.143049 4.151781 4.166179 4.174187 4.181746 4.189068 4.211947 4.219087 4.226260 4.233443
Elapsed_time: 4.233443
Score: 16645.117998
301
55462.336026 54225.335783 46658.666416 46619.332182 45607.353356 44884.343656 44860.109861 44848.094266 44758.391805 44714.315249 44469.764137 44073.744583 43607.646485 43122.806367 43004.716843 42988.469972 42905.251283 42811.319528 42780.880449 42748.451505 42579.496782 42246.313231 42187.622156 41902.139465 41660.150310 41395.875878 41093.162308 40997.640499 40678.185562 40653.002276 40521.158696 40509.926095 40500.862741 40410.126066 40259.929330 39996.191404 39966.991543 39962.774939 39917.784651 39804.686393 39784.523014 39727.671702 39568.805382 39291.584390 39275.515846 39248.652176 39179.535733 39053.921587 38932.036316 38819.072845 38671.098310 38524.306128 38507.573605 38363.934447 38083.188007 37681.696743 37474.346584 37469.661528 37427.654066 37332.362353 37265.790282 37227.099966 37209.280006 37173.523961 37164.169785 37131.213410 37010.743464 36978.951531 36766.470294 36672.141707 36549.995518 36372.523059 36229.286914 36225.902055 36199.318624 36133.908767 35905.161481 35394.284996 34757.937063 34539.117862 34512.350141 34381.873110 34347.276104 34338.700565 34288.431629 34207.079628 34140.326221 34130.250648 34112.163536 34082.372928 34031.983611 33937.507424 33640.508008 33604.238587 33505.833784 33491.467109 33478.702553 33417.358051 33328.224728 33314.625540 33292.777715 33171.249283 33003.710603 32497.387520 32168.209678 32157.300975 31960.217821 31877.254452 31767.969820 31440.541368 31122.724982 30870.144006 30835.056772 30805.813981 30788.127887 30777.456635 30735.489335 30675.815326 30596.487130 30477.205030 30364.025706 30209.200663 30181.919746 30053.010864 29980.507163 29832.305056 29819.049501 29754.000540 29675.390241 29666.114675 29661.709601 29622.052342 29612.276770 29561.303763 29444.312399 29322.185378 29244.880907 29157.482614 28911.628709 28885.056557 28873.993204 28834.041731 28750.507872 28653.642128 28516.549415 28389.825665 28358.944184 28286.452450 28147.694956 27884.454653 27784.192474 27746.769378 27660.009990 27543.662405 27409.113180 27344.361849 27200.337038 27194.465027 27192.463439 27154.233602 27136.664832 27120.214633 27068.774136 26880.801888 26560.006507 26468.104940 26425.966487 26378.320996 26291.364670 26100.876024 26028.424426 26015.266107 25998.348372 25879.544141 25831.128730 25825.203938 25737.639340 25625.940343 25452.333544 25423.162432 25415.434874 25329.410246 25291.431517 25229.530209 25189.291492 25154.886353 25109.902956 24977.177777 24866.727797 24862.757343 24756.722931 24676.352649 24670.726750 24607.646926 24529.037059 24383.821569 24261.078963 24217.410182 24146.830651 24096.559891 24067.132257 23986.985998 23912.543478 23843.636357 23722.955613 23551.959733 23525.789245 23440.176995 23316.225385 23139.936319 23070.808949 23057.085157 22997.711599 22914.206712 22706.522915 22698.474922 22695.087947 22657.571161 22628.892626 22553.204669 22383.579723 22287.385833 22192.615949 22093.855296 21972.746143 21891.060983 21881.947749 21836.746107 21794.974643 21742.735910 21653.118427 21617.856596 21586.501566 21512.067993 21422.239631 21298.335013 21290.252670 21256.909018 21207.997445 21097.567182 21024.715193 20907.353365 20792.828334 20738.743186 20664.340821 20560.098170 20554.579156 20517.164818 20435.827648 20349.111873 20217.507653 20135.493358 20075.482052 20022.080737 19950.589467 19863.334845 19838.750457 19819.469759 19787.035190 19727.271092 19687.279850 19609.818417 19559.057998 19478.162725 19403.560419 19319.201260 19247.568745 19226.007188 19196.971213 19145.072142 19056.387597 19027.294182 19023.010526 19001.243140 18980.385993 18936.161810 18864.793623 18832.664655 18799.924472 18762.148747 18661.702469 18637.668506 18592.978809 18543.994828 18466.757410 18421.966540 18349.560841 18286.197778 18263.627242 18224.864080 18165.413056 18086.738476 18079.796735 18061.725820 18034.599068 18003.268898 17926.984523 17890.471555 17842.968548 17800.097519 17758.741878
0.507665 0.556064 0.565518 0.584890 0.594462 0.604641 0.633410 0.673238 0.693306 0.702847 0.712160 0.721549 0.731943 0.777181 0.799856 0.818609 0.827956 0.846571 0.855830 0.895332 0.905575 0.924567 0.952626 0.962188 0.971458 0.980949 0.991134 1.002473 1.012111 1.021681 1.030959 1.049438 1.068345 1.086830 1.096708 1.145508 1.172951 1.209526 1.218652 1.238699 1.249045 1.258290 1.267532 1.277319 1.298503 1.326481 1.335577 1.345253 1.356076 1.365198 1.374227 1.383362 1.401428 1.428533 1.437489 1.446521 1.455446 1.473337 1.482257 1.491164 1.509019 1.520207 1.561623 1.570901 1.608509 1.617561 1.626656 1.635675 1.644602 1.653568 1.662666 1.671619 1.711470 1.757464 1.766349 1.775322 1.784186 1.819519 1.828347 1.845876 1.872470 1.881730 1.890566 1.900866 1.910808 1.919807 1.928714 1.937575 1.964105 1.973070 1.982197 1.992718 2.010944 2.047309 2.056202 2.074850 2.101586 2.119405 2.128228 2.146183 2.155447 2.165214 2.174031 2.182725 2.191421 2.217339 2.226016 2.234788 2.243493 2.252167 2.269451 2.286582 2.312399 2.321046 2.331496 2.366355 2.375157 2.384637 2.393357 2.420418 2.439321 2.447813 2.476802 2.485332 2.493947 2.502351 2.532208 2.543047 2.560094 2.568565 2.602661 2.611644 2.631624 2.640217 2.650160 2.668580 2.677728 2.686830 2.695397 2.713108 2.730424 2.738778 2.747173 2.755567 2.764035 2.772409 2.798478 2.806815 2.815148 2.823482 2.840489 2.848764 2.857963 2.866312 2.874627 2.883061 2.891922 2.909135 2.934412 2.942989 2.959696 2.978034 2.987700 2.996245 3.004384 3.029409 3.047132 3.064386 3.072956 3.081277 3.089583 3.106910 3.140960 3.149029 3.157125 3.174502 3.183624 3.200849 3.211359 3.229732 3.246163 3.254144 3.262098 3.270026 3.285759 3.301575 3.309506 3.317371 3.325265 3.358691 3.375373 3.391281 3.407380 3.415305 3.423284 3.431164 3.439020 3.446928 3.454775 3.470564 3.487517 3.495811 3.503633 3.511422 3.520604 3.528623 3.545688 3.553455 3.561492 3.570823 3.578738 3.595001 3.603137 3.611933 3.619865 3.635942 3.651187 3.659440 3.669974 3.677643 3.685439 3.693146 3.700891 3.708557 3.716285 3.724466 3.739896 3.747508 3.755357 3.763044 3.770584 3.778206 3.785708 3.793191 3.800646 3.808068 3.830500 3.837924 3.846097 3.853529 3.860928 3.868399 3.875881 3.891425 3.900091 3.908689 3.918312 3.928331 3.938910 3.946783 3.954130 3.983688 3.991035 3.998388 4.006356 4.013670 4.020975 4.028403 4.036724 4.044884 4.052247 4.059599 4.067072 4.074499 4.081824 4.089485 4.096834 4.112389 4.119633 4.126871 4.134029 4.148436 4.162768 4.170061 4.177402 4.184572 4.200491 4.215735 4.223765 4.231531 4.239925 4.254815 4.262736 4.269901 4.276991 4.284106 4.291272 4.298396 4.305496 4.312599 4.319789 4.326948 4.348217 4.355308 4.362428 4.369611 4.376851 4.392553 4.399745 4.408493 4.415703
Elapsed_time: 4.415703
Score: 17758.741878
