5
301
1550608.844779 1493846.367474 1451851.110148 1418842.711078 1369245.081139 1260874.596744 973533.075393 597818.437719 447850.101991 333899.211848 252281.868112 228558.676631 173223.151009 132684.174179 118284.685823 116834.480948 115759.145834 115020.459985 114580.553672 113604.646722 113312.895354 112836.573107 108347.486558 99567.870408 99508.085525 99115.941043 99043.155788 97684.214402 97306.709094 97051.310717 97014.430213 96498.658336 96266.238009 96257.305624 96161.776303 95998.400995 95858.736886 95762.431823 95383.942160 95123.720860 93834.106038 92839.336569 91009.815329 89808.023987 89806.111773 89758.202258 89704.699691 89685.485857 89558.781183 89511.143114 89470.711175 89279.468363 89192.692385 88540.549026 87978.851016 85924.978667 85653.758882 85549.794661 85384.489118 85155.046818 85085.292730 84941.989271 84924.198324 84872.001984 84853.038268 84783.477762 84671.153021 84378.890837 84040.032979 83889.924818 83179.874394 81878.878917 80041.894005 79495.376650 79363.208878 79269.520430 78821.342415 78365.417983 78331.401919 77997.363467 77962.826943 77531.503588 77301.420080 76328.445694 75613.687631 75514.897986 75494.885851 75433.300503 75415.756975 75403.026594 75348.215319 75334.511146 75256.373060 75095.888262 75005.472676 74646.597281 74435.214392 74027.984114 74016.268126 73612.825358 73515.243950 73475.035348 73357.461232 73180.520191 73147.221408 73044.369135 72845.131288 72561.964773 72473.782729 72469.389854 72406.694185 72340.075443 72179.021640 72072.431670 71920.997742 71870.512813 71737.915621 71699.984798 71366.370445 71010.651932 70995.621055 70809.690823 70688.742563 70617.074558 70577.473108 70547.046137 70490.650108 70398.286349 70362.810498 70277.051612 70274.201794 70219.462251 70194.357031 70033.680240 69910.927767 69555.632181 69544.189863 69511.768574 69431.963880 69376.583810 69372.014154 69280.138000 68907.818714 67900.449058 67438.907094 67415.201467 67325.529097 67232.205192 67226.976498 67159.631418 67065.682901 66883.148783 66500.198915 65985.068234 65536.381844 65339.346854 65334.542081 65175.144890 64762.967997 64590.573378 64523.468429 64207.281226 64082.275353 64012.056087 63939.250853 63932.359350 63878.115581 63783.772311 63650.726530 63348.408702 63301.361992 63226.532504 63199.833906 63187.631030 63163.571215 63057.688287 62793.109456 62556.629368 62239.757206 61818.609747 61028.392023 61015.736928 61012.027961 60972.103857 60911.089393 60860.684694 60679.570400 60371.491851 60050.860954 59850.421298 59600.084962 59242.460076 58850.935717 58625.350850 58569.102488 58542.180094 58431.970510 58369.522809 58175.889815 57927.419988 57426.035442 56694.418010 56641.297764 56636.561492 56527.113023 56131.303133 56075.193843 56049.900864 55971.138676 55823.919157 55725.772169 55718.466996 55629.971423 55595.432177 55595.122680 55568.783901 55471.040020 55439.699084 55347.415233 55162.515961 55127.403276 55106.264795 54950.153919 54134.385708 53333.518575 53283.240100 53263.045321 53239.910355 53225.808057 53168.002180 52861.694061 52853.074466 52758.040901 52574.523813 52560.129751 52498.343927 52479.141935 52460.259130 52374.668793 52270.706239 52154.836787 52092.501264 51714.425397 51495.623811 51391.160684 50962.467710 50741.638164 50667.693587 50548.776694 50394.009298 50140.609502 49973.601549 49964.522921 49528.550729 49352.403656 49091.700290 48998.448024 48953.811412 48845.786535 48753.432765 48553.990710 48259.057259 48039.822296 48035.553495 47942.555363 47900.414106 47828.403480 47603.865324 47286.848820 47285.921794 47181.916711 46935.392857 46720.996702 46680.748344 46492.015305 46343.686034 46342.644505 46282.926863 46227.108639 46199.422023 46156.906409 46119.531703 46073.292836 45812.925899 45626.708837 45486.584153 45474.803808 45431.826550 45396.169277 45301.893210 45163.466987 44873.626004 44509.508178 44198.507936 44084.730896 43860.521626 43822.421568 43705.380687 43644.728124 43564.536664 43530.590852
0.000045 0.023054 0.034552 0.045792 0.057579 0.068272 0.079219 0.089692 0.100939 0.111504 0.122169 0.132743 0.143139 0.153689 0.164228 0.174590 0.185761 0.196153 0.206537 0.216983 0.237690 0.248234 0.269062 0.279639 0.311456 0.333790 0.365869 0.376500 0.397864 0.408465 0.466274 0.476910 0.498200 0.522339 0.533121 0.543697 0.554304 0.565121 0.575733 0.597930 0.610163 0.621011 0.631615 0.652769 0.741433 0.762689 0.774384 0.817503 0.829181 0.840670 0.853710 0.864766 0.875632 0.886590 0.907964 0.919300 0.930945 0.975307 0.986078 0.996825 1.062991 1.073716 1.095369 1.116710 1.148763 1.159506 1.172701 1.185694 1.196408 1.207709 1.229148 1.239845 1.250680 1.261348 1.284001 1.295805 1.307357 1.317959 1.349768 1.403686 1.414822 1.457897 1.468552 1.511422 1.534646 1.545869 1.609077 1.620283 1.652882 1.684782 1.695617 1.729481 1.740124 1.751040 1.772558 1.808058 1.819820 1.830952 1.841630 1.852343 1.873882 1.884694 1.895412 1.907512 1.941555 1.952214 1.964091 1.976887 2.010963 2.046053 2.058283 2.070257 2.082763 2.105057 2.115662 2.138814 2.151113 2.162723 2.188910 2.223795 2.269497 2.281326 2.292515 2.351012 2.406804 2.419583 2.430058 2.440655 2.452503 2.463699 2.508108 2.518704 2.529633 2.540367 2.551023 2.582734 2.625943 2.636511 2.670752 2.692891 2.715082 2.727793 2.738860 2.762491 2.796380 2.841802 2.853667 2.897178 2.951077 2.961861 2.972489 2.983527 2.995278 3.008212 3.018972 3.040264 3.084262 3.094719 3.105141 3.115615 3.146863 3.190089 3.242960 3.264092 3.274660 3.319446 3.329971 3.340723 3.351694 3.374833 3.397056 3.407634 3.419437 3.475827 3.507796 3.519808 3.530663 3.541133 3.558806 3.570738 3.592284 3.645311 3.677001 3.687749 3.698887 3.711455 3.722794 3.733634 3.744033 3.754408 3.764707 3.797279 3.807663 3.854797 3.875677 3.886151 3.896976 3.909139 3.920166 3.932599 3.942933 3.985977 4.016898 4.069890 4.081804 4.156408 4.210805 4.244484 4.276623 4.286852 4.308209 4.352036 4.375376 4.385630 4.395853 4.426817 4.437047 4.447359 4.469854 4.480117 4.500956 4.542108 4.552502 4.562892 4.573470 4.595261 4.605460 4.649405 4.680498 4.690817 4.702848 4.725542 4.735932 4.767046 4.807907 4.818950 4.831219 4.853449 4.864011 4.874175 4.885039 4.905595 4.916848 4.929762 4.941176 4.963207 4.974704 4.996896 5.007534 5.017980 5.028080 5.038075 5.090198 5.100396 5.120853 5.131052 5.151822 5.162816 5.172873 5.183098 5.193193 5.204095 5.214095 5.234060 5.244308 5.254306 5.264338 5.274348 5.284382 5.305396 5.316647 5.326712 5.348012 5.358282 5.368215 5.430590 5.459935 5.489970 5.499801 5.509632 5.519455 5.539088 5.548924 5.558752 5.568644 5.588376 5.638661 5.648466 5.658382 5.669001 5.680654 5.712064 5.722214 5.732246 5.742903 5.752502 5.762549 5.772343 5.782046 5.791663 5.801349
Elapsed_time: 5.801349
Score: 43530.590852
301
1562188.953081 1507410.872689 1471405.666657 1431699.830948 1376610.507680 1159382.889051 832252.879953 580791.200659 427812.936657 340531.856431 273329.796524 236422.344129 162305.097491 128334.054399 117853.639586 116352.333775 114499.234552 113051.422285 111985.798715 109275.736961 106177.501750 102574.836133 101626.473890 101546.936244 101507.018659 101174.486856 101096.273359 100876.173876 100453.475878 100090.999619 99828.018823 99594.089602 99249.484020 98920.544004 98704.259981 98543.778414 98326.015550 97982.370364 97657.198518 97238.388643 96636.406683 96381.660870 95902.228695 95671.141376 95501.072860 95329.162597 94124.329058 93065.981657 91783.736285 91552.521936 91548.908851 91412.819659 91410.794018 91304.095091 91190.762494 90949.182154 90630.035026 89875.486416 88882.741963 87811.644346 87774.384102 87763.277714 87567.648965 87449.096532 87370.776147 86787.174924 86523.702624 85610.832548 83085.381697 80451.157886 78927.719479 78348.035423 78024.107514 77972.908108 77667.351288 77568.910680 77494.637286 77430.775643 77381.264771 77010.104737 76500.301417 75288.501911 73683.721084 73459.375262 73399.592832 73341.597979 73299.365933 73169.758275 72953.419618 71970.236706 71048.138385 70404.206677 70262.087926 70168.832809 70139.960999 70122.902682 69924.858267 69861.102134 69853.978539 69814.443378 69777.510582 69666.639508 69547.512918 69464.063260 69192.442791 68478.652035 67825.795283 66451.422630 65321.527707 64697.770490 64681.821466 64140.907219 63599.238591 63157.674435 63106.236161 63010.401769 62930.594236 62907.010347 62810.287705 62765.691647 62705.475917 62669.016173 62429.148613 62341.600860 62285.637157 61853.990709 61657.037447 61238.724493 61229.655657 61114.661645 60949.486562 60847.592386 60771.119236 60566.271377 60430.439774 60398.836567 60351.887076 60277.260527 60108.703396 59976.419128 59966.203702 59957.518541 59928.398302 59897.280279 59871.937345 59807.223583 59668.072246 59586.553391 59477.690939 59378.783683 59299.382709 59281.057302 59273.922901 59209.552617 59146.957516 59072.917198 59021.601950 58730.097453 58641.644426 58527.892485 58460.149584 58268.522123 58125.680441 58064.613299 57981.251970 57702.975153 57636.790934 57333.956821 57140.977628 57078.203889 56932.414629 56912.940177 56911.075043 56840.918905 56793.681922 56568.535991 56237.627588 55876.694715 55284.276602 54871.012077 54427.423946 54328.437072 54195.745400 54161.345190 54002.365698 53901.685946 53839.799279 53780.816031 53736.638660 53649.599391 53479.163059 53429.595965 53287.220714 53203.383443 53196.658397 53128.100276 53120.820444 53118.102704 53082.393092 52980.224591 52848.654834 52580.564330 52082.295957 51674.739514 51478.524434 51322.973441 51191.722873 51184.981132 51060.927316 50966.483635 50861.915192 50722.257872 50448.409832 50121.746800 49991.436685 49805.666041 49794.914179 49677.167785 49648.168577 49511.445079 49249.949129 49248.861098 48993.686251 48958.817895 48864.965572 48827.415106 48653.839919 48431.577844 47962.468317 47619.268698 47387.976618 47243.031637 47109.055875 47081.645793 47007.494431 46914.323746 46863.771092 46415.135611 46068.885543 45995.573944 45950.844008 45659.803200 45645.267744 45532.752431 45429.562599 45410.700657 45358.568143 45352.103733 45291.659367 45205.110879 44959.200890 44622.870068 44264.857216 44031.995507 43847.564399 43753.239658 43667.927509 43614.531870 43601.324880 43560.133487 43545.061617 43527.189319 43510.626027 43475.712383 43438.389600 43289.442847 43012.895944 42778.288485 42762.146988 42663.370089 42567.389705 42396.007617 41876.792669 41727.965404 41659.595491 41597.268954 41556.673806 41529.782832 41509.039879 41488.207049 41482.714891 41439.993509 41385.139472 41339.654180 41327.611124 41308.267463 41235.766694 41217.449617 41134.237455 41121.566077 41117.902191 41012.970782 40950.803209 40897.325254 40801.837375 40597.953753 40482.597264 40461.267634 40256.125553 40186.284412 40150.204964
0.000045 0.022212 0.033054 0.044008 0.054898 0.065729 0.076437 0.087533 0.099904 0.110323 0.120684 0.131444 0.144081 0.154944 0.165400 0.175704 0.186072 0.196905 0.207532 0.218483 0.229049 0.240425 0.296693 0.317960 0.349995 0.360903 0.372401 0.395813 0.406443 0.417093 0.428153 0.439187 0.450201 0.461628 0.472252 0.482888 0.493456 0.503925 0.514418 0.535517 0.546555 0.568079 0.578727 0.600222 0.610755 0.621487 0.653250 0.663903 0.674570 0.740403 0.786270 0.819854 0.875305 0.885957 0.898110 0.911789 0.922899 0.950414 0.963154 0.985117 1.029273 1.072829 1.084785 1.096538 1.109193 1.122645 1.133349 1.143948 1.154663 1.221075 1.231708 1.242336 1.264283 1.309673 1.320427 1.331143 1.352347 1.363046 1.384254 1.394916 1.405551 1.416919 1.427811 1.459754 1.481093 1.524598 1.546325 1.556988 1.567940 1.579435 1.600725 1.611804 1.668149 1.712850 1.735944 1.757205 1.780046 1.812653 1.846082 1.856899 1.867942 1.878915 1.900026 1.924903 1.937017 1.948152 1.958777 1.969536 1.980053 1.990735 2.078713 2.089891 2.143748 2.154350 2.177324 2.200352 2.210970 2.221595 2.232545 2.253595 2.275579 2.309298 2.320041 2.342037 2.353308 2.365097 2.375707 2.389706 2.413371 2.424276 2.469413 2.480569 2.491157 2.523009 2.535807 2.586666 2.599143 2.610383 2.655496 2.713038 2.744361 2.787688 2.834608 2.846137 2.871763 2.882267 2.894630 2.905189 2.915805 2.926385 2.950278 2.961508 3.042307 3.052922 3.063303 3.073752 3.084290 3.095692 3.116936 3.127970 3.138580 3.149288 3.159863 3.170376 3.189181 3.199877 3.220693 3.231194 3.251942 3.262466 3.294093 3.314991 3.358967 3.370931 3.382772 3.393131 3.403588 3.424404 3.435952 3.447967 3.479742 3.500569 3.534136 3.555590 3.565961 3.577386 3.587888 3.598329 3.609036 3.619509 3.629844 3.650519 3.660730 3.682725 3.725410 3.735736 3.746384 3.791070 3.801994 3.812828 3.823546 3.833807 3.877204 3.940011 3.951496 3.961650 3.971789 3.984177 3.996336 4.006836 4.017144 4.028400 4.038677 4.059986 4.070439 4.115467 4.145604 4.155739 4.175797 4.196167 4.240004 4.270279 4.280362 4.310436 4.320425 4.330454 4.360548 4.370858 4.381214 4.392698 4.403170 4.415193 4.425776 4.437664 4.457947 4.468465 4.478759 4.488884 4.500880 4.532173 4.542056 4.551770 4.602604 4.612752 4.624051 4.643588 4.653323 4.672806 4.682552 4.692269 4.702034 4.712073 4.721848 4.732375 4.742439 4.752253 4.762388 4.772169 4.782655 4.802342 4.812070 4.832011 4.841704 4.851537 4.861454 4.871185 4.882208 4.913779 4.933100 4.943295 4.953851 4.964093 4.973906 4.983429 4.993210 5.003086 5.034858 5.054886 5.065082 5.095425 5.114582 5.124711 5.134177 5.143625 5.181339 5.190751 5.200247 5.219834 5.229216 5.238646 5.267619 5.277815 5.288047 5.307437 5.318871 5.329653 5.339222 5.348512 5.358626 5.368737 5.379233
Elapsed_time: 5.379233
Score: 40150.204964
301
1530408.217282 1475391.244018 1438065.374414 1400785.933543 1352745.953480 1214479.486496 741249.087803 590749.449531 410076.622118 299782.076192 222174.030315 200968.945403 174414.648773 133868.131036 121184.860521 120870.458042 120742.001156 120126.124541 119106.090943 116813.852491 113528.876743 112380.167870 109756.392362 94181.053334 94171.673265 93716.283554 93315.561371 93280.522433 93056.044824 92943.452090 92785.079847 92709.868490 92112.297732 91122.591986 90302.806063 88609.781967 87663.850633 86836.707576 85223.529615 84827.666482 84492.370027 84063.536996 81735.421962 81718.113925 81618.551753 81577.393473 81446.807731 81384.276443 81302.278988 80922.681634 80766.141789 80232.503369 79812.205150 79722.277551 79228.554077 78014.770765 77575.185890 77338.977087 77037.335097 76821.398515 76794.828012 76645.393787 76529.961957 76501.466989 76335.481369 76258.506845 76153.339577 76125.032465 76119.825094 76066.321196 76007.103146 75820.883633 75469.086831 75190.606499 74941.310547 74888.910137 74832.134385 74772.238008 74695.991291 74510.377399 74180.548245 73716.488418 73195.772241 72485.425681 71965.566484 71570.251560 70845.922814 70768.850630 70765.723265 70744.288177 70546.143853 70517.774833 70510.708325 70466.140438 70409.496980 70298.529692 70075.327915 69873.704439 69819.839400 69634.643856 69530.438461 69243.786863 68854.992028 68734.877377 68658.179658 68493.818036 68472.244590 68450.592864 68360.305992 68290.668613 68157.395467 68123.695226 68106.651022 68001.584587 67904.896347 67643.119256 67397.791537 66755.532621 66692.782394 66592.660642 66291.832883 66146.128501 66087.897887 65985.051779 65838.812613 65834.817502 65713.788469 65569.301188 65285.690910 65177.221785 65089.107646 64928.204051 64925.307591 64805.951004 64713.483324 64521.360669 64350.275835 64332.868155 64263.314303 64186.443353 64118.476294 64001.288391 63777.292764 63683.098577 63553.515317 63387.160745 63019.925646 62990.963950 62819.224771 62802.853524 62678.913286 62661.062634 62642.381636 62622.839026 62533.544890 62449.317241 62428.268721 62391.955144 62388.936027 62328.812071 62212.998174 61995.383984 61734.827806 61690.414145 61546.149439 61480.365376 61345.085771 61256.781132 61172.045111 61161.169479 61113.183295 60928.129038 60863.062669 60757.698889 60725.409397 60644.156375 60628.033943 60591.011849 60444.673524 60264.923911 60235.443023 59980.657051 59702.073673 58448.268306 57944.449360 57929.847069 57232.436450 57168.123621 56888.141016 56755.221191 56624.269867 56617.696844 56152.960047 55934.563764 55815.660335 55578.437437 55477.790150 55121.775965 54525.461388 53837.540155 53210.797573 53099.093827 52940.217960 52908.431029 52877.072453 52715.230260 52628.895697 52565.838329 52512.891713 52440.715013 52375.317121 52354.481985 52339.223625 52311.757274 52254.032182 52100.920517 51969.327480 51805.342203 51500.931162 51375.494034 51200.122896 50943.968214 50648.882500 50482.719890 50427.828392 50252.235389 50203.074499 50130.946017 49910.541687 49892.369908 49729.168251 49533.953659 49284.148694 49164.432947 49009.484294 48817.858313 48158.173076 48115.484680 48051.319519 48032.866851 48029.280564 48025.120041 47999.395595 47962.606988 47895.278142 47787.209774 47523.050165 47446.366571 47117.901572 47029.151326 46981.695073 46942.567320 46900.911320 46846.798587 46836.505798 46773.742219 46601.577399 46386.127809 45997.206480 45967.354134 45863.106904 45827.836338 45797.108368 45720.247646 45653.582889 45587.350539 45556.895415 45342.359325 45069.504009 44576.241274 44401.280610 44252.029725 44242.893221 44138.913444 44079.755938 43986.177790 43918.447202 43813.800364 43569.269317 43410.615595 43280.100581 43118.103880 43092.216874 43021.802638 42909.748623 42793.624809 42683.638965 42667.138597 42592.367548 42486.916855 42325.222998 42297.021968 42216.288569 42120.183687 41870.302894 41504.783919 41482.397926 41428.841357 41352.064878 41255.300077 41191.621294
0.000063 0.022565 0.033326 0.044222 0.055135 0.065787 0.076385 0.088122 0.098709 0.109222 0.119550 0.129819 0.140007 0.150738 0.161138 0.171642 0.182035 0.192690 0.202910 0.214223 0.224487 0.235188 0.256957 0.291189 0.368144 0.379581 0.390125 0.411473 0.423108 0.433967 0.444594 0.465735 0.487513 0.498787 0.509893 0.520435 0.531137 0.541848 0.553090 0.564014 0.576150 0.587681 0.623372 0.648029 0.691871 0.702546 0.713201 0.723778 0.734388 0.745085 0.755698 0.766848 0.777734 0.789184 0.799820 0.822215 0.832872 0.843500 0.857117 0.868118 0.933533 0.944093 1.023554 1.034091 1.044724 1.065833 1.076465 1.108184 1.152924 1.163689 1.174530 1.185293 1.196430 1.228822 1.239536 1.313856 1.346814 1.368664 1.379337 1.390138 1.400797 1.411500 1.422267 1.445312 1.479178 1.491001 1.526832 1.559475 1.581041 1.602998 1.613948 1.647849 1.691282 1.702909 1.713916 1.724805 1.735591 1.746490 1.758865 1.769776 1.780624 1.791350 1.803169 1.835773 1.857745 1.870882 1.905557 1.964535 1.996531 2.007260 2.017853 2.039095 2.060640 2.072693 2.084803 2.095578 2.106176 2.116790 2.127521 2.138123 2.148728 2.171831 2.216957 2.271925 2.282537 2.314111 2.324612 2.335179 2.345819 2.368682 2.379429 2.390119 2.412916 2.424411 2.479861 2.490588 2.501929 2.525129 2.535694 2.547764 2.559923 2.581381 2.592070 2.602950 2.615466 2.637022 2.647614 2.658948 2.670798 2.703502 2.714779 2.737190 2.770757 2.816427 2.840926 2.851624 2.863435 2.917576 2.949290 2.959774 2.971167 2.982784 2.993622 3.019968 3.031275 3.041817 3.052292 3.073263 3.114958 3.146632 3.157224 3.188728 3.209658 3.220219 3.231330 3.241834 3.253646 3.264277 3.276065 3.289996 3.317929 3.331280 3.342680 3.390730 3.413313 3.481637 3.492235 3.503060 3.515876 3.569332 3.580609 3.592376 3.602992 3.613611 3.624225 3.634798 3.646326 3.658320 3.669101 3.679490 3.690863 3.701621 3.712103 3.734515 3.744792 3.755184 3.765465 3.775791 3.786294 3.839066 3.851070 3.899340 3.945399 3.955661 3.966003 3.987993 4.000076 4.012124 4.025600 4.037966 4.048240 4.058412 4.068469 4.090314 4.110517 4.120561 4.132783 4.143863 4.188028 4.238853 4.249780 4.260163 4.270330 4.280284 4.300383 4.310349 4.330145 4.340018 4.370994 4.390745 4.420372 4.456420 4.470098 4.480010 4.490259 4.501111 4.511267 4.530964 4.570833 4.600826 4.633671 4.643857 4.653733 4.663817 4.708400 4.719770 4.730376 4.740312 4.751077 4.793131 4.803945 4.813863 4.844006 4.853836 4.863554 4.873323 4.904471 4.917895 4.930942 4.941037 4.979387 4.992021 5.004466 5.018356 5.029182 5.040485 5.051786 5.062932 5.073488 5.084126 5.094732 5.106098 5.127378 5.138019 5.148913 5.160151 5.174876 5.220660 5.231221 5.241677 5.252175 5.283466 5.294017 5.305355 5.316569 5.327697 5.348510 5.358963 5.387979 5.397377 5.406760
Elapsed_time: 5.406760
Score: 41191.621294
301
1519317.525230 1465607.971186 1433407.462218 1406205.885823 1361846.806568 1238741.968584 961178.341746 620165.947351 434341.670432 349839.973348 260906.569243 225823.150842 189982.967417 132545.580696 126597.093270 115168.381992 115071.270847 114579.259738 114253.840948 113656.103058 112886.637541 110472.443541 108948.684623 97417.380067 95080.853873 95013.173695 94262.817283 93872.995206 93800.225406 93085.853248 92665.641310 92468.535909 92304.105570 92219.586585 92170.090925 92121.073389 92104.879519 92045.371542 91766.357653 91654.170957 90975.720044 90965.123208 90528.869574 90360.413849 90236.916713 90011.966943 89970.191176 89952.274733 89514.841342 88845.896507 88799.024963 88687.357603 88581.648505 88016.802152 87869.414879 87781.823929 87735.294390 87601.667471 85097.615003 84907.168644 84903.407469 84777.886273 84633.787789 84522.468121 84483.559525 84409.329199 84396.270630 84272.355118 84097.006956 84006.381414 83852.724457 83473.609361 83101.503200 82451.384775 81378.774087 79421.106638 78765.658426 78280.054094 78036.506258 77635.036084 77611.393177 77602.250279 77418.032131 77395.444688 77258.288693 77076.575452 76920.934797 76470.117833 76193.066406 76153.246822 76136.263669 76047.186002 76019.983877 75993.455835 75916.753077 75811.612851 75678.821141 75475.561242 75262.295218 75047.161999 75032.063894 74955.969452 74594.902182 74504.485412 74497.180652 74477.634366 74413.713070 74284.505504 73961.083453 73933.706057 73750.044379 73650.753422 73474.476757 73279.100367 73136.179462 72909.592663 72782.663249 72720.821613 72674.230832 72531.934944 72059.748421 71883.473220 71868.718957 71827.072260 71794.564696 71738.368990 71606.008493 71552.429590 71481.818530 71378.143753 71246.828569 70981.453101 70612.165378 69635.377920 69321.146530 69259.944018 68139.502051 68076.177890 67943.436970 67923.230442 67816.705701 67688.852653 67253.721626 67101.489110 67086.206447 67029.085995 66934.813684 66744.855672 66510.703343 66285.222603 65824.711161 65561.309319 65426.114026 65369.220232 65279.677561 65234.280611 65168.452353 64961.484619 64787.044727 64426.846774 64420.677981 64388.975009 64340.626308 64310.743334 64157.544994 64014.972481 63923.305690 63586.267222 63377.659993 63205.704209 63152.568080 63112.484418 63075.613151 63005.995503 62922.822830 62921.257684 62859.095258 62667.369637 62555.230704 62260.045351 61989.771203 61493.215287 61489.622950 61477.380249 61405.960115 61342.975445 61301.924065 61200.065570 61131.934048 60948.657662 60670.283221 60465.165890 60422.147819 60159.179453 60049.184461 59860.837725 59263.539970 59257.929091 59185.750384 59163.385633 59160.235157 59157.306546 59136.444187 59129.305381 59091.741267 58993.274754 58804.647872 58472.793696 58449.601030 58260.179988 57831.002628 57586.543144 57478.893479 57443.314483 57439.882332 57343.574708 57199.840440 57115.548927 56844.480008 56820.127005 56789.909840 56742.037340 56658.396188 56631.842573 56489.909234 56433.794693 55992.331061 54596.425391 54352.602391 54170.745154 54065.483102 53983.769580 53956.586884 53933.185549 53866.684773 53820.156472 53807.268996 53733.496366 53727.961165 53652.279091 53590.526620 53531.870596 53407.248304 53359.408825 53223.075498 53088.819207 53019.746402 53014.356532 52899.004574 52733.423512 52615.839047 52499.791170 52495.891964 52376.562294 52221.597330 52213.443641 52198.568083 52106.509998 52034.492421 51977.663268 51970.112545 51926.658686 51919.364855 51913.653512 51887.226378 51863.986328 51791.258802 51768.022940 51613.377135 51517.243221 51189.184067 50519.128981 50384.805123 50144.548816 49770.386869 49736.128500 49476.250261 49444.648598 49344.364990 49212.873605 48857.162091 48854.303609 48839.269924 48779.795328 48675.415625 48636.297283 48631.187310 48575.316934 48512.967612 48246.966787 47970.794600 47914.359492 47876.482409 47837.144639 47762.632551 47710.205175 47635.285003 47533.483856 47499.152148 47427.413936 47394.752355
0.000038 0.021568 0.032374 0.043254 0.053921 0.064720 0.075489 0.086793 0.098214 0.111051 0.123256 0.136135 0.146338 0.156471 0.166808 0.177415 0.201124 0.211679 0.223482 0.234464 0.246321 0.258149 0.268639 0.291323 0.303203 0.399957 0.410743 0.454005 0.498536 0.509161 0.543576 0.554259 0.564870 0.587058 0.609234 0.620233 0.704748 0.716148 0.730340 0.743997 0.757170 0.805547 0.816605 0.829570 0.841712 0.864665 0.886168 0.941127 0.952908 0.974965 1.006958 1.017679 1.028430 1.038967 1.052337 1.064014 1.075275 1.086227 1.133892 1.210278 1.265493 1.278708 1.289957 1.300588 1.311187 1.342977 1.354587 1.366413 1.376980 1.387557 1.398217 1.408819 1.431060 1.464465 1.475482 1.486658 1.497241 1.507916 1.519530 1.566569 1.577305 1.634241 1.645194 1.668766 1.679838 1.690684 1.702866 1.713672 1.725034 1.735703 1.768608 1.779551 1.803707 1.825808 1.847137 1.857775 1.868478 1.879374 1.891116 1.936826 1.969602 1.980314 2.012292 2.023084 2.044467 2.089633 2.100175 2.110765 2.163560 2.207891 2.222139 2.235798 2.248130 2.261858 2.273446 2.284005 2.305500 2.316112 2.326849 2.337375 2.358853 2.369538 2.413548 2.427846 2.448949 2.470137 2.481070 2.493316 2.504087 2.515788 2.529036 2.539663 2.550317 2.572481 2.652571 2.685233 2.696829 2.718216 2.729914 2.764032 2.775836 2.786366 2.862512 2.883685 2.945267 2.956267 2.967103 2.977619 2.988188 2.998741 3.009370 3.019996 3.033942 3.059315 3.072274 3.106213 3.118368 3.139556 3.174048 3.209670 3.253560 3.264165 3.274826 3.286880 3.297382 3.307977 3.320003 3.330477 3.341050 3.352406 3.384177 3.416887 3.427822 3.439453 3.461620 3.472161 3.484242 3.496461 3.507708 3.519952 3.530458 3.551918 3.584241 3.669384 3.680559 3.691901 3.702447 3.713067 3.724690 3.735817 3.746540 3.779970 3.791448 3.802408 3.813131 3.825085 3.836326 3.859144 3.902192 3.944211 3.989232 4.021205 4.031805 4.064421 4.076107 4.087053 4.097762 4.108213 4.150531 4.160970 4.181896 4.192305 4.213552 4.266272 4.297779 4.308223 4.365347 4.378531 4.420576 4.431111 4.451971 4.473412 4.483991 4.507833 4.518385 4.540320 4.551966 4.574170 4.586025 4.597642 4.608086 4.639675 4.649997 4.660373 4.692585 4.723318 4.745910 4.798378 4.811519 4.823554 4.845224 4.856323 4.877950 4.899082 4.909347 4.919743 4.941676 4.996392 5.006785 5.017027 5.060191 5.070494 5.104373 5.114754 5.155731 5.187062 5.197279 5.209690 5.223374 5.258565 5.269402 5.279673 5.300278 5.310432 5.342498 5.353121 5.395330 5.406009 5.418189 5.428491 5.440109 5.452280 5.464299 5.494815 5.505052 5.516282 5.558486 5.568776 5.590564 5.600629 5.620690 5.640669 5.680741 5.701294 5.721291 5.762334 5.813682 5.823915 5.834025 5.844049 5.854096 5.864413 5.887056 5.897102 5.907085 5.917209 5.927293 5.937280 5.947227 5.957484 5.967500
Elapsed_time: 5.967500
Score: 47394.752355
301
1516178.363883 1463754.756524 1427750.176118 1396866.492557 1358888.444975 1216416.470740 868057.576100 581824.082389 438951.574292 316337.925257 268233.513001 229695.252576 200356.787422 135663.069690 126414.475777 118700.072100 115646.926266 114792.224861 114023.133929 113289.038046 112707.010780 112365.405249 110982.233806 108924.615581 101622.679922 97436.935096 97326.038474 97214.281129 97018.628503 96846.751781 96361.752280 96176.213605 95515.620963 95468.469855 95287.998505 94834.121199 94664.117933 94589.608563 94439.304404 94282.753288 94165.988100 93882.772575 93748.128259 93705.167696 93618.025082 93407.662009 93093.914528 92953.436235 92811.046028 92604.583921 91965.022538 91914.714239 91909.137947 91731.482907 91654.829702 91532.085996 91275.521907 90903.345147 90832.954427 90706.567406 90648.521104 89934.849980 89811.539557 89789.933667 89585.569462 89408.494069 89361.204897 89301.775970 89112.855375 88934.106728 87457.531525 85805.654914 85566.437639 85370.491019 85352.848060 85340.355844 85169.453373 85056.935158 84903.098849 84838.950198 84699.439680 84531.812619 84292.241846 84080.890439 83507.733139 81044.920735 80747.634505 78848.248784 78839.420410 78127.248039 78069.389983 77996.995826 77817.459971 77626.003784 77582.142494 77469.434891 77411.605698 77400.095365 77347.518089 77266.142258 77129.094029 76921.640628 76894.843232 76567.272744 76362.067296 76277.458729 76271.222284 75967.483227 75822.735490 75758.544716 75482.556609 75354.962400 74835.474924 74261.311443 73016.508405 72710.286904 72467.018704 72423.056706 72356.592630 72179.057998 72082.398781 71877.172919 71465.663332 71193.397052 70957.679922 70852.208659 70648.168073 70481.490386 70297.255761 69780.111176 69653.048610 69642.003989 69016.279170 68680.725004 68606.113555 68359.611112 68167.876927 68059.621203 67950.487687 67909.573694 67825.659307 67718.938794 67635.420968 67537.009198 67280.627840 67263.984879 67059.141087 66953.091251 66821.068752 66778.499609 66661.404507 66455.264795 66444.074664 66299.880691 66051.740672 66032.879447 65995.897277 65919.488761 65806.195141 65786.374593 65743.549194 65732.845621 65723.902249 65636.596224 65528.999001 65338.054011 64532.381739 64201.435680 63690.659218 63492.968272 63373.404800 62936.614451 62655.959807 62424.573130 62321.986239 62265.991402 62227.512318 62188.198200 62185.373970 62140.940845 62064.564071 61868.175615 61752.210307 61347.043071 61154.220325 60727.294423 60546.155078 60545.198244 60431.273480 60426.295015 60209.804268 59708.852771 59628.520793 59610.366568 59605.266910 59578.439335 59514.023815 59460.426235 59334.687271 59210.297227 58908.252638 58632.721770 58546.158675 58249.823129 57531.758715 57461.119184 57176.877243 57156.455573 57126.501889 57053.678277 56955.172953 56819.227175 56468.902540 56461.720560 56441.018786 56328.105932 56189.036552 56161.728548 56136.738060 56129.061466 56021.819553 55930.690034 55898.867009 55685.086734 55354.441798 55353.803981 55318.334119 55015.266892 54496.271244 54376.537924 54343.228272 54278.043819 54222.652915 54178.947639 54082.998700 54044.286534 53945.612505 53866.460754 53650.366955 53555.365004 53390.511035 53319.517174 53295.633869 53259.509940 53216.556774 53087.199913 53086.845167 52841.090926 52690.784596 52564.531389 52393.293929 52376.884155 52185.570578 52040.589213 51838.800026 51744.216624 51670.596706 51514.931934 51180.770997 50938.149149 50786.518134 50662.655910 50636.797671 50508.046348 50379.244941 50334.651228 50272.385493 50242.158794 50223.819287 50216.844585 50210.087537 50088.697401 49938.997587 49738.139352 49403.780501 49170.753653 49042.510078 48929.235584 48901.908014 48809.078991 48645.356519 48229.343146 47385.130231 47280.074296 46986.858578 46950.677773 46804.302083 46768.643373 46720.324850 46669.566394 46650.140391 46513.423872 46458.837541 46328.226867 46160.361232 46059.426330 45942.656214 45740.906057 45673.242730 45638.202160 45556.767145
0.000038 0.023455 0.034571 0.045254 0.055898 0.066528 0.077006 0.087343 0.097653 0.107883 0.118060 0.128629 0.138950 0.150234 0.160534 0.170792 0.180982 0.191361 0.201544 0.212104 0.224278 0.235055 0.245822 0.261753 0.315726 0.336995 0.379318 0.412260 0.423000 0.434589 0.445272 0.466718 0.477454 0.498869 0.510026 0.520824 0.554084 0.564946 0.576216 0.586858 0.597520 0.608319 0.620795 0.631480 0.642116 0.652745 0.674085 0.687081 0.702330 0.716243 0.730046 0.743882 0.778946 0.790703 0.801335 0.823308 0.833950 0.844631 0.880286 0.915972 0.952307 0.974385 0.985085 1.028748 1.039875 1.051111 1.061777 1.084692 1.097736 1.108425 1.130084 1.141772 1.152552 1.163145 1.184439 1.230622 1.242574 1.265527 1.276290 1.298777 1.311159 1.321787 1.332670 1.354055 1.364630 1.375669 1.386409 1.397375 1.442417 1.453554 1.513570 1.547049 1.557714 1.568475 1.633067 1.643658 1.696377 1.740021 1.750676 1.761347 1.771861 1.783454 1.804905 1.816136 1.827259 1.838382 1.870946 1.881559 1.892283 1.903438 1.914040 1.925695 1.948089 1.958867 2.014110 2.058450 2.092271 2.124701 2.135433 2.146068 2.177916 2.188541 2.199483 2.210152 2.221570 2.234086 2.244996 2.255723 2.267924 2.278569 2.290952 2.357803 2.368363 2.378979 2.442365 2.453294 2.463936 2.517004 2.528301 2.550094 2.561065 2.572617 2.583456 2.596195 2.618710 2.685008 2.706247 2.718035 2.730447 2.751738 2.762330 2.795055 2.828560 2.839225 2.851000 2.861834 2.872403 2.904195 2.915054 2.925630 2.957376 2.989109 3.010122 3.020604 3.031095 3.054077 3.068141 3.081191 3.092920 3.104341 3.115392 3.127084 3.192105 3.202930 3.245378 3.287503 3.308797 3.320092 3.363442 3.374013 3.384516 3.395270 3.416321 3.426937 3.437499 3.448341 3.460277 3.481187 3.502628 3.535591 3.547325 3.571324 3.584622 3.639094 3.674228 3.684616 3.695127 3.706985 3.717850 3.728396 3.738989 3.764864 3.776320 3.789494 3.811872 3.832875 3.843372 3.854168 3.886271 3.897969 3.908781 3.919123 3.929507 3.940014 3.983873 3.994329 4.015100 4.036038 4.057530 4.089669 4.100226 4.111322 4.122211 4.133747 4.144659 4.177189 4.187571 4.198098 4.239642 4.261739 4.325117 4.336072 4.346603 4.356833 4.367115 4.377348 4.387804 4.398600 4.408901 4.419262 4.429601 4.451149 4.495661 4.506322 4.518091 4.531270 4.552421 4.563155 4.584794 4.595940 4.606319 4.627021 4.637407 4.647726 4.658010 4.680141 4.701030 4.711593 4.752544 4.766591 4.798344 4.829030 4.851283 4.861955 4.885188 4.909026 4.920579 4.964485 4.974567 5.005957 5.027272 5.039046 5.049243 5.069409 5.079731 5.090747 5.101092 5.111130 5.141000 5.151138 5.161792 5.172047 5.181973 5.212482 5.223356 5.245857 5.258658 5.279457 5.289472 5.299912 5.311171 5.321145 5.331587 5.341654 5.351581 5.371417 5.391097 5.400946 5.441274 5.460666 5.470553
Elapsed_time: 5.470553
Score: 45556.767145
