5
151
2539925.809466 2265.558007 2141.981401 2057.393905 1994.565026 1942.118178 1896.388884 1855.541983 1818.108818 1784.215346 1752.915546 1724.096480 1697.569933 1672.769294 1649.658329 1627.904854 1607.490360 1588.200998 1569.991550 1552.538433 1536.074716 1520.316533 1505.161153 1490.412510 1476.421306 1462.839379 1449.840410 1437.263079 1425.135272 1413.356463 1402.068743 1390.988087 1380.581594 1370.215508 1360.560280 1350.757924 1341.730649 1332.595362 1324.092050 1315.519719 1307.448945 1299.293532 1291.660719 1283.967663 1276.746474 1269.483548 1262.659683 1255.782015 1249.257715 1242.760099 1236.652865 1230.503663 1224.711074 1218.929394 1213.386948 1207.923442 1202.589041 1197.300859 1192.236270 1187.173094 1182.290924 1177.445328 1172.722139 1168.071704 1163.579201 1159.081694 1154.736474 1150.393796 1146.229985 1142.033227 1138.003444 1133.959750 1130.046255 1126.118000 1122.353674 1118.564659 1114.966852 1111.328136 1107.873240 1104.387415 1101.042621 1097.720186 1094.494025 1091.314001 1088.142105 1085.037923 1081.993104 1078.991919 1076.045637 1073.113519 1070.247792 1067.409238 1064.639442 1061.883129 1059.214544 1056.558612 1053.987287 1051.433048 1048.976890 1046.532663 1044.154245 1041.802408 1039.530720 1037.285019 1035.106519 1032.962935 1030.878117 1028.816165 1026.800576 1024.829404 1022.912893 1021.040883 1019.225204 1017.448588 1015.728659 1014.043088 1012.413037 1010.824672 1009.284669 1007.781678 1006.325742 1004.911276 1003.550279 1002.227336 1000.951341 999.719440 998.535582 997.397466 996.304579 995.257429 994.256031 993.304171 992.398907 991.541598 990.730528 989.966646 989.248202 988.575257 987.947212 987.363873 986.825606 986.331807 985.882963 985.479206 985.120564 984.806895 984.538178 984.314319 984.135274 984.001014 983.911528
0.000050 0.045456 0.060899 0.076178 0.090848 0.106063 0.120595 0.135285 0.149850 0.169724 0.184419 0.200422 0.215325 0.230250 0.245519 0.259906 0.274675 0.296780 0.311649 0.326242 0.341344 0.355881 0.370361 0.384865 0.399946 0.415416 0.430677 0.445191 0.460165 0.476965 0.493030 0.510064 0.526702 0.543179 0.558004 0.575861 0.590757 0.606643 0.621225 0.635697 0.650168 0.664988 0.679589 0.695996 0.711583 0.726741 0.741513 0.759810 0.774371 0.788752 0.803321 0.818521 0.833273 0.847836 0.862425 0.876997 0.891615 0.908143 0.922664 0.937244 0.953645 0.968989 0.983954 0.998534 1.015670 1.034186 1.049540 1.070037 1.087601 1.103042 1.117506 1.131951 1.146406 1.160849 1.177575 1.192306 1.206823 1.221395 1.236264 1.251147 1.265691 1.280788 1.295903 1.311760 1.326203 1.341589 1.357081 1.373571 1.387976 1.403866 1.418437 1.433197 1.448300 1.463371 1.482731 1.497522 1.512795 1.527586 1.542275 1.557417 1.572002 1.586484 1.600979 1.616233 1.631083 1.646332 1.661519 1.676019 1.690479 1.705047 1.719528 1.734435 1.750271 1.764695 1.779263 1.795340 1.810103 1.825617 1.840341 1.856493 1.871788 1.887506 1.904315 1.919684 1.934985 1.949535 1.964719 1.979242 1.994682 2.010846 2.025489 2.040440 2.055319 2.070933 2.085637 2.100997 2.117546 2.132590 2.147415 2.162459 2.177055 2.192178 2.207007 2.221505 2.235983 2.250430 2.264859 2.279413 2.293932 2.308401 2.322910
Elapsed_time: 2.322910
Score: 983.911528
151
2593539.541220 2271.759383 2145.929111 2062.648099 2000.340414 1948.280568 1902.009402 1861.327808 1824.256334 1790.683385 1759.846441 1731.559224 1705.263660 1680.573644 1657.529875 1635.515979 1614.692085 1594.834378 1575.828041 1557.706077 1540.427787 1523.763688 1507.840526 1492.486697 1477.690140 1463.424888 1449.767636 1436.554596 1423.755310 1411.335828 1399.391323 1387.715785 1376.432698 1365.492754 1354.933646 1344.733251 1334.752664 1325.162749 1315.799695 1306.788251 1297.878262 1289.230301 1280.735838 1272.592360 1264.584018 1256.933293 1249.381058 1242.035555 1234.763574 1227.801689 1220.953820 1214.320829 1207.771905 1201.530277 1195.290337 1189.344715 1183.412418 1177.690185 1172.031911 1166.493642 1161.058908 1155.730090 1150.486334 1145.360085 1140.325426 1135.375035 1130.520895 1125.784531 1121.103822 1116.549212 1112.083923 1107.702271 1103.393745 1099.130376 1094.983491 1090.890850 1086.911943 1082.977776 1079.136066 1075.306284 1071.649690 1068.028442 1064.547236 1061.118253 1057.767960 1054.471453 1051.242440 1048.055260 1044.955472 1041.888925 1038.907704 1035.958925 1033.106534 1030.294233 1027.556856 1024.852105 1022.221779 1019.632600 1017.128391 1014.660515 1012.270956 1009.934964 1007.659938 1005.426631 1003.258134 1001.128813 999.062445 997.043786 995.083226 993.165159 991.309988 989.480589 987.710322 985.972226 984.287020 982.634400 981.043970 979.490442 977.994460 976.535356 975.128261 973.757772 972.442366 971.169874 969.949134 968.769632 967.636340 966.545688 965.503418 964.507040 963.557600 962.649830 961.789448 960.972198 960.198752 959.467908 958.781246 958.136631 957.536760 956.980242 956.467250 955.997620 955.571278 955.188026 954.847581 954.549857 954.294933 954.082635 953.912887 953.785647 953.700842
0.000056 0.047964 0.062425 0.078031 0.094312 0.109094 0.124026 0.138447 0.152866 0.167314 0.181764 0.197943 0.217956 0.232832 0.248563 0.265294 0.280448 0.295174 0.309593 0.324092 0.338570 0.353034 0.371280 0.392408 0.409024 0.425937 0.442841 0.457282 0.472152 0.486982 0.502564 0.518136 0.532704 0.547249 0.561848 0.577901 0.592642 0.609095 0.625325 0.642059 0.656776 0.671420 0.685866 0.700247 0.714737 0.733621 0.749108 0.764134 0.778970 0.793602 0.809922 0.824693 0.839151 0.853553 0.868153 0.886413 0.903852 0.921701 0.936436 0.951159 0.967931 0.982437 0.996894 1.012528 1.026952 1.041427 1.056476 1.077541 1.092113 1.107147 1.125226 1.140970 1.158610 1.173263 1.188850 1.203322 1.217757 1.232212 1.246897 1.261553 1.277539 1.292287 1.306817 1.321477 1.336084 1.350578 1.365391 1.382516 1.398044 1.414173 1.431056 1.445450 1.459898 1.477363 1.493443 1.508298 1.523289 1.537765 1.552235 1.566654 1.581597 1.597420 1.612527 1.626923 1.641382 1.656456 1.674711 1.689264 1.707916 1.722473 1.738398 1.756942 1.771477 1.785929 1.800301 1.815678 1.830451 1.845272 1.864608 1.881940 1.899665 1.915820 1.931272 1.946367 1.960786 1.977168 1.994306 2.008881 2.026138 2.042145 2.057934 2.074376 2.089762 2.108311 2.122868 2.137332 2.151835 2.168036 2.188204 2.204861 2.225078 2.240878 2.257544 2.273673 2.288959 2.303481 2.317978 2.332437 2.346962 2.363028 2.378105
Elapsed_time: 2.378105
Score: 953.700842
151
2248500.387938 2229.688393 2108.781254 2028.235659 1967.800511 1916.840111 1872.256562 1832.010766 1795.669469 1761.957525 1731.089882 1702.234652 1675.559571 1650.708868 1627.150029 1604.950904 1584.030616 1564.208116 1545.481477 1527.661025 1510.646638 1494.376633 1478.747333 1463.751333 1449.399148 1435.651352 1422.337529 1409.506304 1397.161204 1385.297045 1373.726786 1362.667151 1351.828996 1341.427234 1331.395931 1321.597297 1312.055800 1302.898248 1294.001719 1285.366283 1276.921122 1268.723386 1260.692288 1252.945786 1245.348725 1237.947800 1230.742623 1223.709488 1216.828257 1210.057719 1203.486940 1196.986369 1190.725251 1184.564598 1178.513938 1172.556396 1166.776453 1161.113038 1155.539859 1150.076228 1144.771867 1139.553613 1134.428107 1129.427433 1124.506249 1119.654045 1114.894865 1110.184806 1105.612608 1101.108311 1096.683171 1092.341359 1088.133447 1083.988141 1079.949127 1075.981761 1072.077292 1068.303126 1064.527176 1060.855245 1057.290058 1053.777489 1050.318484 1046.913716 1043.597071 1040.339623 1037.162644 1034.052798 1031.007557 1028.030485 1025.108110 1022.263264 1019.456803 1016.720030 1014.049573 1011.416772 1008.857499 1006.336144 1003.912239 1001.493389 999.166358 996.877943 994.660369 992.477740 990.376400 988.303697 986.306475 984.345817 982.440525 980.568506 978.757496 976.987797 975.275190 973.604710 971.975943 970.388106 968.841945 967.336288 965.872725 964.443201 963.067097 961.733756 960.445485 959.200952 957.998616 956.845677 955.731395 954.665749 953.636719 952.657627 951.716248 950.821292 949.968144 949.160116 948.395303 947.675200 946.996781 946.361967 945.769834 945.220087 944.712054 944.246449 943.822982 943.442549 943.104774 942.809524 942.556845 942.346424 942.178246 942.052185 941.968188
0.000042 0.044928 0.059474 0.079035 0.093580 0.108057 0.122685 0.137273 0.151750 0.166301 0.180882 0.198334 0.217541 0.232692 0.247221 0.261681 0.276137 0.290521 0.304958 0.319392 0.333816 0.348277 0.363036 0.379299 0.393906 0.413151 0.432038 0.449418 0.466477 0.481552 0.499464 0.520183 0.535099 0.550279 0.569026 0.583490 0.597987 0.612486 0.626967 0.643960 0.662908 0.679090 0.693575 0.708066 0.722786 0.737209 0.751634 0.766085 0.782313 0.799565 0.814040 0.828549 0.843070 0.857541 0.873541 0.893160 0.910347 0.927822 0.942921 0.958082 0.975159 0.993772 1.008629 1.025864 1.040331 1.054929 1.070580 1.085656 1.101749 1.116520 1.130981 1.145553 1.161455 1.177796 1.193508 1.210018 1.226680 1.243233 1.258514 1.286421 1.305390 1.319834 1.334243 1.348725 1.363128 1.377568 1.391995 1.406433 1.420925 1.435350 1.450307 1.483933 1.499709 1.514246 1.528746 1.543220 1.557725 1.572228 1.586707 1.601233 1.615704 1.630378 1.645319 1.660267 1.681791 1.701730 1.716143 1.730588 1.745039 1.759456 1.773862 1.788376 1.802860 1.817292 1.831708 1.846154 1.860589 1.875024 1.889476 1.903917 1.918359 1.932757 1.947189 1.961601 1.976763 1.991814 2.012330 2.026925 2.045231 2.077603 2.097006 2.111487 2.125874 2.140571 2.156827 2.171313 2.185745 2.200319 2.214900 2.229696 2.244370 2.258828 2.273449 2.288323 2.304942 2.319678 2.335711 2.350293 2.367714 2.382409 2.398315
Elapsed_time: 2.398315
Score: 941.968188
151
2442444.520711 2243.775848 2121.841003 2039.970219 1978.571021 1927.236953 1881.766206 1840.910730 1803.795956 1770.189425 1739.465357 1711.269293 1685.259877 1660.998039 1638.554036 1617.557093 1597.437775 1578.443885 1560.097938 1542.878228 1526.376870 1510.689327 1495.419434 1480.903802 1466.865334 1453.376265 1440.411117 1427.989189 1415.964676 1404.442869 1393.264108 1382.445426 1372.013747 1361.884754 1352.077466 1342.544709 1333.226993 1324.091799 1315.193998 1306.597711 1298.271756 1290.186389 1282.224831 1274.578728 1267.012647 1259.647242 1252.387557 1245.378604 1238.427136 1231.705671 1225.039916 1218.591822 1212.287412 1206.143400 1200.004148 1194.116857 1188.239538 1182.534297 1176.800700 1171.301182 1165.798702 1160.544224 1155.250533 1150.165112 1145.076779 1140.155456 1135.279136 1130.546020 1125.894739 1121.358919 1116.911705 1112.538241 1108.245523 1104.066813 1099.910667 1095.829373 1091.879337 1087.986334 1084.183981 1080.411839 1076.779266 1073.179708 1069.696403 1066.277712 1062.959951 1059.668065 1056.475113 1053.333730 1050.295043 1047.296570 1044.388054 1041.516506 1038.724181 1035.968556 1033.285414 1030.634246 1028.044090 1025.520893 1023.053519 1020.654327 1018.321395 1016.033312 1013.810581 1011.632517 1009.518042 1007.446295 1005.413132 1003.433408 1001.506061 999.628511 997.796795 996.029282 994.297288 992.619903 990.981803 989.403187 987.866322 986.371014 984.920839 983.514589 982.152002 980.830580 979.557516 978.323822 977.132127 975.979448 974.874269 973.807577 972.789661 971.810626 970.878623 969.987620 969.142591 968.338497 967.580402 966.862678 966.190358 965.558339 964.969421 964.421799 963.916701 963.453675 963.033269 962.654982 962.318910 962.024852 961.772969 961.563123 961.395402 961.269621 961.185810
0.000055 0.045949 0.060451 0.076390 0.090947 0.107121 0.122116 0.141253 0.157254 0.171679 0.186154 0.200678 0.215723 0.230147 0.244723 0.264753 0.279282 0.294979 0.313943 0.334587 0.354589 0.373048 0.387535 0.401983 0.416496 0.430941 0.445745 0.463079 0.478526 0.495449 0.509920 0.524539 0.541250 0.557361 0.573782 0.592355 0.609497 0.625014 0.640724 0.655397 0.671046 0.687020 0.707980 0.727043 0.746510 0.765872 0.780519 0.800425 0.819401 0.839816 0.854639 0.872890 0.889004 0.904599 0.919514 0.938854 0.954294 0.974573 0.991018 1.006016 1.021219 1.035646 1.050150 1.064939 1.081919 1.096323 1.110868 1.128730 1.145621 1.165786 1.181618 1.196107 1.213591 1.228642 1.245360 1.259879 1.275530 1.291843 1.306359 1.322413 1.338559 1.354591 1.370826 1.386402 1.402507 1.420724 1.439919 1.459392 1.474199 1.489054 1.504359 1.519499 1.534531 1.549223 1.565234 1.580728 1.600888 1.615584 1.632913 1.650217 1.666872 1.681898 1.697923 1.713516 1.728592 1.744152 1.759878 1.775423 1.790083 1.805029 1.819411 1.836770 1.851200 1.865666 1.880104 1.894542 1.908965 1.923575 1.943106 1.962583 1.978348 1.992965 2.007595 2.022376 2.036924 2.052102 2.066661 2.081154 2.095791 2.110317 2.124826 2.139260 2.159868 2.174506 2.193562 2.208109 2.222783 2.237602 2.252119 2.266599 2.281023 2.295442 2.310328 2.327606 2.345806 2.361732 2.379875 2.395065 2.410026 2.424616 2.439141
Elapsed_time: 2.439141
Score: 961.185810
151
2937377.545676 2282.888707 2157.070611 2071.311850 2008.536989 1956.662055 1911.716598 1871.026877 1834.426374 1800.929205 1770.350323 1742.129649 1716.060249 1691.776928 1669.261569 1647.855943 1627.938729 1608.900265 1590.984317 1573.915487 1557.614899 1541.950098 1526.810993 1512.353846 1498.333052 1484.860015 1471.737382 1459.127690 1446.912243 1435.161714 1423.683329 1412.549077 1401.779036 1391.231200 1381.044148 1371.097101 1361.363524 1351.849436 1342.537800 1333.509622 1324.654186 1315.960587 1307.488062 1299.187719 1291.061699 1283.118984 1275.317961 1267.813297 1260.460924 1253.338006 1246.272627 1239.393510 1232.540274 1225.914817 1219.343127 1213.024361 1206.706256 1200.612152 1194.557906 1188.731423 1182.832989 1177.141197 1171.460851 1165.964885 1160.500762 1155.232982 1149.986068 1144.869555 1139.812905 1134.943200 1130.139472 1125.432296 1120.788624 1116.196507 1111.727621 1107.359378 1103.074806 1098.841638 1094.745705 1090.686072 1086.699251 1082.751622 1078.859338 1075.080510 1071.367971 1067.705216 1064.140439 1060.645269 1057.231082 1053.835166 1050.550190 1047.326626 1044.187100 1041.100156 1038.084626 1035.138066 1032.237325 1029.416081 1026.641522 1023.942499 1021.304487 1018.712134 1016.187389 1013.716314 1011.301456 1008.954228 1006.667150 1004.434705 1002.255346 1000.133775 998.067244 996.055333 994.085131 992.167592 990.302094 988.490791 986.723065 985.010025 983.353174 981.755842 980.206776 978.709926 977.260224 975.868245 974.525817 973.236779 971.993235 970.803336 969.661682 968.569684 967.527004 966.531453 965.585940 964.687912 963.839553 963.039415 962.286499 961.581321 960.923367 960.312728 959.749436 959.233259 958.764081 958.342401 957.967874 957.640469 957.360083 957.126603 956.939951 956.800035 956.706798
0.000043 0.043898 0.059437 0.074324 0.091208 0.106450 0.122270 0.137385 0.152282 0.168156 0.182702 0.197160 0.211650 0.227202 0.242133 0.256619 0.271051 0.285491 0.300372 0.316045 0.330560 0.345134 0.359995 0.374553 0.388986 0.407734 0.422258 0.436783 0.451425 0.466009 0.481476 0.496220 0.511335 0.527048 0.543221 0.561155 0.580558 0.595244 0.610102 0.624529 0.638959 0.653383 0.667869 0.682933 0.702678 0.717116 0.731573 0.746004 0.760403 0.774853 0.790186 0.810540 0.829047 0.844382 0.864791 0.879271 0.893839 0.909484 0.925846 0.940398 0.955306 0.970840 0.985586 1.001211 1.021284 1.040763 1.055999 1.072812 1.088150 1.103293 1.118041 1.132682 1.147483 1.162095 1.177654 1.192827 1.208751 1.225047 1.239995 1.256791 1.271963 1.287860 1.302739 1.317223 1.331788 1.346694 1.362369 1.377080 1.391692 1.406274 1.420803 1.436343 1.451724 1.466210 1.480624 1.495026 1.509653 1.525302 1.539843 1.554362 1.568991 1.583519 1.599326 1.613982 1.629355 1.644008 1.658907 1.673389 1.688107 1.702643 1.717555 1.734381 1.750507 1.765810 1.781030 1.797811 1.816474 1.830868 1.845371 1.859824 1.875267 1.891654 1.907797 1.922888 1.939790 1.955157 1.972364 1.988127 2.005704 2.020318 2.036049 2.050581 2.065179 2.079703 2.095182 2.109841 2.125911 2.140368 2.154864 2.169503 2.184039 2.198791 2.213417 2.229421 2.246064 2.260468 2.274908 2.289683 2.311093 2.325660 2.340231
Elapsed_time: 2.340231
Score: 956.706798
