5
151
1182.659046 1135.991862 1096.876488 1081.228933 1066.670365 1054.210761 1046.078642 1038.762558 1031.202238 1026.433930 1020.243032 1012.562592 1004.330204 996.159670 988.807309 977.833004 967.679868 955.369638 942.330065 926.525095 912.997793 898.756298 883.937131 869.355932 856.204319 845.258339 830.742798 819.285225 806.590969 798.556362 786.800020 776.550357 765.598421 756.692559 746.269696 738.060482 732.522122 725.338812 719.307275 712.159659 706.491706 698.772751 692.973291 688.486523 682.448710 677.673129 673.091819 668.403053 664.689331 661.719936 658.180371 653.874428 650.287374 646.772145 643.667556 640.134536 637.401631 634.784189 632.075432 629.589794 626.993692 624.206898 621.105355 617.868179 615.341140 613.032419 610.829388 608.936765 605.497766 602.727530 599.866419 596.250493 593.313246 591.397065 589.068604 586.189626 583.685013 581.377680 578.600379 575.970486 573.121719 571.207250 569.218756 566.796532 565.073748 562.766761 560.454947 558.391925 555.255386 553.805676 550.842047 549.606657 547.457205 545.483787 543.638672 541.321668 539.240803 537.829879 535.323146 533.262978 531.750609 530.463294 528.758665 527.035766 525.420253 522.869795 521.206640 519.652369 517.499468 515.677780 513.700134 511.835927 510.286637 508.735849 508.026067 506.323974 505.321298 503.340322 502.371057 500.539725 499.551323 497.868683 496.606843 495.460805 494.426398 493.081989 491.581254 490.000218 488.406044 486.559783 484.722286 483.057847 481.339217 479.751857 478.476563 477.188642 476.022960 474.683021 473.032828 471.804269 470.847341 469.547900 468.341867 467.310435 466.376847 465.716281 464.733911 463.685976 462.474745 461.751104 460.678265
0.452390 0.532659 0.552314 0.569548 0.590993 0.608667 0.623629 0.641940 0.656986 0.674015 0.688283 0.702820 0.719103 0.737466 0.751711 0.766223 0.784333 0.802594 0.820688 0.835297 0.852419 0.868469 0.884046 0.898612 0.912877 0.927719 0.941899 0.956601 0.970835 0.984974 0.999183 1.013312 1.027405 1.041511 1.055534 1.069650 1.083866 1.099141 1.113925 1.128235 1.143885 1.159684 1.175121 1.190288 1.206031 1.221125 1.236960 1.251171 1.280643 1.294885 1.309473 1.326149 1.340927 1.356056 1.370646 1.385914 1.400451 1.415090 1.429649 1.444148 1.460239 1.476213 1.494314 1.512940 1.530673 1.546248 1.562704 1.577508 1.592310 1.607428 1.624295 1.641181 1.658108 1.674368 1.690132 1.704753 1.719511 1.734257 1.748967 1.763598 1.778287 1.793193 1.810839 1.826293 1.841022 1.856221 1.872574 1.887694 1.903290 1.918043 1.933723 1.948297 1.962898 1.977505 1.992481 2.008845 2.027944 2.046358 2.060972 2.076002 2.092602 2.107582 2.122326 2.138940 2.157735 2.173830 2.203540 2.218927 2.234731 2.249347 2.266145 2.283356 2.297910 2.313281 2.328825 2.343555 2.360141 2.377347 2.392869 2.408425 2.422865 2.438395 2.453340 2.468422 2.483039 2.497692 2.512296 2.527208 2.543910 2.558556 2.574091 2.588623 2.604247 2.620649 2.636883 2.651413 2.666364 2.683086 2.698611 2.715103 2.731014 2.745428 2.760642 2.779788 2.799072 2.816129 2.831994 2.846514 2.861338 2.876159 2.890749
Elapsed_time: 2.890749
Score: 460.678265
151
1166.695334 1133.500034 1085.303578 1069.368623 1053.805861 1043.425539 1035.871945 1031.577922 1021.206836 1012.647423 1005.579072 998.800549 990.392261 982.475183 972.828939 961.718025 952.780093 944.411366 932.246241 919.712788 906.155186 895.122592 879.990672 869.218654 858.069883 849.361903 839.297985 827.866327 817.004479 804.476505 796.448486 788.013711 781.028826 768.965468 759.100324 750.130296 740.849149 732.976088 725.197444 717.897927 711.302890 705.994213 701.892935 696.074740 690.975807 685.263291 681.313778 677.030519 673.182496 669.137741 666.422376 662.737381 659.526326 656.454303 653.883406 651.832038 649.768448 647.778928 645.148279 643.469325 641.662518 639.943161 638.418273 636.098270 634.630620 632.720810 630.860051 629.229241 627.468120 625.737584 623.617061 622.085619 620.873466 618.909964 616.916322 615.238138 613.633484 612.183468 610.285318 608.680890 607.255192 605.175406 603.535395 601.817775 600.328652 598.895781 597.284605 595.731778 594.218567 592.790192 591.430823 589.807903 588.377256 586.966577 585.414949 584.268011 583.145549 582.210666 580.817895 579.468847 578.084160 577.148004 576.192836 575.187743 574.104944 572.831542 571.482420 570.575919 569.675036 568.572758 567.608932 566.371410 565.160789 564.197753 563.239115 562.105752 561.175550 560.243807 559.279756 558.035703 556.765843 555.719585 554.849394 554.096077 553.146712 552.339551 551.200149 550.277990 549.447149 548.654259 547.388683 546.206797 545.306163 544.253006 543.333241 542.359697 541.379325 540.636225 540.118279 539.309308 538.343849 537.348022 536.676992 535.962015 535.253756 534.370560 533.540094 532.802461 531.536546 530.891454 529.975488
0.443862 0.493083 0.510089 0.525355 0.539735 0.554132 0.568510 0.583191 0.601631 0.621217 0.635525 0.650571 0.667485 0.681728 0.696094 0.710347 0.726280 0.744396 0.763559 0.780480 0.799926 0.815224 0.829230 0.843339 0.857347 0.871371 0.885458 0.899435 0.913481 0.927429 0.941561 0.955859 0.971307 0.985250 0.999745 1.014623 1.028646 1.042621 1.056856 1.071066 1.085724 1.100195 1.115753 1.129886 1.144063 1.158173 1.172304 1.186413 1.200975 1.215530 1.229748 1.245693 1.261524 1.276139 1.291902 1.308620 1.323329 1.337930 1.352892 1.367870 1.382901 1.397348 1.412481 1.427067 1.441908 1.456652 1.471170 1.485743 1.500687 1.515245 1.529882 1.544983 1.559786 1.577564 1.592446 1.608484 1.624773 1.639476 1.655825 1.671792 1.686354 1.700795 1.715274 1.729808 1.751705 1.769920 1.786332 1.800705 1.815125 1.829456 1.843887 1.858236 1.872634 1.887095 1.901691 1.916707 1.932081 1.946807 1.964111 1.978870 1.994810 2.009204 2.023659 2.037994 2.052407 2.066760 2.081121 2.095538 2.112057 2.132422 2.149616 2.164115 2.179178 2.196833 2.217079 2.232514 2.250814 2.268600 2.283162 2.298566 2.314488 2.329504 2.344423 2.359114 2.373519 2.387896 2.402317 2.416769 2.437987 2.455393 2.473348 2.491388 2.506505 2.522805 2.538829 2.554842 2.569425 2.587988 2.605158 2.621667 2.638035 2.652854 2.669408 2.684213 2.698626 2.713009 2.727381 2.742122 2.759800 2.780224 2.796585
Elapsed_time: 2.796585
Score: 529.975488
151
1158.712492 1112.672921 1073.757740 1058.104308 1044.603658 1030.657985 1021.721288 1013.466210 1006.333513 1002.046630 995.836903 989.627881 980.075369 973.140756 966.614911 958.309769 943.492631 935.580512 925.297597 918.129520 908.179362 891.304008 887.118560 873.151908 862.902834 852.146075 837.109519 824.374924 815.293384 801.920477 791.413029 776.761450 763.381988 751.455546 739.298486 726.594138 716.398996 704.051886 692.748279 680.948050 673.037352 666.716478 660.372743 654.948071 651.035975 645.536247 641.480202 638.259425 633.174468 630.423962 626.543634 624.302897 621.020144 618.754085 616.186440 613.616969 610.983781 609.812592 607.555701 605.418250 603.530493 600.850274 599.346718 597.779271 595.719331 594.097350 592.395746 590.034579 587.784126 585.992528 584.348073 583.221635 581.611352 579.067050 577.169209 575.715336 573.643586 572.040788 569.723271 567.350644 565.009423 563.010063 560.733159 558.272837 556.780556 554.978990 553.166202 551.382218 549.660868 548.363282 546.892108 544.770426 543.059438 541.767073 540.227747 538.951163 537.813420 536.444296 534.902025 533.660343 532.575000 531.485651 530.452293 529.407180 528.056796 527.472951 526.355403 525.033491 523.876210 522.788710 521.882338 520.875959 519.361471 518.807393 517.723851 517.251639 516.310363 514.995265 514.137717 512.913301 512.108668 511.252091 510.385721 509.046701 508.233206 507.387999 506.423359 505.371897 504.426287 503.559579 502.359085 501.384240 500.598400 499.665568 498.459056 497.335755 496.568409 495.571057 494.759053 493.638517 492.657513 491.935041 491.288809 490.572933 489.702796 488.915845 488.066496 487.244833 486.350577 485.635457 484.882381
0.437267 0.512025 0.526672 0.542322 0.557745 0.572844 0.587209 0.601528 0.615784 0.630061 0.658908 0.677948 0.697099 0.715628 0.730010 0.744518 0.759819 0.774076 0.789294 0.805063 0.820034 0.834852 0.849778 0.864357 0.878462 0.892608 0.906604 0.920566 0.934544 0.948666 0.962696 0.977859 0.992516 1.008590 1.022683 1.037222 1.051265 1.067981 1.082928 1.096927 1.110836 1.124788 1.143336 1.160698 1.174696 1.188776 1.203172 1.222387 1.242216 1.261885 1.276797 1.293110 1.307460 1.324694 1.340897 1.355158 1.369443 1.383683 1.397997 1.412289 1.426638 1.440955 1.455346 1.470018 1.487015 1.505166 1.524581 1.541802 1.556551 1.570949 1.585452 1.602192 1.616828 1.635021 1.649616 1.665097 1.680190 1.694963 1.709788 1.725781 1.740448 1.755149 1.770342 1.785445 1.801986 1.816474 1.831021 1.847601 1.862662 1.877398 1.891829 1.906329 1.920823 1.935245 1.949633 1.964305 1.978879 1.994063 2.009263 2.023873 2.038379 2.052970 2.070511 2.085992 2.100423 2.115324 2.130391 2.151135 2.166514 2.184702 2.199082 2.213767 2.228804 2.244740 2.259506 2.273968 2.288361 2.302788 2.317168 2.331600 2.346121 2.364730 2.384175 2.405154 2.425412 2.443317 2.459836 2.476360 2.492579 2.507282 2.523921 2.541776 2.560069 2.574481 2.588752 2.603133 2.617425 2.631819 2.646085 2.660432 2.674729 2.689078 2.703392 2.717862 2.733906 2.753317 2.768553 2.786122 2.802365 2.816708 2.831098
Elapsed_time: 2.831098
Score: 484.882381
151
1195.259235 1165.540496 1112.663610 1096.311657 1081.277761 1071.429625 1064.104095 1058.776426 1049.241579 1038.864221 1031.696611 1023.468945 1017.366636 1008.800513 999.841956 989.228820 977.619401 967.069591 951.256444 936.920846 922.189513 906.447280 888.565060 873.418289 861.235983 847.439025 840.091278 826.998895 821.755593 808.637610 798.029232 788.185748 778.331410 767.699010 760.003555 753.482329 742.941499 736.383614 729.541636 725.158270 718.279545 714.029885 709.460277 705.033383 699.979159 694.494180 689.760857 685.500481 680.851396 676.657476 673.217371 669.807282 666.811827 663.579949 660.356914 657.131789 654.054092 650.657916 647.905371 644.683084 641.863455 639.065165 635.604450 632.542895 628.927981 625.597860 622.993927 620.894316 618.196562 615.288006 612.573916 609.547576 607.352322 604.669514 602.466511 600.180741 597.760252 595.381045 592.865205 590.153434 587.787565 585.567404 583.810413 581.803874 579.573348 577.496060 575.342232 573.533881 571.863320 570.536352 569.077180 567.344058 565.952024 564.447994 563.411266 562.057917 560.669891 559.466645 558.290493 557.384919 556.455105 555.351359 554.242117 553.169177 552.171900 551.230432 550.126895 548.761733 547.873683 546.873674 546.125443 545.119543 544.386214 543.584489 542.935811 541.982780 541.333611 540.483344 539.258455 538.518001 537.840402 537.325606 536.557675 535.632903 534.548234 533.788986 533.276030 532.405065 531.769214 530.961134 530.290616 529.796873 529.246346 528.385177 527.641844 527.019869 526.710458 525.897013 525.243742 524.597571 523.857862 523.235537 522.580596 521.876745 521.292342 520.806750 520.305053 519.717264 519.189459 518.652205 518.250364
0.436577 0.482572 0.497793 0.512473 0.527099 0.541902 0.558662 0.578664 0.598066 0.616747 0.633462 0.647974 0.662805 0.678546 0.693470 0.708964 0.723585 0.738094 0.752693 0.767643 0.782383 0.796949 0.812065 0.831621 0.847712 0.863588 0.881618 0.896019 0.911941 0.926291 0.940542 0.955177 0.970168 0.984518 0.999621 1.014029 1.028742 1.043326 1.059755 1.074737 1.088900 1.103077 1.117271 1.131679 1.146461 1.160800 1.175216 1.190324 1.204665 1.219007 1.233419 1.247817 1.262270 1.276690 1.291806 1.307058 1.322664 1.337267 1.352052 1.366592 1.381131 1.395660 1.410477 1.427642 1.445954 1.460439 1.475074 1.489585 1.504109 1.518610 1.533173 1.547767 1.563450 1.578418 1.593125 1.608414 1.623142 1.637711 1.652360 1.668873 1.683394 1.697829 1.713042 1.729159 1.746742 1.761259 1.775793 1.790539 1.811395 1.829206 1.843772 1.858508 1.873234 1.888049 1.903134 1.919228 1.934492 1.953618 1.973069 1.991755 2.009635 2.026922 2.044673 2.060073 2.076422 2.095948 2.112191 2.133598 2.153962 2.169163 2.186418 2.204147 2.219233 2.234255 2.248840 2.265255 2.280770 2.296386 2.316214 2.330639 2.344981 2.359425 2.377356 2.396161 2.410551 2.425762 2.442592 2.458825 2.478310 2.497869 2.515830 2.531365 2.546341 2.561257 2.577898 2.592653 2.607219 2.621635 2.636263 2.651306 2.665709 2.679882 2.694268 2.708503 2.723000 2.737342 2.752666 2.768968 2.784681 2.798888 2.813105
Elapsed_time: 2.813105
Score: 518.250364
151
1236.770021 1182.825390 1135.316395 1119.604028 1108.954234 1098.170647 1087.631051 1079.836383 1071.968551 1061.324220 1055.200685 1048.794645 1037.966261 1027.592635 1020.274811 1012.590185 1001.143244 986.043312 973.325513 961.891154 950.210700 933.224780 918.297468 903.622561 889.025783 870.701828 852.894058 841.928191 825.119971 809.176845 795.121355 780.683342 765.043982 750.468954 740.172476 731.175154 724.351747 713.472057 702.884293 692.083075 684.695849 678.733556 673.410859 666.699955 660.298158 654.959180 649.762698 645.383755 641.219485 636.753791 632.355745 627.576070 623.875731 619.843930 615.971375 612.223369 608.753778 605.318222 601.515344 598.227218 595.479641 592.765106 589.246538 585.420376 581.031249 577.116580 573.278850 569.607522 566.127840 562.764991 558.959023 555.031384 552.106755 549.305065 547.347168 544.401120 541.604950 539.018693 535.909864 533.588833 531.392080 529.040544 526.385935 524.226953 522.164299 520.822609 519.231214 517.452823 516.001294 514.005899 513.178614 511.432985 510.282111 509.024242 507.511339 505.903032 504.340223 502.603192 501.082295 499.773263 498.428280 497.200492 495.640097 494.111109 492.822546 491.517402 490.278119 488.908562 487.771411 486.866419 486.252314 485.265200 484.505205 483.715963 482.928878 482.425017 481.548873 481.110824 480.341354 479.683487 479.039152 478.027770 477.381190 476.924347 476.330150 475.788296 474.994681 474.615665 473.917022 473.555038 472.854579 472.050316 471.468259 470.818670 470.339681 469.839167 469.143567 468.643455 468.187848 467.679506 467.189095 466.578851 466.108989 465.760774 465.229554 464.744764 464.364799 463.864198 463.633745 463.158608 462.771346
0.441556 0.503414 0.522859 0.541411 0.560083 0.576099 0.592212 0.610941 0.627936 0.643969 0.658952 0.673204 0.687945 0.702041 0.716246 0.730304 0.744507 0.759110 0.776553 0.790607 0.804772 0.819112 0.833448 0.848172 0.862287 0.876660 0.892156 0.906309 0.920581 0.935206 0.949494 0.963490 0.977421 0.992524 1.006578 1.021448 1.036711 1.053254 1.067533 1.081506 1.095386 1.109396 1.123408 1.138247 1.153576 1.170557 1.184731 1.198960 1.213194 1.227878 1.242184 1.256931 1.276322 1.294685 1.312764 1.328872 1.344375 1.361062 1.378256 1.392916 1.407567 1.423054 1.438557 1.453009 1.467526 1.483043 1.497604 1.512104 1.526572 1.541050 1.555474 1.569905 1.584392 1.598871 1.613345 1.627763 1.642217 1.656683 1.671145 1.685606 1.700153 1.718467 1.738220 1.753098 1.768463 1.783002 1.799229 1.815599 1.830498 1.846497 1.860835 1.875124 1.889409 1.903690 1.917971 1.932202 1.946490 1.960733 1.975393 1.991625 2.005888 2.020059 2.034451 2.049362 2.065816 2.079992 2.094211 2.108396 2.122639 2.136809 2.150994 2.165181 2.179445 2.194305 2.212951 2.229688 2.243889 2.258025 2.272185 2.305360 2.324310 2.342135 2.356849 2.371631 2.385758 2.399958 2.414150 2.428709 2.442868 2.457096 2.471975 2.487862 2.503261 2.517829 2.532377 2.546617 2.562795 2.577137 2.592638 2.607432 2.622495 2.638795 2.654064 2.669229 2.688519 2.706915 2.723351 2.740298 2.758331 2.772463 2.786949
Elapsed_time: 2.786949
Score: 462.771346
