5
151
2539925.809466 978585.152996 586623.747715 372074.937902 239216.278973 141940.580109 113161.364618 76905.813617 67889.996433 40783.418690 31631.360092 24610.625565 18600.373885 14437.442363 11469.177749 9517.570663 7666.935229 6220.446445 5222.933344 4469.072105 3843.560027 3335.452595 2916.081342 2683.885328 2416.901997 2213.054409 2049.376971 1944.801645 1837.607945 1746.324018 1706.454024 1639.344906 1568.106772 1524.750738 1497.325145 1460.565282 1423.966726 1398.913427 1376.724785 1357.978221 1337.555274 1323.649541 1307.142333 1293.140330 1281.032284 1268.008424 1255.148799 1247.798176 1241.685989 1234.800309 1225.446508 1215.042616 1204.044508 1191.924781 1180.423412 1171.818415 1163.131998 1154.082050 1145.841620 1137.391290 1129.176545 1121.763915 1113.491453 1107.051859 1097.338301 1090.386606 1082.207654 1076.448380 1070.349653 1062.974046 1055.765714 1048.493001 1040.304563 1031.578809 1025.159676 1018.250338 1011.287350 1003.478439 998.019107 992.212102 986.379715 979.742038 973.543574 966.375347 959.958724 952.972435 946.242925 939.617157 932.544570 925.517350 917.342429 910.820199 905.529111 898.899692 889.524219 884.188417 878.298762 871.644041 864.871636 858.453909 853.429506 848.386079 843.694035 836.714301 831.492694 824.297547 818.750147 813.879409 808.480484 802.860606 796.392762 790.505309 786.250125 781.246750 776.379545 771.463640 767.432220 762.636668 758.552618 752.970400 747.127899 742.457316 737.582800 732.927165 728.489277 724.070408 721.719337 717.612873 715.153506 709.999036 706.792170 702.958337 700.676904 696.373757 691.658950 688.736982 685.692569 682.761549 679.714824 675.625630 671.886240 668.422896 664.989890 661.500054 657.817087 654.414906 651.993612 649.012286 645.962907 643.341970 640.363961
0.000041 0.048967 0.071362 0.089609 0.110016 0.127224 0.144851 0.161908 0.179311 0.196835 0.213802 0.231783 0.248774 0.266837 0.284731 0.302017 0.318878 0.336605 0.356882 0.373685 0.390190 0.407136 0.424841 0.443057 0.459780 0.479421 0.498269 0.517310 0.534161 0.550742 0.569401 0.586098 0.603427 0.626348 0.644005 0.660266 0.676413 0.692583 0.708655 0.724771 0.740913 0.758865 0.776626 0.792787 0.809337 0.826623 0.843592 0.859923 0.876326 0.894076 0.911299 0.932565 0.954502 0.973827 0.994257 1.012605 1.030527 1.048519 1.068009 1.088087 1.110389 1.132103 1.149357 1.165581 1.183191 1.199184 1.215099 1.231123 1.247683 1.263413 1.280124 1.297332 1.314590 1.331086 1.347721 1.363742 1.379678 1.395152 1.410602 1.426002 1.441596 1.458335 1.474808 1.492790 1.509426 1.524700 1.540814 1.556635 1.571967 1.587548 1.602793 1.618028 1.633267 1.648990 1.666290 1.698661 1.714698 1.730891 1.745932 1.762237 1.777659 1.792961 1.808272 1.823796 1.839169 1.854591 1.871715 1.888388 1.905202 1.921620 1.937915 1.955360 1.974064 1.992115 2.008233 2.023090 2.037712 2.052680 2.069720 2.088176 2.102911 2.118071 2.134448 2.149344 2.164638 2.179969 2.194843 2.209807 2.225201 2.241058 2.256891 2.272369 2.287900 2.304486 2.319416 2.334658 2.350866 2.373037 2.396337 2.411020 2.425510 2.440021 2.454486 2.468988 2.483469 2.498001 2.512450 2.527605 2.544650 2.564383 2.582454
Elapsed_time: 2.582454
Score: 640.363961
151
2593539.541220 1006642.585622 567555.317884 349103.570345 223540.531980 133252.205340 95024.926187 66490.859598 47540.747750 33798.571543 27637.419914 23400.058834 18664.627393 15317.408354 12345.436463 9918.343731 8172.276807 6944.737381 6193.473344 5020.684652 4287.378441 3704.777987 3509.443308 3085.084192 2851.938534 2647.705588 2344.933489 2140.299867 1992.785982 1881.536904 1784.218805 1706.923732 1612.105022 1537.479849 1493.013416 1465.427070 1427.743116 1381.138503 1353.917658 1332.288526 1318.501760 1296.424543 1284.090379 1269.848589 1264.297183 1251.238994 1241.231846 1229.500464 1221.066331 1211.816350 1205.196860 1198.041574 1190.605343 1181.425993 1173.144007 1165.696467 1155.540701 1147.433201 1139.511434 1130.791553 1121.369813 1114.306802 1106.131670 1098.217043 1090.075031 1084.606029 1077.938840 1073.782120 1064.535538 1056.217702 1050.996003 1041.764478 1034.342749 1028.790992 1017.778531 1011.249180 1004.818023 997.312044 990.385365 985.885787 978.553191 973.277679 968.256926 960.877223 955.697629 950.135786 947.026271 942.134184 937.373324 931.998213 926.697898 921.183033 916.056242 911.540813 905.827484 902.265064 896.616001 894.196536 889.418665 884.692442 880.354715 875.481077 871.602177 867.438096 863.730063 859.195317 854.056069 848.529301 845.909528 841.173571 837.241977 833.460339 828.473470 824.657321 819.880334 815.160190 809.535007 805.603525 802.138422 795.743142 792.210400 787.957510 784.295260 780.535143 776.454433 774.343093 770.230828 765.938903 761.582409 756.675405 752.569826 748.457897 744.182916 739.005578 735.560541 731.825471 728.005863 724.361024 720.215658 716.272907 711.212182 707.727564 704.975444 701.294993 697.765393 694.546111 691.522256 687.753630 684.272515 681.487503 677.847202
0.000218 0.034640 0.051543 0.068557 0.085385 0.102631 0.149896 0.166936 0.183724 0.200419 0.217541 0.235261 0.258778 0.281165 0.303355 0.325572 0.346556 0.367801 0.387986 0.406590 0.424815 0.441586 0.458164 0.475047 0.511245 0.528209 0.547090 0.563619 0.580195 0.596774 0.613228 0.629730 0.647217 0.664965 0.683626 0.704916 0.722239 0.738722 0.773408 0.789845 0.807761 0.824666 0.841376 0.857904 0.879285 0.895436 0.911694 0.927815 0.944285 0.963935 0.980106 0.996269 1.012406 1.028540 1.044557 1.060656 1.076832 1.094088 1.109997 1.125916 1.141724 1.157870 1.173968 1.192964 1.214134 1.234470 1.250311 1.268548 1.285165 1.302055 1.318389 1.334203 1.350052 1.366566 1.384001 1.415744 1.431585 1.447373 1.463327 1.478961 1.495694 1.512279 1.531111 1.549588 1.565446 1.581547 1.601281 1.616692 1.632076 1.647455 1.663187 1.679984 1.695885 1.716628 1.736022 1.754647 1.774195 1.791963 1.811581 1.831018 1.849153 1.864986 1.880983 1.900401 1.916043 1.933398 1.950463 1.967257 1.982595 1.999224 2.020311 2.041482 2.059831 2.078532 2.093795 2.111354 2.126664 2.142581 2.157811 2.173021 2.188117 2.203464 2.220048 2.236367 2.251819 2.266886 2.281892 2.296880 2.311968 2.327013 2.342320 2.360467 2.380553 2.400359 2.417606 2.434788 2.449896 2.468040 2.483427 2.498417 2.513819 2.529712 2.544752 2.560080 2.575599 2.591432 2.606719 2.622598 2.637589 2.652668 2.667702
Elapsed_time: 2.667702
Score: 677.847202
151
2248500.387938 834107.342595 508269.586525 332707.472765 223691.254130 135440.388950 107916.267219 72000.112548 61428.576386 37165.771668 29027.709216 23393.327062 19409.006176 14604.091952 11139.161755 9511.912399 7659.565665 6539.912003 5591.820963 5029.008359 4280.975488 3876.494084 3557.039904 3275.760430 2918.991462 2685.987314 2527.792409 2294.811215 2112.107685 1983.635430 1921.409838 1804.456836 1714.536601 1647.481672 1581.688517 1531.208088 1491.627290 1448.118123 1418.190868 1397.023339 1368.823807 1344.362044 1322.058044 1304.772987 1285.654122 1270.627886 1256.548409 1247.099365 1236.371259 1227.419152 1215.465320 1205.515474 1196.720626 1190.828647 1181.705375 1176.446287 1167.760907 1164.419047 1153.512695 1146.517768 1139.723506 1132.933590 1124.619778 1117.078733 1109.421276 1100.757300 1093.222046 1086.868933 1079.221881 1070.365695 1064.670221 1056.430871 1049.975386 1046.511348 1038.991516 1031.141709 1024.052273 1017.985117 1011.908988 1008.325949 1000.772341 997.382706 989.249153 985.296923 980.221986 975.514276 968.265285 963.457169 958.680842 954.353556 948.519234 942.367014 937.008369 931.832766 924.809140 919.456986 915.396758 909.050698 904.189380 899.220744 894.756254 890.493316 885.380674 881.774095 878.178167 874.059707 868.809326 864.057009 860.752056 855.833489 851.622147 846.324550 842.751409 838.206443 834.283753 830.623618 827.061216 824.374723 820.481339 816.566865 813.695280 809.544938 804.918808 801.361494 797.037677 793.333720 790.895448 787.620464 784.603101 781.051286 778.601804 776.002518 773.214047 769.930899 767.312786 765.169864 762.249060 759.013861 756.095697 754.424703 751.436237 749.254553 746.468300 743.691996 740.897226 738.186575 735.373441 732.357312 729.928749 727.411254 724.434638
0.000043 0.036036 0.053224 0.070921 0.088043 0.105036 0.121980 0.138824 0.155656 0.172480 0.189492 0.206378 0.223399 0.246012 0.264394 0.287181 0.309412 0.326970 0.344179 0.360925 0.377608 0.396128 0.412660 0.432004 0.454271 0.470797 0.487273 0.504691 0.521474 0.538189 0.555661 0.572387 0.588881 0.605438 0.622064 0.640173 0.656497 0.672662 0.689191 0.706456 0.722653 0.738769 0.755936 0.779545 0.799242 0.817216 0.833505 0.850774 0.866818 0.883690 0.900528 0.916624 0.937557 0.954101 0.970117 0.987436 1.007849 1.024099 1.040036 1.056168 1.074325 1.090425 1.106440 1.125485 1.143441 1.161743 1.179993 1.197852 1.213809 1.230618 1.246408 1.262225 1.279751 1.299099 1.321521 1.343162 1.364039 1.384151 1.399948 1.415729 1.432101 1.449022 1.464923 1.480787 1.496555 1.512121 1.527679 1.543126 1.558628 1.574608 1.591006 1.607278 1.622839 1.638404 1.654115 1.671231 1.686622 1.702003 1.718598 1.733922 1.749267 1.765062 1.785509 1.806345 1.821929 1.837628 1.853102 1.868497 1.883766 1.899102 1.917269 1.933178 1.948351 1.964290 1.985797 2.006411 2.024381 2.042420 2.058248 2.077879 2.092997 2.108109 2.123120 2.138198 2.153294 2.169026 2.189533 2.209879 2.227721 2.245378 2.265652 2.286290 2.303651 2.322220 2.340989 2.356110 2.371258 2.386385 2.401638 2.416903 2.432511 2.447990 2.463885 2.480459 2.496329 2.511705 2.526955 2.542024 2.557209 2.572350 2.587399
Elapsed_time: 2.587399
Score: 724.434638
151
2442444.520711 935699.896189 547695.506887 342963.656287 227776.335395 142150.502141 94736.630294 66836.632122 53043.233166 36064.723777 29755.024871 24022.376108 20526.589251 15916.053874 13077.656190 11101.703301 9044.259219 7694.428756 6497.178978 5892.974883 5100.705835 4374.360205 3804.741636 3401.683916 3099.682951 2778.571999 2494.280629 2234.543048 2053.634597 1928.533492 1815.215876 1713.485450 1668.974040 1594.724017 1540.862915 1498.792280 1469.859430 1428.893696 1415.032311 1397.136627 1385.315226 1356.776632 1339.015518 1327.624779 1318.740812 1306.033517 1296.196809 1286.777955 1269.185793 1262.911190 1255.261748 1250.632306 1239.158520 1231.184549 1222.597892 1212.960094 1205.246173 1198.621988 1191.970072 1183.944833 1176.021393 1166.394922 1158.381811 1152.415035 1145.593485 1138.343201 1132.728089 1125.374869 1118.072515 1108.132874 1097.491197 1088.461010 1081.188415 1072.508108 1064.238169 1056.875118 1051.309785 1042.202678 1032.818260 1022.337896 1015.860448 1011.196069 1004.716102 998.017183 991.468871 987.893003 981.246292 974.487476 970.467983 962.348546 957.410309 952.885553 949.618629 943.306534 936.882130 931.497182 925.219833 921.468114 916.087112 913.004527 908.883299 904.646106 901.675894 896.602744 893.011025 888.973531 884.690858 881.221446 877.385814 873.972292 869.502987 865.734041 860.585223 855.908031 851.880450 848.502355 844.855048 840.286096 836.255178 832.660735 829.095065 825.324854 821.244480 817.327462 813.800907 810.476325 807.881432 805.183245 802.131373 799.682521 796.332511 794.874363 791.947942 788.865994 786.628790 784.283223 782.254900 780.485463 777.853069 775.266739 772.152519 769.343912 766.917740 764.728910 762.111645 759.817551 757.579506 755.320118 753.259554 750.603901 747.463392
0.000042 0.034976 0.052094 0.069551 0.086525 0.103994 0.122574 0.140274 0.158469 0.175433 0.192331 0.210722 0.228088 0.245992 0.266276 0.286312 0.303664 0.326840 0.349364 0.370753 0.394116 0.419324 0.440588 0.458915 0.475846 0.492531 0.509174 0.525683 0.542804 0.559235 0.575709 0.592979 0.609755 0.627417 0.644385 0.662064 0.678908 0.696572 0.715643 0.733121 0.750205 0.766694 0.782737 0.798811 0.814772 0.831098 0.870888 0.887252 0.906719 0.922718 0.940650 0.958294 0.976817 0.995365 1.016403 1.038715 1.055592 1.071754 1.089700 1.105740 1.122725 1.139216 1.155177 1.172008 1.189376 1.205516 1.222226 1.238084 1.253836 1.269546 1.285217 1.300884 1.316519 1.332422 1.348162 1.368708 1.389508 1.407314 1.425873 1.442483 1.460092 1.475716 1.491725 1.507252 1.523386 1.539084 1.554642 1.571906 1.588354 1.604498 1.621019 1.636551 1.652079 1.667748 1.683756 1.699400 1.714511 1.730622 1.747465 1.763401 1.780499 1.797596 1.813438 1.829151 1.844246 1.860573 1.882053 1.899197 1.915626 1.932044 1.947303 1.962183 1.977552 1.992591 2.007440 2.022501 2.037840 2.053841 2.068900 2.083830 2.098644 2.114015 2.128813 2.143619 2.158362 2.173835 2.188519 2.203193 2.217812 2.232639 2.247630 2.262519 2.277472 2.293788 2.310738 2.327391 2.342845 2.358904 2.374704 2.391078 2.406022 2.420687 2.435442 2.450639 2.465809 2.480851 2.495607 2.512362 2.527071 2.541760 2.557876
Elapsed_time: 2.557876
Score: 747.463392
151
2937377.545676 1125155.051615 615670.774800 384600.399174 250203.228126 152651.815522 98537.202700 66414.754065 52539.519053 35985.171123 27340.549484 22072.086065 18234.055374 15512.763010 12693.377596 10299.852174 9394.102574 8181.241856 7000.119438 6041.259644 5310.985060 4658.134940 4041.733820 3564.983647 3215.882358 2894.007994 2641.453554 2421.156923 2237.447834 2054.776175 1933.372585 1844.347828 1730.151174 1641.045320 1578.173300 1528.079541 1482.784173 1440.096389 1415.851183 1382.660756 1369.308708 1353.092202 1338.574556 1318.928691 1302.400703 1290.128886 1280.485871 1268.511526 1258.856614 1249.569251 1235.421250 1224.367725 1214.949114 1207.872300 1194.790771 1182.468825 1171.326199 1162.869334 1152.746087 1142.890911 1132.551822 1125.976900 1117.501116 1109.902590 1100.779778 1094.833980 1082.587016 1074.051582 1063.712148 1055.130226 1043.845477 1035.004716 1024.483424 1015.654304 1009.623279 1003.067753 998.248213 987.736292 979.231395 971.639615 965.493406 956.816590 949.570914 944.324510 936.600199 928.541679 920.865047 914.216496 906.850524 900.537735 895.447277 888.931935 882.342050 876.324602 869.407119 864.064360 859.898719 850.372623 845.779839 841.543345 836.060693 831.267080 825.362344 818.290053 812.086418 806.864138 802.005275 795.870267 789.485706 783.276131 777.436180 771.800304 766.035579 759.290953 755.938837 750.730175 747.662337 743.465702 738.097464 735.707342 730.772310 726.484871 723.949704 717.649044 713.969363 709.345184 706.314733 700.633914 697.410405 694.022051 690.103958 685.662573 680.963441 677.143339 672.933527 669.440536 665.785471 662.056600 657.811674 654.568189 651.851524 648.797683 645.444273 642.202196 639.117035 635.967192 632.881268 628.907386 625.765195 623.582218 620.648249
0.000079 0.040760 0.058144 0.075810 0.094584 0.111680 0.129105 0.146359 0.164809 0.182090 0.198879 0.215750 0.236031 0.258609 0.279810 0.300489 0.317980 0.334546 0.351149 0.368303 0.386952 0.404383 0.422224 0.440529 0.461766 0.481633 0.502628 0.519007 0.536481 0.554712 0.571341 0.590032 0.607527 0.630873 0.653471 0.678332 0.696178 0.714963 0.731214 0.747475 0.779899 0.798288 0.814760 0.830910 0.847271 0.863556 0.880865 0.898950 0.915671 0.932234 0.948313 0.964723 0.982155 0.998117 1.014100 1.030026 1.046135 1.062276 1.078317 1.094286 1.111604 1.127340 1.142973 1.158677 1.174287 1.189992 1.205531 1.221141 1.236818 1.252442 1.271374 1.290056 1.305805 1.321354 1.340752 1.362036 1.382367 1.399908 1.417346 1.432782 1.448278 1.464871 1.481459 1.496885 1.512160 1.527314 1.543900 1.558983 1.573950 1.589313 1.607014 1.628682 1.654627 1.674243 1.689309 1.704542 1.721550 1.736422 1.766448 1.787730 1.807593 1.825065 1.845023 1.859891 1.874539 1.889128 1.903687 1.918412 1.933501 1.950231 1.969144 1.983805 1.998500 2.015343 2.033364 2.048182 2.065318 2.080321 2.095649 2.110830 2.126415 2.141709 2.156517 2.171117 2.185995 2.200805 2.215381 2.229939 2.244561 2.259167 2.274110 2.290003 2.305022 2.319697 2.334452 2.349177 2.364013 2.378817 2.393629 2.409060 2.423976 2.438741 2.455275 2.470121 2.484889 2.499894 2.515943 2.531128 2.546072 2.561077 2.576527
Elapsed_time: 2.576527
Score: 620.648249
