5
151
1182.659046 1159.526646 1058.902944 1088.671092 1004.388477 1040.038756 963.620265 1002.233458 932.189482 972.764625 907.888627 948.417660 887.999046 929.075786 872.583321 913.630159 859.625525 899.793180 848.163814 888.026064 839.069328 878.119014 831.367560 869.479832 823.900959 860.994735 817.458013 853.050073 810.950244 845.433956 805.002578 838.019130 799.320578 831.361603 794.221396 825.023601 789.191009 818.549849 783.518184 811.974564 778.319864 805.855965 773.703961 800.124259 769.391971 794.289130 765.000921 788.818275 760.677022 783.418219 756.555271 778.270165 752.561985 773.298890 748.731929 768.442977 744.774624 763.633113 740.866110 758.699339 736.810964 753.844303 733.117278 749.554781 729.697245 745.314169 726.285950 741.006549 722.772246 736.634497 719.161658 731.981039 715.359514 726.759375 710.842529 721.394512 706.282623 715.770115 701.926467 710.618682 697.259208 705.184121 692.469428 699.717167 687.847523 694.810205 683.974306 690.350203 680.440327 685.881951 677.051075 681.941920 673.710753 678.269503 670.840262 674.548031 667.431182 670.466449 663.785526 666.509747 659.831373 662.773125 656.733049 658.649827 653.346476 654.363794 649.345240 650.025710 645.362280 645.681159 641.346047 641.414980 637.472654 637.201303 633.544868 632.749484 629.423428 628.438572 625.500296 624.459276 621.731300 620.344831 617.938977 616.603985 614.377985 612.993846 610.925951 609.484910 607.508958 606.001393 604.224845 602.739957 600.930207 599.555560 597.958715 596.665180 595.215019 594.011091 592.665487 591.540869 590.347174 589.317826 588.271682 587.363812 586.501329 585.764375 585.102821 584.559293 584.119930 583.785376 583.564181
0.421672 0.486117 0.503269 0.518187 0.532717 0.547228 0.564063 0.579161 0.594094 0.608600 0.623065 0.637491 0.652125 0.666868 0.681433 0.696003 0.710558 0.726121 0.741139 0.755641 0.770283 0.789674 0.804140 0.819302 0.841348 0.855980 0.870988 0.885691 0.902214 0.916717 0.931109 0.945600 0.960100 0.978623 0.993153 1.008289 1.022784 1.037204 1.053561 1.070242 1.084712 1.099999 1.114589 1.129899 1.149710 1.164383 1.178905 1.193913 1.208679 1.223310 1.237964 1.253263 1.268022 1.282738 1.297186 1.311688 1.326368 1.340905 1.356086 1.370697 1.385979 1.402671 1.421022 1.441024 1.455489 1.470113 1.485198 1.500692 1.515926 1.530601 1.545135 1.559650 1.576202 1.590813 1.610928 1.629945 1.644649 1.663582 1.682780 1.697694 1.712504 1.727355 1.743447 1.759792 1.775383 1.791429 1.807680 1.824981 1.845191 1.860553 1.875059 1.889570 1.904086 1.918582 1.933082 1.949438 1.965264 1.980192 1.994658 2.009069 2.023482 2.038273 2.060637 2.075143 2.089717 2.104295 2.118829 2.133720 2.150383 2.166038 2.181035 2.197052 2.211541 2.226032 2.241552 2.256134 2.270614 2.285043 2.299455 2.313824 2.328355 2.344661 2.362154 2.376745 2.392150 2.407902 2.422846 2.437695 2.452186 2.467288 2.481794 2.498018 2.512673 2.527439 2.542319 2.562871 2.579943 2.599287 2.615376 2.633999 2.650217 2.667090 2.681497 2.699431 2.714723 2.731765 2.746563 2.766024 2.786609 2.801074 2.815480
Elapsed_time: 2.815480
Score: 583.564181
151
1166.695334 1161.524062 1037.163590 1094.499924 983.777039 1047.934141 943.726617 1010.253633 912.993464 981.591021 889.738028 958.655879 870.806223 939.661118 855.649479 924.370436 844.646348 912.131808 835.472309 901.669319 827.821513 892.115522 821.147973 883.580223 815.345706 875.870403 809.890777 868.340477 804.862560 861.374647 800.204969 854.825579 796.263570 848.782594 792.257275 842.143828 787.149316 834.333265 781.557374 826.782539 775.940314 819.334682 770.757868 812.581920 766.430097 806.877967 763.353624 802.273806 760.917759 797.981263 758.601293 793.649934 756.301923 789.617448 753.847686 785.441781 751.016920 780.777173 747.870354 775.700175 744.410802 771.201675 741.421032 766.997389 738.591806 762.559016 735.494881 757.978729 732.617013 753.904384 729.702174 749.577065 726.111841 744.438202 722.287764 739.095439 718.488126 733.997041 715.034478 729.341037 711.975974 725.172424 709.103164 721.357480 706.360867 717.812344 703.957255 714.368747 701.288467 710.524800 698.099223 706.418252 694.637496 702.381332 691.631380 698.235020 688.382365 694.141986 685.201415 689.882573 681.586232 685.141580 678.562403 681.509465 675.631998 677.931831 672.822148 674.313217 670.032653 671.156604 667.261380 667.621123 664.175336 664.092660 660.952867 660.090739 657.315673 656.291249 653.877085 652.695268 650.582667 649.326579 647.241566 646.021333 644.278330 643.077378 641.632751 640.372347 639.016541 637.648067 636.312218 634.978698 633.695950 632.444479 631.201525 629.990537 628.852826 627.669417 626.608912 625.555074 624.587526 623.653558 622.834095 622.033429 621.341595 620.684338 620.147079 619.669775 619.294556 619.003206 618.810878
0.439803 0.506521 0.521174 0.536018 0.551041 0.565505 0.580076 0.594597 0.609654 0.626913 0.643818 0.659236 0.674580 0.689137 0.703547 0.717967 0.732908 0.755477 0.774341 0.788900 0.803519 0.819771 0.834600 0.850789 0.865342 0.879967 0.894557 0.910041 0.925171 0.941294 0.955886 0.971757 0.986519 1.001835 1.016466 1.033912 1.052077 1.071945 1.092225 1.108441 1.123059 1.138322 1.152896 1.167607 1.182019 1.197787 1.212303 1.226855 1.243463 1.258022 1.272697 1.287854 1.302593 1.323961 1.344450 1.362163 1.376857 1.393435 1.408341 1.423601 1.439352 1.454081 1.468748 1.487454 1.505812 1.520241 1.534730 1.549324 1.563955 1.578472 1.593206 1.608180 1.624525 1.640737 1.655280 1.669866 1.684384 1.700206 1.714620 1.729048 1.743489 1.758758 1.774725 1.790018 1.804899 1.824583 1.842581 1.857481 1.875703 1.892007 1.907876 1.923162 1.937583 1.952106 1.966513 1.983407 2.000891 2.021365 2.037243 2.051884 2.066451 2.082208 2.097030 2.111456 2.125853 2.140275 2.155700 2.177307 2.195869 2.210403 2.224989 2.242143 2.256972 2.273767 2.288733 2.305856 2.320493 2.336699 2.351298 2.367238 2.383387 2.400499 2.414957 2.429387 2.443843 2.458256 2.473139 2.493970 2.508572 2.528392 2.542805 2.557272 2.571746 2.586288 2.600770 2.615256 2.629773 2.644344 2.658824 2.674407 2.689188 2.704060 2.724460 2.741782 2.758661 2.774983 2.789596 2.804970 2.819612 2.834277 2.850098
Elapsed_time: 2.850098
Score: 618.810878
151
1158.712492 1134.509758 1016.163448 1069.209095 962.740442 1020.844303 923.398144 983.051438 891.629628 952.327228 866.752482 927.883436 846.458522 907.700194 830.654105 890.980023 817.178460 876.614680 805.919314 864.005301 796.597395 852.795129 787.595667 842.136769 779.318503 832.210263 771.901154 823.056590 765.121316 814.643075 758.924140 806.684773 753.367470 799.543081 748.635194 793.259624 744.780669 787.621642 741.098322 782.141851 737.792903 777.265480 734.809211 772.604412 731.698639 767.791909 728.290221 762.780794 724.350392 757.268386 720.102039 751.650516 715.901087 746.290386 712.102416 741.384493 708.315965 736.491863 704.763329 731.547901 701.202806 726.906634 698.381929 722.943765 695.708780 718.849868 693.177719 714.996153 690.530473 711.029585 687.307870 706.291970 683.570322 701.272614 679.931233 696.420408 676.321051 691.954405 672.950075 687.780128 669.574811 683.375704 666.222957 679.030401 662.640960 674.505328 659.227330 670.322657 655.918983 666.250182 652.829014 662.465935 649.840157 658.331169 646.651288 654.290382 643.559335 650.316814 640.467427 646.257952 637.153857 641.850265 633.750908 637.155013 629.874543 632.357418 625.909640 627.718187 621.873454 622.960501 617.762189 618.120306 613.845789 613.604622 609.867043 609.472049 606.093393 605.463194 602.546348 601.609219 598.974684 597.712330 595.417958 593.960956 591.942114 590.381106 588.477330 586.776165 585.000501 583.248019 581.611891 579.909881 578.515308 576.926459 575.645978 574.204061 572.993407 571.659496 570.575189 569.368067 568.380094 567.291975 566.448837 565.510019 564.803399 564.063157 563.507881 562.978298 562.595170 562.279967 562.082370
0.432872 0.499726 0.515491 0.531240 0.546872 0.566691 0.581673 0.597392 0.612707 0.628180 0.642748 0.657464 0.672189 0.686792 0.702671 0.717738 0.732668 0.747487 0.762639 0.777470 0.792383 0.806889 0.821374 0.835844 0.850404 0.867104 0.881549 0.896034 0.916100 0.933160 0.947674 0.962121 0.976536 0.991198 1.008063 1.028948 1.046146 1.063435 1.077945 1.092403 1.107115 1.121703 1.141708 1.156427 1.177433 1.197579 1.213053 1.227805 1.242418 1.257093 1.273895 1.288655 1.305207 1.320485 1.335220 1.352042 1.369743 1.385825 1.405405 1.422310 1.438569 1.457569 1.472039 1.486439 1.501087 1.520898 1.541343 1.561431 1.577905 1.595629 1.612544 1.628410 1.643748 1.659446 1.673987 1.690063 1.705578 1.720010 1.734616 1.754830 1.769651 1.784771 1.799991 1.814541 1.829326 1.844951 1.861968 1.876389 1.892048 1.910567 1.927872 1.947169 1.962512 1.977716 1.992122 2.006585 2.021460 2.037207 2.051866 2.071002 2.085594 2.100117 2.115447 2.130205 2.144742 2.160218 2.174755 2.189945 2.204799 2.219197 2.233685 2.248569 2.267603 2.285895 2.300598 2.315040 2.333145 2.348844 2.363859 2.378436 2.392899 2.407409 2.421914 2.438670 2.457962 2.472365 2.487092 2.505248 2.525914 2.546000 2.562581 2.580685 2.600918 2.615436 2.631635 2.646016 2.660446 2.674902 2.689798 2.704194 2.718685 2.733322 2.747758 2.762241 2.778848 2.798195 2.815734 2.830309 2.845185 2.859971 2.875011
Elapsed_time: 2.875011
Score: 562.082370
151
1195.259235 1162.496819 1050.416561 1097.182891 997.439201 1048.428307 956.466211 1009.561221 924.117431 978.319853 898.178312 952.349001 877.070323 930.893929 860.124891 913.514173 845.935063 898.257855 834.170114 885.252875 824.351871 874.196121 816.144489 863.854982 808.808814 854.719664 802.549848 846.810700 797.235420 839.715871 792.515669 833.376530 788.054113 827.004857 783.150305 820.187681 778.323758 813.485346 773.305126 806.843640 768.782522 801.240322 765.506148 796.599068 762.655881 791.909678 759.428639 786.792132 755.765098 781.729100 751.948590 777.018080 748.630542 772.580034 745.627423 768.547941 743.034615 764.578810 740.304438 760.917514 737.546338 757.082851 734.741078 752.772660 731.555592 748.013858 728.106564 743.458206 724.970829 739.140616 721.938544 735.075053 719.059692 731.114722 716.040689 726.854672 712.441045 721.951753 708.149476 716.860588 704.019109 712.305275 700.256792 707.687224 696.472721 703.237154 693.041477 699.304285 690.041649 695.528960 686.707656 691.491675 683.251651 687.545683 679.925091 683.633285 676.630773 679.843278 673.478752 676.373033 670.721757 673.105229 668.147041 669.586127 664.970130 665.944413 661.684060 661.495254 658.031292 657.361779 654.354354 653.347044 650.609916 649.460947 647.153264 645.831482 643.735926 642.315991 640.269011 638.809660 636.865661 635.355706 633.506172 631.928374 630.218288 628.674915 627.161710 625.732619 624.352393 622.867273 621.508608 620.140836 618.858772 617.461090 616.283613 615.044422 613.885787 612.674662 611.581017 610.519485 609.558576 608.673237 607.846870 607.103583 606.421473 605.815872 605.289731 604.857042 604.496616 604.233773 604.052984
0.437798 0.513421 0.529765 0.544639 0.559387 0.575709 0.595970 0.616451 0.631763 0.646437 0.665265 0.681802 0.696277 0.711653 0.726766 0.741201 0.756511 0.771086 0.786673 0.803141 0.821419 0.836426 0.850908 0.867526 0.882360 0.897020 0.911505 0.926012 0.940606 0.956466 0.972066 0.986598 1.001073 1.015613 1.030187 1.045483 1.060096 1.075707 1.090578 1.105194 1.122267 1.138389 1.152943 1.167566 1.182092 1.196618 1.211036 1.225489 1.239925 1.255762 1.270704 1.286041 1.300726 1.315653 1.330269 1.344713 1.359146 1.373789 1.391334 1.405765 1.420201 1.434626 1.449044 1.463978 1.481852 1.496343 1.510770 1.528836 1.549459 1.564128 1.582472 1.598464 1.613784 1.628365 1.643403 1.658110 1.674920 1.689702 1.705193 1.719868 1.734520 1.749628 1.764203 1.778695 1.793153 1.807666 1.822386 1.837293 1.853679 1.873179 1.887595 1.902087 1.916558 1.931107 1.946630 1.963553 1.978003 1.994480 2.009317 2.028582 2.043464 2.061109 2.078811 2.096058 2.112868 2.131313 2.150370 2.167506 2.182133 2.196971 2.212785 2.227854 2.242461 2.257775 2.272415 2.286966 2.301391 2.315835 2.330499 2.352117 2.369915 2.384657 2.403333 2.418127 2.433141 2.453313 2.468983 2.488970 2.509316 2.524593 2.540377 2.555189 2.571920 2.588024 2.606171 2.624631 2.642152 2.659039 2.674082 2.688927 2.706374 2.724607 2.740426 2.759164 2.776900 2.796291 2.810701 2.825240 2.842533 2.857563 2.872668
Elapsed_time: 2.872668
Score: 604.052984
151
1236.770021 1146.200573 1066.385759 1072.266620 1005.841167 1018.569004 959.685659 976.477028 923.993559 943.160405 895.420894 915.921322 872.418060 893.609420 853.579900 874.770679 837.331482 858.477392 823.647923 844.939678 812.299702 833.375489 802.699642 823.320194 794.474298 814.721467 787.706309 807.235257 781.533416 800.454609 775.903840 793.837176 770.672133 787.740307 766.049217 782.619627 761.708615 777.561978 757.559444 772.505102 753.378372 767.487657 749.170013 762.451379 745.105909 757.635658 741.168204 753.273861 737.925110 749.584607 735.024952 746.047409 732.252968 742.616474 729.395475 738.928125 725.927254 734.560003 722.239104 729.996409 718.271255 725.285407 713.125468 720.907431 709.264410 716.226980 705.319722 711.264565 700.865946 706.124892 696.013810 700.942798 691.391911 696.151963 687.393373 691.889007 683.790878 687.748499 680.307376 683.921773 676.936407 680.227900 673.777056 676.789368 670.705014 673.666018 667.973346 670.571343 665.129037 667.168284 661.916504 663.740484 659.001712 660.144179 655.870285 656.398346 652.775793 653.087350 650.061538 650.080329 647.453371 647.131951 644.768016 644.029156 641.526707 640.466729 637.925125 636.364528 634.184149 632.383390 630.275585 628.397581 626.514514 624.414628 622.421475 620.373027 618.403263 616.421920 614.472130 612.469407 610.532936 608.565202 606.659105 604.919418 603.185991 601.454426 599.801981 598.060200 596.470747 594.792650 593.255302 591.623500 590.158202 588.633858 587.259549 585.854374 584.593352 583.321853 582.187021 581.036448 580.022518 579.016854 578.155813 577.317601 576.607120 575.950438 575.407911 574.940392 574.571269 574.293187 574.105888
0.456317 0.522532 0.537513 0.552501 0.567194 0.581624 0.596031 0.610546 0.625524 0.645443 0.662430 0.678928 0.693450 0.712233 0.731987 0.746745 0.761193 0.775622 0.790029 0.804499 0.818926 0.833415 0.848275 0.862923 0.877650 0.892051 0.907401 0.922091 0.937883 0.952953 0.968083 0.982705 0.997261 1.011748 1.026507 1.042253 1.057002 1.075808 1.090263 1.104700 1.119930 1.136333 1.154301 1.168811 1.183282 1.197880 1.212506 1.227096 1.244312 1.259503 1.275786 1.292925 1.307415 1.322014 1.341264 1.355800 1.374130 1.388781 1.403246 1.417713 1.432381 1.448524 1.463659 1.479671 1.494268 1.513514 1.528177 1.544991 1.560269 1.574913 1.591326 1.606000 1.623123 1.643290 1.657889 1.676849 1.694156 1.716264 1.733466 1.750477 1.766225 1.782135 1.803009 1.817690 1.832534 1.852813 1.867355 1.882558 1.897937 1.913209 1.930096 1.946241 1.967147 1.984671 2.001825 2.020108 2.034783 2.049957 2.065080 2.080413 2.095968 2.115088 2.131306 2.146738 2.162850 2.178660 2.193194 2.214197 2.229197 2.243657 2.258078 2.272971 2.288248 2.303452 2.317915 2.332674 2.347738 2.362287 2.376674 2.391080 2.405672 2.420260 2.439598 2.454072 2.468539 2.483017 2.497788 2.512965 2.527400 2.541819 2.556528 2.576353 2.592828 2.607778 2.622851 2.637375 2.651882 2.666419 2.680870 2.695395 2.710458 2.728132 2.742888 2.757492 2.771923 2.786455 2.800969 2.815529 2.830275 2.844785 2.859223
Elapsed_time: 2.859223
Score: 574.105888
