5
142
959.957306 525.655113 442.999546 407.361419 381.806714 357.916095 336.991591 317.727894 297.942870 283.005001 265.940257 254.048939 236.705353 226.532951 211.818844 202.526868 189.479226 180.959348 168.728489 161.046057 149.443027 143.129539 132.070982 125.641123 114.839879 109.219077 98.310438 92.934231 82.133767 77.215116 67.255969 61.882453 52.071431 46.849040 37.327623 32.240903 23.582470 18.903765 10.140157 6.276752 -2.280784 -6.174474 -14.477183 -18.400535 -27.497843 -31.244813 -40.380156 -44.075007 -53.620273 -57.453928 -66.412435 -70.570016 -79.624582 -83.930679 -92.911781 -97.108931 -106.225032 -110.549507 -119.338749 -123.488315 -131.570458 -135.655627 -143.630054 -147.604185 -155.660794 -159.689448 -167.006264 -171.496352 -179.288706 -184.201345 -191.610901 -196.836531 -204.458451 -209.887572 -217.987351 -223.594233 -232.110704 -237.814013 -245.861375 -251.537584 -259.538502 -265.042167 -272.867963 -278.717109 -286.385116 -292.378262 -300.164105 -306.289213 -313.713503 -320.244703 -327.731858 -334.634326 -342.167678 -349.028209 -356.112173 -363.248075 -370.340350 -377.219296 -384.387455 -391.551919 -398.966351 -405.898890 -413.212908 -420.202263 -427.762144 -434.566116 -441.954673 -448.892238 -456.152435 -463.371232 -470.684507 -477.826412 -485.126011 -492.241180 -499.409946 -506.643621 -513.860095 -521.213916 -528.488758 -535.869494 -543.129742 -550.334866 -557.471144 -564.578787 -571.548887 -578.407028 -585.164310 -591.819359 -598.301578 -604.600439 -610.692038 -616.587160 -622.221253 -627.644792 -632.788599 -637.689548 -642.288330 -646.603729 -650.609847 -654.321880 -657.712849 -660.798921
4.625962 6.144877 6.402028 6.670157 6.935853 7.203700 7.468160 7.725872 7.988187 8.247928 8.509839 8.774352 9.031337 9.307290 9.588982 9.850044 10.121055 10.376176 10.630320 10.888853 11.144819 11.406331 11.666203 11.924171 12.177352 12.448355 12.710375 12.976888 13.241398 13.503790 13.764967 14.033361 14.293278 14.563856 14.823956 15.079810 15.338744 15.595948 15.858861 16.127915 16.388221 16.662095 16.916039 17.170938 17.435869 17.688438 17.938573 18.206612 18.514047 18.810616 19.079470 19.341733 19.599949 19.861379 20.125564 20.379438 20.643737 20.911418 21.176307 21.433570 21.698067 21.959782 22.222486 22.503417 22.771737 23.032044 23.292897 23.549820 23.806814 24.064511 24.330494 24.591141 24.871667 25.135538 25.401798 25.666047 25.924610 26.178355 26.447981 26.710679 26.970903 27.235366 27.492570 27.749621 28.009420 28.271187 28.545773 28.811861 29.084424 29.349643 29.608735 29.884095 30.138134 30.403972 30.663851 30.920014 31.183643 31.437547 31.713446 31.979061 32.244933 32.504288 32.774788 33.038173 33.301606 33.570902 33.826987 34.083591 34.348553 34.605441 34.871463 35.132008 35.408254 35.673322 35.940643 36.199841 36.463770 36.720327 36.974306 37.233556 37.493039 37.748369 38.003010 38.265948 38.545121 38.806225 39.065693 39.328788 39.590316 39.855868 40.116278 40.379869 40.639205 40.896068 41.152248 41.411255 41.667418 41.922822 42.181647 42.439445 42.702312 42.959036
Elapsed_time: 42.959036
Score: -660.798921
142
990.856567 553.439114 464.112297 425.669490 396.348490 368.339683 347.656789 323.500939 305.060982 284.058731 268.968334 250.417435 237.321750 220.443404 208.692149 194.383551 183.729686 170.280154 160.147824 148.173779 137.987132 126.886633 117.271960 106.332313 97.475817 87.758691 79.320689 70.112955 62.104097 53.424902 46.031165 37.045574 30.371148 21.645402 14.364390 6.353831 -0.887286 -8.340342 -15.661110 -22.906183 -29.871856 -37.258289 -44.808661 -51.613339 -58.224632 -65.118701 -71.081647 -77.976881 -84.053866 -90.738223 -96.939003 -103.253420 -108.894552 -115.315160 -120.795041 -127.536073 -133.082834 -139.808369 -145.264146 -152.179880 -157.615043 -164.586081 -170.015278 -176.690998 -182.605253 -188.822048 -194.385121 -200.682531 -205.962989 -212.044607 -217.317640 -223.524730 -228.973625 -235.708971 -241.310442 -248.079115 -253.587366 -260.401585 -266.423605 -272.983189 -279.132333 -285.619851 -291.816702 -298.022251 -304.168467 -310.777114 -317.020920 -323.859026 -330.083606 -337.110767 -343.602745 -350.614885 -357.520004 -364.393186 -371.239756 -377.984800 -384.867765 -391.576932 -398.350696 -405.159227 -412.043735 -418.871456 -425.679208 -432.548838 -439.355598 -446.090063 -453.137164 -460.241807 -467.291375 -474.579867 -481.735487 -488.995513 -496.011706 -503.141362 -510.066607 -517.146353 -523.951365 -530.827527 -537.428484 -544.123394 -550.635511 -557.169511 -563.512060 -569.865903 -576.084824 -582.271630 -588.315968 -594.246343 -600.013578 -605.649047 -611.143216 -616.482008 -621.617748 -626.564281 -631.318721 -635.835143 -640.109795 -644.129358 -647.883071 -651.359904 -654.555522 -657.462835
4.786976 6.298296 6.567503 6.830740 7.093012 7.357198 7.612629 7.879710 8.142730 8.402383 8.672748 8.923304 9.184373 9.442373 9.700246 9.954231 10.206735 10.469723 10.730702 10.992589 11.250316 11.515371 11.770397 12.025248 12.285220 12.550299 12.808921 13.065612 13.323594 13.582810 13.850147 14.128396 14.411412 14.671005 14.938076 15.198836 15.467014 15.724358 15.984789 16.240897 16.510794 16.779924 17.039719 17.301536 17.562399 17.816502 18.070171 18.330708 18.588407 18.856663 19.116727 19.383618 19.637598 19.895494 20.158189 20.431086 20.695948 20.956490 21.212938 21.476557 21.731383 21.990492 22.249287 22.507924 22.770473 23.044134 23.306261 23.569301 23.840788 24.098302 24.355371 24.613328 24.874129 25.127375 25.396935 25.658163 25.922547 26.178597 26.443885 26.717295 26.978761 27.230390 27.486022 27.767733 28.028983 28.298302 28.553147 28.817636 29.080783 29.345640 29.624458 29.890137 30.142887 30.404335 30.668308 30.926994 31.187275 31.443201 31.698508 31.964203 32.219339 32.484503 32.750921 33.016116 33.279331 33.533920 33.800324 34.056400 34.317454 34.581958 34.838479 35.096308 35.354754 35.615017 35.892174 36.153002 36.420326 36.686684 36.959248 37.222956 37.479264 37.734521 37.993665 38.256880 38.511459 38.774004 39.028714 39.302349 39.559969 39.826705 40.090145 40.350872 40.611671 40.866968 41.126089 41.382378 41.639482 41.895983 42.154092 42.416892 42.684454 42.945340
Elapsed_time: 42.945340
Score: -657.462835
142
1072.735279 631.044641 531.651547 493.805886 459.040116 437.426095 409.001079 391.443528 368.804792 353.219218 334.178954 323.096437 305.590059 296.345436 280.376738 272.154214 256.286560 249.121481 235.250581 228.637755 215.183190 209.528791 196.230404 191.443622 179.260055 174.796089 163.818608 159.326020 149.221942 145.168088 135.195857 131.370797 122.205274 118.388797 110.191315 106.081890 98.383311 94.327437 87.076891 83.241192 76.027016 72.477097 65.317040 61.535007 54.142041 50.867989 43.556083 40.461373 33.816948 30.348260 24.620669 21.507820 15.786202 12.389182 7.068703 3.599126 -1.213608 -4.781138 -9.593855 -13.318773 -18.007259 -21.814287 -26.746502 -30.731194 -35.929734 -40.098845 -45.771304 -49.798703 -55.498633 -59.614407 -65.303353 -69.470437 -75.067847 -79.681751 -84.993908 -89.714538 -95.137298 -99.631591 -105.536555 -110.631169 -116.820382 -122.419946 -128.794246 -134.507161 -141.158637 -147.279216 -154.458336 -161.178472 -168.669588 -175.408798 -183.094150 -190.091575 -197.491278 -204.508652 -212.377632 -219.446434 -227.487765 -234.782962 -242.428651 -249.705017 -257.309376 -264.880989 -272.564989 -280.320474 -288.091252 -295.785888 -303.725612 -311.962257 -320.313173 -328.758854 -337.589681 -346.274659 -354.994090 -363.808462 -372.317748 -380.803060 -389.035117 -397.188768 -405.136911 -413.156973 -421.045540 -428.860665 -436.589779 -444.182181 -451.716570 -459.058930 -466.269080 -473.324554 -480.258195 -486.937586 -493.426565 -499.665906 -505.707721 -511.458398 -516.930775 -522.091281 -526.948116 -531.496305 -535.716606 -539.609332 -543.176587 -546.423033
4.774112 6.263172 6.514410 6.780554 7.065455 7.322615 7.579937 7.852753 8.107249 8.364385 8.619397 8.886065 9.151407 9.420914 9.679201 9.938159 10.196508 10.455594 10.739003 10.997633 11.255248 11.514500 11.775103 12.029167 12.296730 12.569748 12.829162 13.083996 13.347533 13.612896 13.870680 14.126482 14.380923 14.634027 14.888698 15.148800 15.409013 15.669387 15.927488 16.183688 16.441521 16.690233 16.944773 17.209801 17.467190 17.733002 18.004607 18.267250 18.526647 18.784242 19.041324 19.296298 19.549497 19.802964 20.059878 20.327477 20.588868 20.850833 21.109863 21.369810 21.632901 21.895726 22.158978 22.423628 22.677989 22.942198 23.210197 23.477157 23.735829 23.991287 24.244211 24.506837 24.777356 25.042540 25.328128 25.577255 25.848680 26.104935 26.370388 26.632625 26.904934 27.161834 27.424391 27.693760 27.959394 28.234508 28.497712 28.753122 29.009688 29.280747 29.545958 29.813318 30.073351 30.344463 30.597838 30.868306 31.125600 31.390060 31.642750 31.898108 32.157377 32.408676 32.674987 32.935151 33.192170 33.445895 33.706805 33.972987 34.231154 34.488159 34.741468 34.994597 35.256893 35.516178 35.771888 36.026952 36.293092 36.564962 36.823215 37.081383 37.335191 37.592482 37.856032 38.114159 38.366314 38.632058 38.890544 39.147406 39.405233 39.663654 39.921120 40.181973 40.448205 40.707463 40.973629 41.225123 41.482926 41.749082 42.003290 42.269434 42.537092 42.792531
Elapsed_time: 42.792531
Score: -546.423033
142
1038.862293 592.280697 501.954528 466.345230 437.037664 412.921743 392.912903 372.647252 356.451929 339.289125 325.970217 310.997764 297.689646 285.604191 272.784874 261.670963 249.242357 239.555847 227.467737 218.165771 207.118598 198.702386 188.416147 180.450223 170.289442 162.138115 152.790243 144.799434 136.262653 128.772162 120.518300 113.109448 105.121467 98.077669 90.375127 83.420624 75.989226 70.017956 62.495160 56.659985 49.027030 43.635938 36.629346 30.892077 24.131434 18.234138 11.602859 5.900327 -0.622733 -6.108807 -12.530817 -18.049992 -24.296382 -29.411385 -35.686314 -40.482090 -46.641984 -51.468354 -57.767571 -62.803546 -68.721472 -73.533401 -79.485874 -84.393560 -90.172813 -95.543145 -101.625576 -107.403908 -114.012387 -120.414691 -127.209289 -133.772557 -140.473377 -146.315298 -152.411527 -158.129727 -164.026030 -169.607406 -175.370141 -180.739283 -186.391728 -191.866083 -197.528728 -203.125736 -209.017537 -214.806127 -221.197677 -227.232197 -234.214929 -240.691045 -247.701062 -254.386687 -261.379236 -268.546417 -275.688283 -283.012166 -290.173697 -297.563513 -304.534304 -311.991727 -319.470955 -326.773123 -334.134697 -341.563890 -348.756519 -356.274991 -363.714613 -371.197110 -378.553802 -385.863159 -393.100728 -400.355976 -407.573289 -414.805005 -421.980241 -429.242377 -436.544645 -443.817829 -451.241186 -458.443018 -465.862507 -473.005500 -480.269732 -487.339605 -494.381387 -501.257603 -508.080715 -514.734434 -521.243427 -527.530082 -533.655217 -539.577146 -545.312994 -550.837203 -556.096710 -561.119082 -565.851389 -570.307458 -574.444795 -578.277907 -581.789027 -584.986322
4.705834 6.218954 6.481038 6.735323 7.000539 7.257796 7.520131 7.776722 8.036675 8.291090 8.550152 8.810124 9.077008 9.331436 9.585528 9.842347 10.095194 10.357965 10.615348 10.871797 11.123399 11.372282 11.634809 11.903834 12.157939 12.421023 12.675445 12.931610 13.197948 13.462850 13.719440 13.980084 14.243021 14.518667 14.776422 15.032195 15.293546 15.550324 15.812183 16.077709 16.339909 16.596315 16.848896 17.106251 17.377729 17.639147 17.899733 18.151425 18.411700 18.668611 18.926284 19.181094 19.436224 19.701455 19.956357 20.209388 20.464575 20.728396 20.983962 21.264442 21.520578 21.779129 22.036038 22.299417 22.560057 22.828023 23.090871 23.354891 23.625969 23.888733 24.144259 24.409395 24.666673 24.928530 25.185909 25.442709 25.698054 25.953267 26.217215 26.480026 26.737790 26.996461 27.258104 27.516532 27.789613 28.061167 28.318049 28.579551 28.837948 29.102542 29.365816 29.624485 29.883821 30.141938 30.402228 30.657602 30.913544 31.170327 31.424281 31.685645 31.943083 32.204045 32.458532 32.714114 32.973762 33.243287 33.509961 33.770016 34.029552 34.294199 34.554319 34.816878 35.071002 35.329062 35.594275 35.850494 36.108950 36.366850 36.641505 36.907521 37.168494 37.419044 37.677607 37.936710 38.193466 38.458415 38.717445 38.986514 39.250882 39.514091 39.783544 40.041603 40.298742 40.559865 40.815756 41.079355 41.334630 41.585920 41.846495 42.106519 42.373390 42.639591
Elapsed_time: 42.639591
Score: -584.986322
142
1126.548984 699.491620 603.692921 562.612940 532.373214 508.009387 486.436868 467.133203 449.751920 434.805870 419.670779 406.686652 394.547447 382.887118 372.416198 361.644717 351.928585 342.284853 333.355603 324.289484 316.340966 308.176193 300.437202 293.116896 286.438141 279.332670 273.056346 266.246169 260.379448 253.371641 248.020119 240.947673 235.706413 228.958326 223.740902 217.488380 212.219993 205.875650 200.474170 194.402288 189.567384 183.844015 179.127974 173.698160 168.689025 163.613459 158.590056 153.408780 148.436360 143.265362 138.215606 133.110329 128.448933 123.599642 118.908140 114.044935 109.557427 104.944839 100.452691 95.773135 91.480713 86.631521 82.306013 77.320882 73.062651 68.153948 63.658519 58.490268 54.169261 49.081630 44.676045 39.973035 35.539736 30.833451 26.485749 21.501707 17.118920 12.028590 7.486787 2.601603 -1.930006 -6.731479 -10.954393 -15.864420 -20.382866 -25.258488 -30.283998 -35.343195 -40.380995 -45.822385 -51.191369 -56.865100 -62.291516 -67.979257 -73.861458 -79.908617 -85.688772 -91.347722 -96.702013 -102.203408 -107.525253 -113.037851 -118.590113 -124.044693 -129.485177 -134.981658 -140.719923 -146.562852 -152.390748 -158.374008 -164.379201 -170.832312 -176.999558 -183.759536 -189.939661 -196.622608 -202.775694 -209.294239 -215.602940 -221.951448 -228.096323 -234.312175 -240.288587 -246.232816 -252.036029 -257.785037 -263.358538 -268.927204 -274.390727 -279.743308 -284.973198 -290.078851 -295.015126 -299.767460 -304.315601 -308.665952 -312.786065 -316.646895 -320.246793 -323.583276 -326.653844 -329.439018
4.766031 6.294313 6.557648 6.820699 7.083938 7.337316 7.601807 7.856206 8.129842 8.386556 8.646741 8.906488 9.175053 9.431961 9.688376 9.945617 10.215707 10.487524 10.750496 11.006249 11.267911 11.533760 11.796969 12.059533 12.316349 12.582699 12.846280 13.104197 13.359149 13.621307 13.883967 14.140961 14.409155 14.682038 14.936913 15.207402 15.473635 15.728340 15.989215 16.246604 16.503119 16.765558 17.026684 17.281069 17.548877 17.806857 18.071452 18.330899 18.588182 18.863993 19.128931 19.400071 19.672504 19.935486 20.193560 20.447012 20.711800 20.967926 21.217945 21.483699 21.739498 21.992713 22.245471 22.499098 22.760730 23.021090 23.284016 23.539524 23.793435 24.057692 24.312804 24.574484 24.835952 25.089965 25.349682 25.607267 25.865911 26.134225 26.390804 26.666064 26.930249 27.194690 27.450704 27.711806 27.966826 28.230817 28.499067 28.758337 29.010175 29.272921 29.538604 29.803700 30.070904 30.335722 30.597184 30.883989 31.152514 31.412191 31.677975 31.943249 32.199336 32.464335 32.720253 32.991457 33.256529 33.525043 33.784331 34.061099 34.318322 34.583621 34.835767 35.091697 35.345008 35.610703 35.865464 36.120874 36.384734 36.652671 36.915958 37.174521 37.431928 37.693723 37.951950 38.204760 38.466283 38.721229 39.002986 39.270776 39.536265 39.798795 40.076396 40.340412 40.599142 40.856275 41.117163 41.381036 41.635135 41.893992 42.164881 42.432270 42.692390 42.956510
Elapsed_time: 42.956510
Score: -329.439018
