5
151
152204.129648 6573.773668 6331.537650 6086.687499 5846.245346 5615.484514 5399.675783 5200.090378 5015.799006 4845.373840 4686.620329 4538.243115 4400.150357 4270.566805 4148.714792 4033.836715 3924.951710 3821.911237 3724.585193 3631.485137 3542.814083 3457.634987 3376.111215 3298.184821 3223.385173 3151.257537 3082.021609 3015.346973 2951.482053 2889.689997 2830.069132 2772.369471 2716.373381 2661.869679 2609.191097 2558.086858 2508.729647 2460.643269 2414.135511 2369.125746 2325.458893 2283.055797 2242.013621 2202.188867 2163.154129 2125.557492 2088.770963 2053.203534 2018.526259 1985.041304 1952.315059 1920.587710 1889.651180 1859.549385 1830.035065 1801.448302 1773.431123 1746.027685 1719.239058 1692.981163 1667.257886 1642.061104 1617.588451 1593.609396 1569.947305 1546.937177 1524.404561 1502.372094 1480.832769 1459.761465 1439.115947 1418.901380 1399.188953 1379.855974 1361.016174 1342.412672 1324.359410 1306.556295 1289.158284 1272.078070 1255.338839 1238.823367 1222.811298 1206.980398 1191.546541 1176.284044 1161.350565 1146.764534 1132.502916 1118.506605 1104.813401 1091.423618 1078.253363 1065.378134 1052.747363 1040.431136 1028.346053 1016.542939 1004.913960 993.565719 982.498440 971.606247 961.033946 950.639700 940.521012 930.640793 920.961108 911.507486 902.292258 893.277366 884.473508 875.933662 867.618110 859.510202 851.594278 843.921891 836.459752 829.239910 822.227403 815.443004 808.864741 802.512529 796.354396 790.415537 784.685268 779.158465 773.848724 768.736632 763.847783 759.163698 754.685987 750.413175 746.344405 742.483825 738.835853 735.385757 732.146676 729.110658 726.278039 723.652606 721.229959 719.012959 717.001498 715.191294 713.585595 712.182264 710.980983 709.980158 709.180204 708.580809 708.181450
0.000295 0.824769 1.085226 1.346024 1.625944 1.896951 2.153055 2.436404 2.690284 2.944826 3.215040 3.496516 3.774595 4.048742 4.314641 4.567106 4.844015 5.134325 5.404062 5.672403 5.935870 6.193121 6.478522 6.743001 7.012799 7.271999 7.553515 7.816592 8.107352 8.370606 8.647668 8.949459 9.220033 9.483824 9.753040 10.018252 10.296808 10.572809 10.837435 11.144253 11.412214 11.683793 11.946921 12.225321 12.500704 12.765922 13.036936 13.294868 13.561088 13.847867 14.102432 14.365663 14.629692 14.908706 15.174976 15.440576 15.702008 15.957485 16.219166 16.510075 16.780814 17.053626 17.315156 17.581883 17.847736 18.101615 18.357264 18.634407 18.943753 19.224580 19.484537 19.743422 20.024428 20.295280 20.549630 20.808961 21.098156 21.356488 21.628529 21.906258 22.169581 22.448844 22.717397 22.982579 23.251763 23.513546 23.795987 24.079088 24.356763 24.624989 24.881428 25.144165 25.405330 25.681841 25.945016 26.196086 26.454730 26.710182 26.969641 27.225264 27.478462 27.741195 28.005721 28.267444 28.527403 28.787733 29.041008 29.302764 29.561178 29.831904 30.090077 30.356569 30.614054 30.877954 31.136524 31.399079 31.666290 31.929660 32.199692 32.456873 32.720645 32.973834 33.230685 33.494609 33.754063 34.023577 34.305057 34.571377 34.842812 35.100644 35.366356 35.627457 35.888940 36.143138 36.402746 36.655570 36.914477 37.173396 37.433099 37.687873 37.944223 38.203354 38.484010 38.739938 39.001267 39.261252 39.528786 39.778179 40.035800 40.291307 40.552881
Elapsed_time: 40.552881
Score: 708.181450
151
153235.520473 6611.432991 6376.579239 6136.210549 5897.213539 5667.725498 5452.210194 5250.428079 5062.995559 4888.725910 4726.069454 4574.988634 4433.870327 4301.011055 4176.416797 4059.354812 3949.032896 3844.901172 3746.660636 3654.084891 3565.989151 3481.837600 3401.467509 3324.493952 3250.572195 3179.579359 3111.268279 3045.457389 2982.019903 2920.869744 2862.158446 2805.352247 2750.333787 2697.294708 2646.330256 2596.949833 2549.066197 2502.920926 2458.391361 2415.181334 2373.615129 2333.220727 2294.265574 2256.194575 2219.316157 2183.693394 2149.065899 2115.469772 2082.910911 2051.323299 2020.430183 1990.662564 1961.509973 1933.133635 1905.442434 1878.545477 1852.304450 1826.717243 1801.839681 1777.613818 1753.991981 1730.712878 1708.139163 1686.113582 1664.724137 1643.797596 1623.364092 1603.224852 1583.588615 1564.364158 1545.738075 1527.329941 1509.450997 1491.917030 1474.893618 1457.977386 1441.628935 1425.213178 1409.482690 1393.753672 1378.577451 1363.490451 1348.788701 1334.269196 1320.154827 1306.132041 1292.446393 1278.801064 1265.597785 1252.467985 1239.713192 1227.103444 1214.752933 1202.584015 1190.735275 1179.048256 1167.623939 1156.371845 1145.374314 1134.580993 1123.933101 1113.563063 1103.348001 1093.280165 1083.436813 1073.753674 1064.285051 1054.997227 1045.918702 1037.049653 1028.370142 1019.934085 1011.682215 1003.655087 995.787348 988.135036 980.655475 973.373583 966.312966 959.437844 952.763994 946.292957 940.011998 933.938465 928.061940 922.390365 916.912967 911.649528 906.602889 901.764533 897.132562 892.719634 888.520314 884.534326 880.757144 877.194293 873.842405 870.701677 867.769119 865.048874 862.539828 860.244049 858.157949 856.282871 854.616215 853.159755 851.913015 850.874915 850.043585 849.420394 849.005176
0.000185 0.824185 1.090591 1.369052 1.634446 1.894608 2.151610 2.414405 2.687513 2.947265 3.224559 3.488534 3.759764 4.040332 4.303219 4.558491 4.818633 5.103989 5.374566 5.651574 5.906924 6.175319 6.447873 6.713709 6.969735 7.230678 7.500373 7.762062 8.025785 8.303482 8.558428 8.812518 9.080494 9.368718 9.640192 9.914949 10.172375 10.461620 10.735088 10.994445 11.254361 11.510901 11.775654 12.035415 12.303050 12.572894 12.827851 13.079191 13.330838 13.622306 13.881105 14.153573 14.416345 14.688619 14.945941 15.222763 15.484518 15.751674 16.031710 16.302962 16.574482 16.846841 17.109803 17.373610 17.632092 17.904693 18.157954 18.412692 18.663125 18.944826 19.214716 19.467008 19.734692 20.004445 20.261024 20.536317 20.796682 21.068768 21.331739 21.605172 21.886011 22.147689 22.409438 22.678588 22.947726 23.228185 23.501505 23.779689 24.056745 24.312478 24.570966 24.830817 25.096169 25.370428 25.639944 25.901351 26.182531 26.438347 26.689029 26.951481 27.212621 27.463252 27.745232 28.008866 28.277336 28.546181 28.816339 29.065431 29.324044 29.580929 29.849073 30.133830 30.411869 30.662472 30.933489 31.190021 31.446323 31.702352 31.967608 32.228387 32.487788 32.770094 33.028574 33.288512 33.582259 33.856405 34.126636 34.373961 34.630571 34.892864 35.149988 35.422463 35.720011 35.974472 36.233255 36.508377 36.777540 37.055292 37.308549 37.574479 37.833103 38.108826 38.378984 38.632656 38.892016 39.153660 39.406734 39.666451 39.947235 40.215669 40.474162
Elapsed_time: 40.474162
Score: 849.005176
151
151047.349716 6577.841747 6337.399794 6094.443336 5855.625348 5626.750350 5412.300742 5212.803705 5027.765308 4856.257156 4696.125066 4546.768232 4407.068824 4276.026960 4152.887582 4036.655323 3926.751971 3822.861263 3724.500787 3631.524310 3543.200560 3459.146099 3378.855228 3302.229162 3228.978342 3158.692904 3091.630886 3027.236910 2965.872771 2906.891399 2850.282943 2796.006126 2743.707448 2693.523453 2645.016756 2598.533540 2553.508252 2510.035316 2467.778639 2426.771171 2387.074152 2348.665435 2311.077249 2274.373819 2238.713669 2203.490498 2169.393503 2135.999224 2103.219995 2071.200256 2040.060093 2009.577186 1979.626327 1950.271038 1921.534071 1893.366041 1865.864897 1838.853886 1812.211329 1786.250006 1760.502546 1735.294500 1710.454716 1686.146652 1662.071246 1638.618400 1615.460772 1592.717787 1570.502492 1548.432684 1526.957179 1505.777940 1484.901807 1464.392112 1444.296681 1424.678528 1405.212807 1385.995343 1367.236592 1348.774820 1330.740476 1313.001883 1295.575476 1278.535155 1261.674810 1245.266400 1229.027294 1213.121438 1197.552732 1182.327131 1167.222237 1152.524528 1138.055044 1123.931587 1110.006990 1096.382240 1082.988144 1069.872325 1057.014297 1044.493140 1032.209817 1020.158304 1008.351511 996.822551 985.566038 974.552375 963.788033 953.309639 943.045902 933.025900 923.261763 913.720654 904.449286 895.414686 886.630260 878.102468 869.815590 861.757780 853.946740 846.375679 839.044818 831.959068 825.121307 818.515654 812.151502 806.015808 800.129847 794.472904 789.057197 783.868820 778.920010 774.203216 769.725984 765.479705 761.460361 757.673209 754.114830 750.785581 747.681808 744.805752 742.156307 739.729621 737.526395 735.547335 733.790109 732.254063 730.939043 729.843842 728.968298 728.312134 727.875031
0.000254 0.817982 1.087937 1.374668 1.639848 1.899805 2.159258 2.416476 2.683222 2.941438 3.214179 3.487108 3.745548 4.001484 4.278197 4.559792 4.825221 5.094046 5.366248 5.643912 5.915567 6.180673 6.453678 6.728068 7.003081 7.277509 7.529778 7.811431 8.059936 8.323341 8.575781 8.828240 9.087549 9.343922 9.608795 9.888229 10.150436 10.405340 10.681569 10.956850 11.214987 11.491864 11.765999 12.023273 12.277654 12.546867 12.839650 13.094257 13.366890 13.628953 13.913320 14.185927 14.459138 14.712535 14.972791 15.247471 15.509755 15.766703 16.031281 16.296955 16.565836 16.831387 17.092880 17.353374 17.609448 17.884991 18.137777 18.405518 18.672921 18.934027 19.208583 19.469938 19.742539 20.004075 20.277375 20.533293 20.796625 21.059580 21.327145 21.594618 21.864400 22.132781 22.394056 22.670811 22.932679 23.206576 23.477517 23.756384 24.028643 24.290028 24.552344 24.823584 25.075755 25.330372 25.588579 25.851204 26.110119 26.381491 26.638004 26.896118 27.163301 27.439306 27.708306 27.985226 28.251549 28.520852 28.797996 29.057813 29.332698 29.598039 29.858680 30.110612 30.373505 30.645047 30.904887 31.181584 31.440703 31.706011 31.980485 32.246154 32.514854 32.772602 33.029980 33.308279 33.570763 33.836535 34.109853 34.374941 34.639236 34.926219 35.182587 35.447457 35.710241 35.985019 36.238138 36.489400 36.775872 37.036929 37.304856 37.558460 37.814179 38.087763 38.338115 38.592048 38.890340 39.162574 39.420110 39.688406 39.964588 40.236304 40.497340
Elapsed_time: 40.497340
Score: 727.875031
151
152733.036698 6573.367897 6328.618382 6081.090825 5836.425633 5602.471632 5383.136496 5179.665968 4992.254460 4818.461787 4656.740261 4506.586964 4366.681357 4235.959519 4113.913035 4000.092182 3893.337453 3793.469020 3699.080109 3610.090240 3525.566482 3445.864799 3369.899195 3298.672726 3230.267849 3165.056986 3102.595922 3042.548038 2984.843010 2929.529657 2876.229563 2824.470637 2774.564883 2726.652067 2680.258290 2635.232802 2591.642200 2549.099034 2508.274885 2468.315827 2429.439801 2391.643477 2355.048539 2319.229846 2284.551604 2250.482603 2217.397334 2184.966992 2153.418589 2122.225640 2091.811580 2061.894235 2032.600701 2003.884518 1975.677496 1947.987603 1920.938362 1894.116453 1867.882912 1841.831024 1816.356068 1791.311928 1766.709761 1742.547009 1718.759647 1695.391164 1672.384813 1649.833331 1627.570736 1605.699682 1584.176408 1563.122566 1542.335786 1521.901188 1501.783005 1481.967273 1462.544924 1443.454540 1424.652067 1406.190430 1388.142306 1370.371810 1353.024028 1335.929979 1319.080290 1302.462560 1286.222863 1270.280550 1254.604099 1239.226147 1224.118158 1209.274146 1194.725658 1180.492731 1166.493659 1152.743594 1139.282474 1126.083901 1113.230754 1100.579537 1088.246583 1076.139078 1064.278167 1052.720383 1041.394221 1030.326263 1019.523263 1008.991459 998.663438 988.619491 978.806988 969.248191 959.966903 950.893785 942.079891 933.503419 925.190187 917.107117 909.281916 901.669270 894.299074 887.163366 880.262187 873.623005 867.207661 861.040763 855.109857 849.418959 843.959262 838.738426 833.742064 828.982407 824.457660 820.161438 816.102260 812.267284 808.665508 805.292403 802.150940 799.239473 796.554421 794.098560 791.866558 789.862215 788.081583 786.524756 785.191798 784.081369 783.193460 782.527913 782.084500
0.000213 0.825491 1.109682 1.371017 1.634469 1.899563 2.178714 2.438816 2.707831 2.960338 3.229724 3.515999 3.775676 4.031421 4.296777 4.558534 4.825084 5.083326 5.371221 5.648214 5.932655 6.215926 6.472981 6.731723 6.997942 7.254167 7.513760 7.791982 8.065859 8.341039 8.596038 8.889176 9.169607 9.426930 9.704341 9.965919 10.236451 10.499731 10.775403 11.031996 11.294981 11.569626 11.838118 12.113599 12.394728 12.649496 12.920276 13.182533 13.430121 13.683568 13.941944 14.214704 14.479513 14.751776 15.035826 15.287199 15.538888 15.799574 16.058460 16.338200 16.613696 16.874998 17.151336 17.430370 17.690029 17.939708 18.220994 18.481624 18.743929 19.008039 19.274696 19.537324 19.811131 20.097790 20.351600 20.630661 20.891008 21.155645 21.414114 21.677436 21.934161 22.211353 22.471306 22.736007 22.999340 23.255424 23.528011 23.815580 24.084577 24.354237 24.613565 24.894437 25.150475 25.411569 25.667395 25.922482 26.206254 26.472896 26.719936 26.993712 27.274478 27.546329 27.806457 28.097502 28.367980 28.631481 28.912180 29.190632 29.462912 29.729114 30.007026 30.291046 30.555281 30.818882 31.097390 31.363032 31.618414 31.878928 32.149988 32.429284 32.684187 32.938382 33.236612 33.505484 33.764727 34.046100 34.313776 34.583967 34.841855 35.097523 35.406889 35.676946 35.964734 36.244222 36.498764 36.773216 37.028732 37.289850 37.577344 37.833704 38.104566 38.381048 38.664562 38.926837 39.188454 39.451397 39.715954 39.982337 40.246814 40.528348 40.794261
Elapsed_time: 40.794261
Score: 782.084500
151
153745.468411 6589.387167 6349.004172 6105.856072 5867.183913 5639.101786 5424.154660 5224.115313 5038.089079 4865.973608 4705.907693 4557.020193 4418.480041 4289.790412 4169.066615 4055.751918 3948.647725 3847.565779 3752.099839 3662.102927 3576.478456 3495.669317 3418.932244 3346.092807 3276.449932 3210.440424 3147.152699 3086.800075 3028.715844 2973.181492 2920.109680 2868.719222 2819.376713 2771.965978 2726.273538 2682.143430 2639.897147 2598.969885 2559.315594 2520.980135 2484.044825 2448.139107 2413.436756 2379.788656 2347.178253 2315.485239 2284.665509 2254.382748 2225.220287 2196.642531 2168.946486 2141.895346 2115.492774 2089.631177 2064.427502 2039.816414 2015.813970 1992.282642 1969.060106 1946.493815 1924.266924 1902.368887 1880.890231 1859.807091 1839.029313 1818.724906 1798.450611 1778.572855 1758.861679 1739.240816 1719.958129 1700.984368 1682.315116 1664.006813 1645.883204 1628.101715 1610.391225 1592.958094 1575.657027 1558.665202 1541.866379 1525.281624 1509.036054 1493.056452 1477.190563 1461.687869 1446.286869 1431.180270 1416.289255 1401.666939 1387.240841 1373.084328 1359.156320 1345.495731 1332.056730 1318.863512 1305.837446 1293.056288 1280.498808 1268.153689 1256.027394 1244.199386 1232.506536 1221.079274 1209.832433 1198.856438 1188.086061 1177.540701 1167.253779 1157.162039 1147.323503 1137.727847 1128.333457 1119.158025 1110.220650 1101.516123 1093.035481 1084.793931 1076.769070 1069.015854 1061.461807 1054.155865 1047.069460 1040.231164 1033.619009 1027.241000 1021.110974 1015.211792 1009.548954 1004.119070 998.919002 993.955893 989.223731 984.729622 980.473849 976.457696 972.677611 969.138605 965.839370 962.778417 959.953087 957.364762 955.015400 952.902185 951.024682 949.381844 947.974147 946.802344 945.865809 945.163670 944.695419
0.000175 0.796714 1.063026 1.327104 1.595693 1.852278 2.109358 2.361052 2.610602 2.866342 3.132321 3.389981 3.656009 3.920764 4.182424 4.449089 4.703852 4.965667 5.223070 5.478450 5.735389 6.003704 6.264480 6.532169 6.791933 7.048544 7.305328 7.576240 7.833807 8.095565 8.351078 8.606109 8.863734 9.113836 9.377329 9.634278 9.896987 10.154753 10.419150 10.690136 10.954160 11.211308 11.465826 11.726338 11.991177 12.259187 12.514308 12.771022 13.031633 13.292046 13.556221 13.814104 14.070409 14.334030 14.586928 14.850990 15.117436 15.386102 15.656968 15.912282 16.175606 16.442963 16.707470 16.971330 17.225384 17.491616 17.757734 18.020410 18.272999 18.532454 18.788284 19.052256 19.312627 19.570795 19.825599 20.093155 20.358508 20.620342 20.897350 21.166517 21.420476 21.684242 21.948412 22.208229 22.471526 22.732285 22.985848 23.243141 23.506872 23.767971 24.021919 24.278764 24.542853 24.802405 25.066044 25.320577 25.580693 25.844597 26.107885 26.370633 26.641164 26.903923 27.171663 27.434797 27.693624 27.968563 28.231561 28.495524 28.753641 29.020333 29.270325 29.530969 29.785384 30.044260 30.293007 30.542570 30.800084 31.049264 31.296816 31.547698 31.811976 32.069186 32.327851 32.584339 32.837086 33.087754 33.342597 33.616794 33.877136 34.151390 34.410798 34.670481 34.922652 35.187638 35.458016 35.713498 35.960917 36.209785 36.460868 36.709550 36.971855 37.220233 37.469571 37.718398 37.966781 38.214745 38.464683 38.716364 38.966794 39.237695 39.486999
Elapsed_time: 39.486999
Score: 944.695419
