5
151
152204.129648 119735.418220 22728.492562 10184.685386 6251.833872 5348.451024 4896.806646 4361.332404 4110.234738 3786.134825 3405.297370 3197.772874 3034.303129 2909.333129 2713.203547 2563.488038 2426.313594 2329.772102 2183.174300 2009.357941 1885.873205 1758.033953 1638.124595 1530.471171 1430.503720 1333.990425 1224.057215 1138.917690 1053.497633 952.632896 872.449418 800.084736 731.223088 673.539373 625.210294 583.051021 541.340732 504.173311 468.128628 429.689078 399.027290 367.527774 331.596991 306.314944 279.864564 247.308270 223.316517 195.241379 171.097680 149.465609 127.553687 104.336189 82.128948 63.721775 42.996094 23.245360 4.081883 -15.305491 -33.147001 -53.363522 -74.056314 -88.555184 -107.261997 -119.055819 -139.615817 -150.390096 -163.576634 -176.970910 -193.024185 -203.314390 -215.895374 -228.868228 -243.374446 -254.850808 -267.400705 -277.203686 -288.284203 -299.633515 -308.821217 -319.836250 -333.035752 -341.760432 -352.752743 -363.758804 -379.716724 -389.189419 -400.643589 -413.303654 -426.432542 -436.527195 -448.021537 -456.980026 -466.744696 -480.187502 -488.001459 -495.392638 -513.227999 -518.851816 -528.765495 -537.165625 -546.042681 -558.850077 -567.080777 -576.516559 -584.721761 -593.006991 -601.454063 -610.698761 -618.960889 -626.940429 -632.791410 -645.628638 -651.884942 -660.581242 -673.344833 -685.212437 -695.694146 -708.100710 -717.058555 -729.593427 -745.470942 -756.748714 -767.211327 -784.014292 -797.690716 -815.944944 -835.213178 -855.120196 -872.998803 -891.073705 -913.254285 -933.141334 -950.550065 -973.247797 -987.745563 -1003.276970 -1018.985222 -1032.291113 -1043.928040 -1064.020335 -1078.989658 -1090.424271 -1101.382880 -1118.053199 -1130.147561 -1144.852789 -1156.960772 -1169.567786 -1181.619118 -1193.300404 -1204.237762
0.000223 0.940371 1.245209 1.559276 1.860921 2.178702 2.480742 2.790443 3.090730 3.377847 3.671107 3.967489 4.265637 4.554408 4.864414 5.170429 5.475071 5.775379 6.089691 6.395739 6.700264 7.005846 7.309638 7.621167 7.925731 8.231353 8.525756 8.820593 9.119092 9.420952 9.710056 9.997248 10.289606 10.575248 10.876624 11.190635 11.533000 11.828820 12.109990 12.395782 12.680415 12.960838 13.240904 13.520023 13.798929 14.077287 14.361435 14.641702 14.917958 15.202597 15.491494 15.765338 16.040335 16.314675 16.598128 16.875577 17.153553 17.440855 17.718545 18.006982 18.283350 18.556969 18.828927 19.100025 19.367580 19.648304 19.925719 20.197494 20.469836 20.743126 21.021676 21.294520 21.571289 21.852130 22.135221 22.401174 22.674978 22.939780 23.213630 23.487615 23.755021 24.024808 24.296090 24.573083 24.849573 25.129524 25.407091 25.673753 25.947018 26.215483 26.479010 26.740825 27.019180 27.282858 27.537702 27.799949 28.063314 28.323742 28.583066 28.844662 29.107527 29.367053 29.883264 30.136525 30.399667 30.661808 30.926281 31.188392 31.439376 31.713845 31.972047 32.232233 32.499903 32.760363 33.018164 33.277973 33.537433 33.804424 34.062430 34.317495 34.568926 34.829062 35.086136 35.340011 35.594065 35.850978 36.113769 36.370909 36.615869 36.865754 37.118717 37.367513 37.615306 37.876826 38.132754 38.376533 38.630605 38.871432 39.116200 39.359010 39.610606 39.854473 40.096111 40.346278 40.589603 40.833907 41.086634 41.344042 41.583247 41.834661 42.084097
Elapsed_time: 42.084097
Score: -1204.237762
151
153235.520473 120437.737639 22789.007063 10219.922134 6334.263593 5463.447955 5010.789005 4447.301090 4179.991911 3853.729888 3463.035345 3211.043221 2993.540511 2794.787996 2618.330488 2468.669450 2332.953309 2179.302268 2039.395952 1913.631530 1807.644443 1716.890310 1630.091325 1537.359097 1450.392015 1374.821495 1312.258778 1226.946040 1184.152516 1115.993139 1073.291988 1018.696977 948.911934 896.582281 845.365058 802.605860 762.227658 712.323013 656.853187 620.316129 585.159828 541.429834 500.863802 460.839733 420.967092 387.782941 348.527420 315.567258 281.333264 252.485375 222.965986 188.126898 157.629602 120.291646 90.237267 55.288461 16.602270 -10.149044 -34.992191 -79.247902 -102.143318 -127.736932 -158.477429 -182.777436 -219.337984 -252.420456 -279.280484 -310.341627 -339.829763 -376.348959 -415.763791 -454.601308 -487.350013 -524.814474 -557.780113 -590.631184 -614.695337 -645.802371 -665.893822 -699.810695 -717.629585 -739.207078 -757.596118 -782.746440 -798.890746 -814.932010 -839.905824 -850.036649 -879.062297 -891.675255 -909.244725 -923.331118 -945.693789 -961.012309 -975.897259 -1000.911494 -1017.018437 -1038.729061 -1055.081901 -1070.907654 -1086.331822 -1101.861069 -1118.504710 -1131.348080 -1147.477143 -1163.099942 -1176.199836 -1189.676080 -1202.924501 -1214.976435 -1226.032235 -1236.084283 -1246.376358 -1255.856797 -1264.629719 -1273.172013 -1282.154784 -1289.719066 -1296.803254 -1303.770591 -1311.211551 -1316.631717 -1323.375568 -1328.606357 -1333.426898 -1336.704014 -1344.150400 -1347.090567 -1351.609879 -1357.636216 -1362.100458 -1367.358327 -1371.303510 -1375.570447 -1379.128773 -1385.065320 -1388.131964 -1392.073534 -1395.090972 -1400.394609 -1403.396280 -1406.518740 -1411.762960 -1415.394995 -1420.315896 -1424.080752 -1428.606572 -1432.975401 -1437.560708 -1442.643573 -1446.578511
0.000181 0.942369 1.245789 1.552057 1.847402 2.143302 2.438872 2.741004 3.037019 3.329989 3.620185 3.918763 4.218351 4.514588 4.817702 5.134343 5.440208 5.747359 6.060254 6.367429 6.681945 6.988090 7.300779 7.609055 7.917758 8.216444 8.527571 8.839826 9.137995 9.435598 9.728853 10.020303 10.324991 10.610977 10.902352 11.201399 11.493026 11.776010 12.061720 12.355120 12.645188 12.931499 13.215954 13.501818 13.785666 14.077279 14.369605 14.651327 14.935651 15.221050 15.501612 15.778620 16.066151 16.344616 16.620437 16.899398 17.188055 17.467430 17.739614 18.019857 18.299978 18.579326 18.860496 19.130939 19.408391 19.678714 19.942209 20.206109 20.475082 20.737349 21.001481 21.270627 21.543039 21.801113 22.069428 22.332289 22.595188 22.858807 23.121487 23.374701 23.626638 23.882726 24.133524 24.404893 24.656321 24.912349 25.162746 25.422234 25.674810 25.935609 26.190331 26.445006 26.701079 26.953612 27.206729 27.456142 27.973909 28.223954 28.476460 28.724691 28.990051 29.238281 29.487132 29.742346 29.992281 30.244412 30.502987 30.756805 31.004652 31.260954 31.509721 31.762325 32.010823 32.263821 32.512717 32.763118 33.014373 33.270675 33.522981 33.770705 34.019603 34.280837 34.523909 34.788804 35.036208 35.294193 35.539425 35.790971 36.048527 36.298109 36.554281 36.800826 37.053204 37.306723 37.557194 37.803147 38.058095 38.325221 38.571279 38.829094 39.085758 39.336410 39.600714 40.115241 40.363406 40.611734 40.860461 41.116334 41.359684 41.620833 41.875660
Elapsed_time: 41.875660
Score: -1446.578511
151
151047.349716 118726.566717 22609.347362 10163.101713 6265.079288 5373.478661 4927.148591 4391.057507 4135.574408 3806.363618 3422.952587 3204.595682 3022.996539 2860.218616 2691.419593 2552.924256 2421.811720 2288.815926 2150.093873 2029.834717 1909.095328 1807.200338 1697.872399 1583.567141 1472.106912 1371.773599 1285.576445 1197.319804 1091.054711 1009.726606 933.726927 857.854334 792.003746 725.856477 664.614499 593.312888 542.710887 493.222061 447.070631 402.484547 358.570764 315.343349 273.838042 234.546451 190.334456 149.941504 113.015311 80.734154 47.858867 13.567959 -10.811269 -35.477289 -57.211878 -82.419916 -103.723958 -134.650969 -154.050813 -178.841467 -213.311154 -241.470012 -267.725075 -292.413870 -314.295913 -337.137168 -358.481880 -374.036612 -391.966173 -409.148689 -427.640368 -440.170203 -454.203658 -468.033641 -485.781141 -494.334291 -507.558616 -518.643353 -531.018351 -541.862186 -551.510146 -560.144659 -569.298402 -581.508024 -589.876602 -601.854191 -612.159733 -621.234582 -630.156949 -638.519454 -646.681946 -654.940586 -662.740593 -671.462971 -679.540139 -686.161370 -692.590092 -699.495249 -707.287423 -716.208203 -724.912781 -731.334280 -739.608069 -745.199464 -751.658553 -759.683448 -764.608409 -771.218460 -778.579629 -782.663040 -789.322956 -793.221591 -799.674932 -804.471772 -808.447977 -816.040694 -819.771407 -825.290272 -830.468126 -834.888685 -840.190169 -845.291660 -850.467190 -855.404265 -861.633387 -867.819175 -873.767295 -880.389970 -887.239155 -894.404188 -901.978396 -909.776790 -918.245079 -927.315853 -936.087074 -945.069606 -956.919633 -967.435564 -979.061595 -993.138857 -1005.032858 -1018.176198 -1030.506106 -1042.496910 -1053.305155 -1065.895640 -1077.754739 -1088.777270 -1097.879940 -1108.283121 -1116.536058 -1124.124539 -1133.954494
0.000172 0.934008 1.234867 1.543123 1.845580 2.142489 2.440048 2.734473 3.031637 3.318607 3.609585 3.905866 4.205975 4.511806 4.805459 5.125477 5.433347 5.746886 6.049334 6.352802 6.649884 6.954305 7.264495 7.572516 7.874006 8.179681 8.489371 8.799999 9.099404 9.401950 9.697421 9.989026 10.296954 10.590339 10.885949 11.180615 11.470790 11.765234 12.060195 12.353245 12.640574 12.926587 13.212749 13.496251 13.788449 14.073773 14.365540 14.654234 14.936779 15.217213 15.496304 15.779414 16.059780 16.347019 16.620101 16.890254 17.163124 17.435906 17.700957 17.980925 18.256518 18.522374 18.791910 19.064412 19.333634 19.606574 19.882536 20.156029 20.433371 20.696389 20.966677 21.229034 21.495710 21.761498 22.025257 22.293664 22.564882 22.840440 23.107535 23.364587 23.635414 23.904571 24.165329 24.435577 24.701266 24.964876 25.232451 25.507906 25.770965 26.032559 26.301171 26.564731 26.823996 27.085714 27.345769 27.599035 27.850330 28.102828 28.358103 28.623986 28.878105 29.135917 29.385280 29.649473 29.906370 30.158252 30.414165 30.667978 30.926696 31.188915 31.448159 31.708344 31.961575 32.208997 32.729160 32.985235 33.243245 33.506698 33.763261 34.014658 34.264317 34.529450 34.778410 35.032164 35.277578 35.532383 35.787288 36.042766 36.285166 36.536883 36.792965 37.043209 37.290599 37.543317 37.793579 38.052554 38.303661 38.555245 38.811105 39.066090 39.317888 39.568968 39.825684 40.085316 40.339528 40.599067 40.857163 41.109125 41.363520 41.622300 41.868220
Elapsed_time: 41.868220
Score: -1133.954494
151
152733.036698 120078.894194 22823.407902 10206.930591 6240.343961 5317.961690 4857.364265 4326.734193 4088.169865 3788.274024 3460.674184 3258.662532 3106.820060 2980.870634 2824.512156 2683.218737 2549.212699 2426.883213 2287.456517 2142.906188 2001.730200 1885.918662 1783.931865 1683.958654 1573.513292 1460.563173 1361.131124 1273.141864 1153.975039 1064.996107 978.356635 893.025898 806.646952 736.704719 665.385024 596.929360 531.805512 462.031454 392.323228 336.800994 288.813544 245.987703 186.753338 149.772297 101.894920 66.116711 27.968261 -12.679541 -54.512069 -82.881021 -117.717245 -147.084776 -181.609173 -206.441601 -233.626752 -252.012408 -280.561308 -298.475826 -318.188626 -345.214992 -370.880538 -388.571099 -410.474285 -428.050525 -449.393215 -472.662338 -489.995032 -509.949818 -528.774757 -545.750429 -558.920912 -576.838883 -593.737534 -607.569192 -625.563535 -639.977685 -657.548775 -677.689763 -693.245141 -707.946191 -728.815826 -743.099180 -759.610414 -779.080712 -794.228615 -814.007276 -832.375008 -846.560592 -866.425493 -882.978561 -901.823125 -918.268441 -932.804559 -948.143243 -969.703107 -981.917025 -997.948333 -1004.279071 -1027.007022 -1037.167568 -1049.498074 -1066.432616 -1077.260114 -1092.974316 -1104.394387 -1119.164589 -1131.557302 -1146.925682 -1159.499825 -1170.551733 -1180.686449 -1194.950493 -1203.104191 -1212.870120 -1222.974191 -1234.830156 -1244.481717 -1254.702019 -1258.129956 -1272.946110 -1279.546370 -1287.213644 -1297.689564 -1299.420821 -1316.881444 -1321.940791 -1330.113933 -1340.191229 -1348.908921 -1356.297908 -1363.527557 -1369.757020 -1378.330062 -1384.649199 -1390.474013 -1396.495906 -1402.049105 -1407.866192 -1413.456589 -1418.672869 -1424.037236 -1430.125693 -1433.841622 -1438.719738 -1442.459011 -1448.577574 -1452.271282 -1456.138077 -1461.893078 -1466.725898 -1471.439110
0.000190 0.919465 1.218641 1.526196 1.825413 2.125435 2.421518 2.712943 2.997643 3.290919 3.580759 3.869291 4.154460 4.456026 4.768933 5.074458 5.380206 5.683512 5.981855 6.288223 6.595396 6.900429 7.206000 7.506899 7.805418 8.118035 8.420429 8.715866 9.006776 9.299752 9.598476 9.891122 10.182419 10.467171 10.749100 11.039059 11.329554 11.611828 11.902032 12.190764 12.483294 12.760038 13.035434 13.312645 13.588189 13.855684 14.139445 14.417061 14.684339 14.953793 15.224802 15.507241 15.786688 16.057965 16.321439 16.586893 16.842332 17.113537 17.386810 17.659929 17.917684 18.182044 18.440479 18.705922 18.969494 19.225598 19.485119 19.750637 20.009627 20.275068 20.526642 20.784232 21.035007 21.291096 21.544689 21.798536 22.059136 22.320323 22.575042 22.824103 23.079947 23.328976 23.588728 23.848225 24.114629 24.375374 24.637872 24.893966 25.145207 25.388699 25.638105 25.891799 26.144968 26.405278 26.668235 26.926442 27.181766 27.427611 27.680050 27.928772 28.185074 28.437448 28.938131 29.191568 29.442563 29.693996 29.951583 30.202719 30.461398 30.710460 30.958524 31.213086 31.468391 31.715758 31.965202 32.218082 32.464911 32.724386 32.971984 33.229781 33.485522 33.738618 33.984991 34.236121 34.486065 34.732114 34.983555 35.232326 35.476225 35.735584 35.983476 36.231508 36.474449 36.724360 36.971675 37.214804 37.456645 37.701917 37.955131 38.206240 38.464144 38.724110 38.982708 39.230790 39.485543 39.741411 39.988978 40.245199 40.502086 40.754397 41.002932
Elapsed_time: 41.002932
Score: -1471.439110
151
153745.468411 120921.517181 22924.847435 10255.559359 6294.657071 5390.192232 4939.353529 4403.106778 4158.728506 3851.729241 3516.310080 3294.315676 3102.749615 2910.307505 2761.266247 2628.746422 2510.539631 2359.293322 2250.720723 2127.411621 2039.308075 1945.342959 1865.692032 1781.661792 1704.185252 1637.371637 1576.890102 1512.536396 1441.275694 1377.080829 1307.970924 1239.052852 1171.057406 1099.627868 1019.750098 946.566121 884.948003 826.751152 752.038844 691.843204 641.503055 577.045974 520.505458 459.115717 393.826183 333.139188 277.855993 225.097141 163.242271 111.923726 62.443209 10.346300 -26.171421 -56.732369 -114.015899 -137.113702 -168.859659 -201.182544 -227.412040 -275.888764 -305.518907 -340.422733 -375.077431 -401.187592 -431.863131 -459.697040 -481.248833 -498.679688 -524.468825 -540.394329 -555.451887 -571.195987 -584.033938 -600.787357 -615.822324 -628.523712 -641.657623 -653.960044 -664.913973 -675.681286 -686.014352 -698.609742 -710.226673 -719.115125 -730.739690 -734.823526 -748.705782 -753.764259 -761.608885 -767.098528 -776.370711 -781.966306 -787.598167 -796.800156 -802.854657 -810.286592 -817.091434 -824.780836 -833.491393 -841.761118 -850.092245 -855.983371 -862.774749 -870.266799 -875.695562 -881.078879 -887.897372 -893.254227 -896.844484 -904.258679 -908.117212 -912.784486 -918.418757 -922.360174 -927.527926 -933.129750 -936.706258 -942.018945 -946.608056 -952.638043 -956.600121 -961.453792 -966.029206 -971.237507 -975.504375 -979.578905 -982.580477 -986.428767 -989.710894 -992.229788 -997.462251 -999.837798 -1002.625591 -1005.647620 -1007.981974 -1010.951265 -1013.658047 -1016.088713 -1017.877751 -1020.580990 -1022.701527 -1024.392531 -1026.758432 -1028.492582 -1030.985883 -1032.766979 -1034.536884 -1036.222755 -1037.933168 -1039.951647 -1041.667670
0.000196 0.971914 1.280307 1.593434 1.908739 2.212570 2.521143 2.815024 3.125019 3.437345 3.749086 4.056356 4.356282 4.655333 4.961012 5.260551 5.568351 5.873653 6.182643 6.490110 6.801370 7.105428 7.432348 7.748411 8.065638 8.378163 8.696599 9.012503 9.318081 9.638769 9.933736 10.228025 10.523380 10.818925 11.133949 11.429737 11.740763 12.054233 12.367195 12.665824 12.954646 13.250370 13.544263 13.836717 14.131029 14.409753 14.701507 14.995621 15.284177 15.559568 15.852587 16.132500 16.411021 16.692115 16.969690 17.255450 17.528416 17.803267 18.070497 18.340010 18.880901 19.146096 19.406179 19.666286 19.927947 20.183431 20.454282 20.717199 20.983439 21.252362 21.505332 21.771146 22.028044 22.286496 22.553874 22.809442 23.071210 23.330893 23.586149 23.842752 24.094725 24.360276 24.614494 24.879638 25.129660 25.387884 25.643672 25.906108 26.169102 26.428606 26.696879 26.956288 27.218842 27.478553 27.993968 28.255138 28.522627 28.779357 29.039041 29.309318 29.565397 29.824850 30.088624 30.347040 30.598213 30.851296 31.108916 31.364761 31.619678 31.871376 32.137142 32.389644 32.646211 32.916521 33.168191 33.435447 33.699891 33.975375 34.232842 34.506700 34.762757 35.025982 35.282687 35.542893 35.804105 36.062681 36.348672 36.613773 36.879439 37.139468 37.403141 37.924526 38.190806 38.451754 38.714910 38.985870 39.243615 39.506481 39.776720 40.045157 40.300663 40.561929 40.820021 41.084585 41.341724 41.595649 41.853722 42.116372 42.378363 42.632083 42.892908
Elapsed_time: 42.892908
Score: -1041.667670
