5
151
959.957306 612.612424 383.704275 306.204391 254.170678 214.311868 168.825618 85.804841 -3.912314 -98.606477 -204.523659 -325.661563 -425.874896 -522.078456 -598.192180 -664.188991 -724.273982 -766.652187 -801.050703 -828.180122 -851.210874 -867.237208 -884.210838 -897.280304 -909.438484 -919.065908 -927.797690 -935.673225 -945.865537 -951.376264 -958.905685 -966.799496 -976.140176 -982.604196 -991.162493 -1000.576396 -1011.720448 -1022.401735 -1035.394705 -1046.086102 -1057.383298 -1076.390474 -1087.142523 -1098.134787 -1119.352058 -1129.246429 -1141.517206 -1158.375519 -1168.074318 -1175.619350 -1186.469127 -1195.034505 -1203.046996 -1211.525724 -1217.403561 -1224.600436 -1225.849284 -1237.549867 -1241.056389 -1246.994021 -1254.847037 -1260.510919 -1267.636330 -1273.327880 -1280.343883 -1286.802270 -1294.105005 -1300.662628 -1306.141518 -1312.106340 -1320.877333 -1325.867315 -1332.350473 -1341.046678 -1351.043332 -1358.311437 -1368.025318 -1375.736040 -1385.975583 -1396.845922 -1405.047170 -1415.840741 -1426.983430 -1438.927165 -1448.008177 -1458.077846 -1469.475649 -1478.682086 -1486.098314 -1497.885123 -1503.313042 -1511.803641 -1519.050234 -1525.023574 -1534.092859 -1541.046831 -1546.681579 -1552.388391 -1558.171326 -1564.696757 -1571.223107 -1575.806465 -1581.830590 -1584.864221 -1592.847443 -1596.614244 -1600.738542 -1607.943956 -1612.598039 -1619.100713 -1623.850297 -1629.434768 -1633.700541 -1638.325018 -1643.397082 -1646.840573 -1652.200515 -1659.501949 -1663.008205 -1669.134073 -1675.305724 -1680.317210 -1685.443582 -1689.806022 -1694.052014 -1699.362132 -1703.842431 -1707.421827 -1711.235483 -1714.530000 -1719.409981 -1721.931242 -1725.523258 -1727.955663 -1732.454433 -1735.109020 -1737.451413 -1741.121620 -1744.300701 -1747.002157 -1749.494147 -1751.697177 -1754.745651 -1757.155086 -1759.650116 -1761.550545 -1763.692224 -1765.919924 -1767.649685 -1769.670450 -1771.390681
4.728009 5.308301 5.587539 5.864046 6.142160 6.431007 6.713806 6.996874 7.278048 7.546909 7.819522 8.095949 8.363924 8.631847 8.905551 9.175079 9.438302 9.699791 9.964916 10.223765 10.474106 10.734981 10.999625 11.263141 11.534622 11.810581 12.085744 12.338048 12.594602 12.857442 13.115643 13.368345 13.633184 13.893968 14.155350 14.412780 14.684180 14.944408 15.205420 15.465790 15.728509 15.980967 16.253782 16.504818 16.778662 17.032339 17.288016 17.550321 17.808007 18.066305 18.335033 18.587401 18.836757 19.091923 19.348767 19.607386 19.860526 20.114609 20.363466 20.617616 20.867932 21.393073 21.643090 21.905558 22.158887 22.406104 22.662898 22.917535 23.173556 23.426882 23.682183 23.935791 24.187078 24.429271 24.674403 24.927559 25.179582 25.433048 25.686341 25.934341 26.192349 26.439328 26.694227 26.942373 27.205021 27.459126 27.708082 27.951973 28.193960 28.444154 28.691655 28.940903 29.193912 29.457874 29.708124 29.955941 30.209339 30.457412 30.717644 30.966686 31.221177 31.474576 31.724880 31.974063 32.225105 32.474039 32.717902 32.969315 33.472761 33.718719 33.966620 34.210843 34.455897 34.708179 34.959935 35.211184 35.460542 35.720262 35.980187 36.244798 36.498462 36.749993 37.001324 37.251174 37.495398 37.751058 38.001292 38.248607 38.494496 38.752008 38.998450 39.250977 39.501303 39.756952 40.007637 40.258819 40.508483 40.759451 41.018661 41.290667 41.546987 41.796973 42.053657 42.305178 42.557431 42.823702 43.083979 43.338307 43.591631 43.840797 44.094795
Elapsed_time: 44.094795
Score: -1771.390681
151
990.856567 641.074684 416.599767 340.941736 291.060012 254.933070 215.685569 132.929824 49.379816 -45.178641 -162.294473 -277.810785 -371.272211 -462.739281 -536.072732 -595.626512 -644.571247 -684.667045 -720.293028 -746.895196 -771.914707 -791.088346 -805.826252 -819.669199 -832.370471 -842.316546 -850.856484 -860.060467 -867.716478 -874.899125 -884.851225 -892.476232 -899.891698 -912.480176 -920.154464 -929.277709 -945.427148 -954.876534 -965.680515 -987.844111 -998.511350 -1010.497026 -1030.073102 -1042.685597 -1059.380131 -1078.114863 -1088.711920 -1104.024122 -1112.587150 -1125.481477 -1134.255002 -1142.379290 -1157.588509 -1165.355663 -1174.920311 -1183.187085 -1191.366710 -1200.108976 -1208.076709 -1216.463040 -1223.044033 -1231.338043 -1239.642311 -1246.342516 -1252.104480 -1260.151978 -1267.052969 -1272.817612 -1283.847751 -1289.734183 -1296.811066 -1305.994817 -1311.901110 -1318.991181 -1328.386604 -1332.739956 -1339.933624 -1342.344533 -1351.523812 -1355.841497 -1360.599880 -1367.267581 -1373.013759 -1380.871593 -1384.785005 -1390.517354 -1397.051898 -1403.474971 -1409.234272 -1415.807576 -1421.648557 -1428.921731 -1436.499961 -1442.264101 -1447.827200 -1456.477769 -1463.334908 -1467.999037 -1476.692716 -1480.292946 -1486.053228 -1491.357501 -1495.459850 -1503.327295 -1507.491137 -1512.189361 -1516.766680 -1521.207289 -1526.380830 -1531.025868 -1535.625779 -1539.494308 -1544.346393 -1548.376897 -1551.844949 -1555.511628 -1559.454249 -1563.744882 -1567.292457 -1570.670856 -1574.189012 -1578.380338 -1582.146190 -1586.276229 -1589.905946 -1594.106649 -1598.904296 -1602.647394 -1607.256617 -1612.788085 -1617.283307 -1621.353956 -1628.559632 -1633.042409 -1637.541991 -1644.105679 -1648.778278 -1655.524526 -1661.603863 -1666.320797 -1672.608269 -1677.370200 -1681.813340 -1685.756199 -1689.435784 -1692.941137 -1697.954519 -1700.281444 -1704.059781 -1705.544148 -1710.670178
4.827819 5.392115 5.672381 5.954435 6.230013 6.505292 6.788723 7.066151 7.350805 7.636931 7.896891 8.174436 8.438505 8.708829 8.975519 9.233489 9.498271 9.754800 10.011485 10.283007 10.541541 10.795584 11.061529 11.320177 11.579522 11.845590 12.096603 12.358140 12.628214 12.886879 13.142594 13.402568 13.667532 13.922159 14.187830 14.447728 14.700151 14.961407 15.211615 15.477123 15.733309 15.992812 16.243793 16.496918 16.753173 17.012032 17.259998 17.510358 17.768646 18.025546 18.281109 18.539300 18.793451 19.305752 19.556846 19.810944 20.062861 20.315333 20.573241 20.845964 21.100337 21.352810 21.609660 21.864156 22.119090 22.367800 22.622119 22.889920 23.145228 23.411634 23.675798 23.933962 24.184555 24.436183 24.689825 24.950095 25.206158 25.455083 25.708202 25.967539 26.231181 26.484107 26.742502 27.005786 27.271317 27.526620 27.773994 28.033388 28.281836 28.539530 28.791059 29.040074 29.288101 29.540682 29.792668 30.051490 30.310227 30.561063 30.810161 31.060573 31.317072 31.560851 31.809649 32.060398 32.566671 32.823237 33.082289 33.334346 33.583745 33.838442 34.094138 34.351192 34.600641 34.847184 35.097651 35.354258 35.612172 35.854527 36.102473 36.351237 36.604062 36.851173 37.103907 37.356086 37.606393 37.857445 38.118460 38.367257 38.614409 38.879301 39.131850 39.383996 39.646643 39.911419 40.191033 40.459533 40.708780 40.961152 41.213775 41.462796 41.708225 41.954246 42.206248 42.458639 42.706729 42.954532 43.205579 43.463989 43.706152 43.955115 44.206861
Elapsed_time: 44.206861
Score: -1710.670178
151
1072.735279 722.414946 497.185761 420.310095 369.468645 338.105230 299.494927 239.979622 168.790769 78.883019 -15.137941 -104.519899 -203.713583 -291.114847 -385.200848 -457.398472 -520.241060 -587.083539 -645.911877 -672.650495 -710.657776 -719.796876 -751.585229 -761.422735 -776.122695 -789.804403 -803.166890 -811.567574 -820.698725 -829.775513 -839.606410 -850.543813 -860.099272 -869.946475 -883.303767 -894.945865 -904.830643 -921.562534 -932.705390 -946.107380 -970.602284 -982.942734 -998.921762 -1027.733753 -1043.806066 -1060.589618 -1086.944430 -1104.335094 -1127.087908 -1147.273307 -1165.012005 -1182.719967 -1198.423548 -1212.857776 -1226.306551 -1237.617870 -1249.907718 -1261.250494 -1270.322601 -1280.530503 -1290.056824 -1300.958637 -1308.639833 -1318.201454 -1325.455751 -1338.857694 -1345.640324 -1354.686830 -1364.809454 -1376.249458 -1384.655821 -1392.853707 -1400.330045 -1408.276416 -1417.931322 -1423.436382 -1430.064376 -1440.704384 -1445.200263 -1450.487611 -1457.061868 -1461.866817 -1469.654024 -1475.786281 -1480.410953 -1485.707127 -1489.756095 -1494.778378 -1499.460611 -1503.581710 -1507.271568 -1511.755985 -1515.880527 -1519.751576 -1523.134312 -1526.856624 -1529.955274 -1532.741919 -1536.638314 -1539.085938 -1542.125403 -1545.772170 -1548.529557 -1550.379745 -1553.873063 -1555.494788 -1557.352056 -1559.659661 -1561.362312 -1563.738327 -1566.310081 -1567.624238 -1569.920369 -1571.011025 -1572.884949 -1574.389830 -1575.725436 -1578.130398 -1579.358361 -1581.348823 -1582.814426 -1584.295079 -1585.672372 -1586.934691 -1588.604901 -1589.761533 -1590.990281 -1592.627435 -1593.560623 -1595.114187 -1596.327004 -1597.807908 -1598.563079 -1599.982522 -1600.805503 -1601.937287 -1603.151319 -1604.128756 -1605.317961 -1606.604369 -1607.566198 -1608.456559 -1609.637824 -1610.506700 -1611.620695 -1612.974033 -1613.980255 -1614.992401 -1616.452881 -1617.442361 -1618.542518
4.714813 5.277611 5.550532 5.829897 6.097685 6.374040 6.649026 6.926627 7.199042 7.479522 7.771227 8.051364 8.312260 8.585928 8.847516 9.111756 9.369773 9.629236 9.884085 10.142167 10.392681 10.646842 10.915931 11.169661 11.421074 11.677820 11.934642 12.183888 12.437339 12.698029 12.956991 13.209551 13.465141 13.716394 13.971901 14.236249 14.507131 14.762939 15.010415 15.254611 15.517449 15.766618 16.020944 16.277522 16.540405 16.792333 17.037372 17.283126 17.526432 17.772517 18.019483 18.264153 18.513867 18.771596 19.028646 19.272551 19.516284 19.757891 20.002327 20.245342 20.488594 20.729213 20.979940 21.227583 21.466552 21.710021 21.950374 22.189459 22.428939 22.678559 22.930869 23.173188 23.412143 23.658133 23.900586 24.140341 24.380048 24.634711 24.874821 25.117134 25.361762 25.602360 25.844507 26.084324 26.324700 26.563935 26.804419 27.049798 27.295390 27.537591 27.785857 28.027920 28.266658 28.516885 28.764963 29.013061 29.257341 29.493484 29.733138 29.980218 30.222260 30.460431 30.705101 30.951215 31.193216 31.442310 31.697123 31.945791 32.189873 32.429605 32.678604 32.917649 33.162073 33.407315 33.658476 33.909872 34.156559 34.399297 34.894750 35.143395 35.390854 35.633749 35.877274 36.123304 36.372114 36.613456 36.868683 37.105672 37.351568 37.593326 37.835666 38.078337 38.317020 38.563554 39.064650 39.304278 39.547792 39.795734 40.041223 40.279499 40.522207 40.766871 41.012604 41.252856 41.485783 41.722666 41.964633 42.203135 42.450914 42.696195 42.937996
Elapsed_time: 42.937996
Score: -1618.542518
151
1038.862293 686.207897 457.706270 379.788854 326.529428 291.253652 250.498193 191.054684 111.178157 39.841181 -57.840761 -122.375353 -215.823471 -329.947994 -418.384936 -495.275547 -551.194352 -608.947919 -652.433465 -686.987750 -708.821692 -727.884471 -745.068687 -758.268558 -765.629256 -774.117626 -780.371739 -788.153773 -792.351469 -797.095909 -803.242483 -809.526889 -813.580073 -819.203683 -823.787680 -829.111752 -836.906404 -841.619582 -847.953829 -857.873269 -866.844798 -873.510275 -886.397156 -893.421685 -903.664534 -914.833213 -923.187354 -932.124297 -945.252336 -951.960203 -961.447841 -971.785287 -981.846880 -988.916862 -997.576869 -1004.526520 -1012.311066 -1021.381071 -1026.418824 -1031.676120 -1039.657374 -1042.863388 -1046.555645 -1052.201629 -1056.206080 -1062.739138 -1069.245913 -1073.713831 -1080.375104 -1086.258630 -1093.852412 -1101.019337 -1107.808987 -1114.584292 -1123.184716 -1132.114081 -1138.965862 -1148.659029 -1155.236588 -1164.005001 -1173.383217 -1180.013108 -1187.225843 -1200.076860 -1205.655195 -1213.889120 -1223.855977 -1233.662750 -1240.835981 -1249.690491 -1256.210985 -1264.534545 -1274.063509 -1282.080773 -1288.623131 -1300.871183 -1307.498861 -1314.941261 -1323.012004 -1331.276458 -1341.000695 -1354.381524 -1363.414519 -1375.076156 -1386.702069 -1399.985760 -1410.885975 -1420.963597 -1430.905065 -1441.072023 -1452.473864 -1460.415977 -1468.975604 -1480.212129 -1487.950899 -1494.989247 -1506.023072 -1513.827692 -1519.669668 -1531.078177 -1537.115866 -1544.338342 -1553.971963 -1559.891159 -1569.047593 -1576.615571 -1583.468572 -1590.284526 -1596.467287 -1603.158743 -1609.484090 -1614.678619 -1620.389851 -1627.197189 -1632.611198 -1638.545190 -1644.807003 -1650.151833 -1655.435099 -1661.188272 -1665.920956 -1670.599207 -1674.962265 -1679.724178 -1684.000105 -1687.773115 -1692.226557 -1695.416016 -1699.336558 -1704.093135 -1706.847977
4.792726 5.359774 5.632546 5.907254 6.200119 6.477233 6.751473 7.030052 7.311156 7.581498 7.854208 8.124588 8.393323 8.663535 8.922784 9.184426 9.447547 9.707483 9.984367 10.255773 10.519739 10.781898 11.044891 11.299582 11.560079 11.816984 12.074269 12.336343 12.599145 12.853048 13.110933 13.369406 13.621177 13.871722 14.131303 14.393185 14.656095 14.923203 15.182926 15.440587 15.698245 15.957571 16.217640 16.467526 16.727901 16.995961 17.256771 17.509630 17.774308 18.029147 18.290414 18.549144 18.817186 19.073064 19.345328 19.602632 19.862321 20.111606 20.372769 20.628688 20.888532 21.149442 21.397316 21.662819 21.920244 22.179593 22.430352 22.687470 22.944157 23.198744 23.449078 23.697648 23.946377 24.191357 24.448698 24.701760 24.963762 25.219474 25.465282 25.719021 25.967989 26.233064 26.493878 26.742468 26.991126 27.243261 27.486649 27.732176 27.978351 28.225152 28.463841 28.707989 28.968519 29.219362 29.478076 29.728441 29.987871 30.247046 30.498831 30.754573 30.997590 31.239460 31.500039 31.752898 32.007229 32.254988 32.500301 32.743413 32.990269 33.237512 33.484309 33.724431 33.966910 34.213216 34.463926 34.714763 34.958215 35.204838 35.452318 35.704052 35.955968 36.194698 36.439867 36.676886 36.920676 37.169855 37.400552 37.643240 37.882071 38.114473 38.348052 38.581317 38.818286 39.057344 39.299762 39.542640 39.780505 40.019572 40.252441 40.493230 40.729738 40.971441 41.211867 41.453478 41.692152 41.936689 42.183156 42.442134 42.693311 42.937755 43.179566
Elapsed_time: 43.179566
Score: -1706.847977
151
1126.548984 783.714087 565.757256 489.458830 440.524388 405.524850 365.661688 295.907034 217.768018 134.346273 38.664507 -56.043655 -139.777586 -219.764627 -279.314091 -321.815034 -361.238573 -393.626408 -415.199862 -431.602558 -445.146688 -455.828752 -463.595813 -470.643463 -476.291437 -481.581348 -487.196943 -491.698393 -496.798705 -502.905152 -508.156352 -514.375464 -523.841010 -531.603504 -538.061092 -550.272684 -558.152783 -568.072141 -582.302029 -591.416787 -607.563455 -620.150820 -630.784936 -645.304952 -655.474018 -667.180264 -678.885678 -687.302881 -697.821931 -705.956476 -712.560340 -720.213765 -726.333811 -731.139382 -736.501882 -741.484072 -747.192862 -751.563236 -755.845498 -759.869161 -764.964552 -768.920458 -772.616098 -778.252354 -781.118338 -785.053768 -789.218454 -792.474423 -796.392252 -802.163907 -805.122222 -809.855646 -815.245612 -820.038205 -823.823786 -828.601351 -832.522984 -837.654723 -842.069280 -845.996568 -850.391807 -855.506016 -860.445080 -864.337354 -869.247647 -873.131354 -878.064082 -884.483310 -888.755291 -892.798496 -901.863226 -906.385228 -911.018278 -918.309880 -923.761114 -927.630933 -938.523159 -943.078426 -949.364538 -957.999939 -964.441910 -971.839433 -977.512822 -984.152320 -987.892742 -1000.838847 -1006.164364 -1013.196339 -1022.995567 -1026.220975 -1039.398685 -1044.077516 -1050.568023 -1056.949126 -1064.962799 -1070.696887 -1076.437220 -1084.129484 -1090.968657 -1097.453457 -1103.450500 -1108.989662 -1113.222726 -1122.046130 -1125.389779 -1130.776328 -1136.516032 -1143.048688 -1148.036614 -1153.061398 -1157.930873 -1163.544170 -1169.126090 -1173.611554 -1179.043508 -1184.221368 -1189.874362 -1194.719697 -1201.012984 -1206.846343 -1212.298462 -1217.215288 -1223.188540 -1229.041555 -1234.309083 -1240.464929 -1245.560904 -1251.630418 -1258.509650 -1263.562634 -1268.815675
4.765094 5.349429 5.628015 5.911999 6.196290 6.474343 6.761564 7.037914 7.322750 7.599193 7.890439 8.159584 8.432503 8.709240 8.973752 9.238909 9.506256 9.774397 10.051771 10.311508 10.571710 10.838240 11.094728 11.361429 11.623364 11.874869 12.140484 12.405066 12.668240 12.931773 13.192284 13.455748 13.716220 13.970442 14.245813 14.503581 14.763068 15.031840 15.289094 15.549016 15.804857 16.062552 16.322640 16.582022 16.839116 17.097384 17.372137 17.619720 17.869904 18.122985 18.374322 18.626411 18.881446 19.147684 19.407235 19.668843 19.930030 20.187995 20.440141 20.697468 20.954904 21.209992 21.465524 21.720716 21.970008 22.225579 22.474507 22.726985 22.990567 23.267164 23.523382 23.785296 24.037374 24.294605 24.562155 24.820853 25.075739 25.334943 25.595898 25.851188 26.110504 26.370431 26.629571 26.890486 27.142624 27.401991 27.651281 27.905798 28.168688 28.415492 28.676352 28.937184 29.197570 29.452460 29.705838 29.959400 30.213173 30.463606 30.715934 30.970189 31.225511 31.491823 31.748415 32.006001 32.256405 32.508556 32.756307 33.010991 33.267568 33.519069 33.773229 34.030567 34.286915 34.542856 34.796319 35.050173 35.300768 35.549818 35.809062 36.060614 36.323889 36.576871 36.822254 37.076980 37.335099 37.593518 37.858785 38.114890 38.370598 38.620705 38.882053 39.130343 39.385773 39.635489 39.885992 40.135111 40.381917 40.642819 40.903363 41.158698 41.410191 41.660986 41.916520 42.169017 42.429154 42.695514 42.949358 43.205309 43.452079 43.707843 43.964471
Elapsed_time: 43.964471
Score: -1268.815675
