5
150
121.559161 29.820830 19.421596 10.743917 3.613956 -3.059610 -7.710401 -12.118287 -15.583217 -20.172089 -23.435241 -27.518921 -29.971867 -33.530525 -35.937632 -39.448986 -41.374561 -44.468942 -45.995411 -48.971382 -50.305542 -53.139251 -54.480168 -57.367930 -58.274767 -61.206460 -61.942409 -64.818648 -65.436740 -68.302323 -68.531945 -71.230165 -71.388819 -74.190836 -74.032972 -76.795013 -76.504309 -79.354712 -78.898555 -81.698048 -81.117271 -83.928847 -83.173236 -86.092892 -85.216807 -88.095803 -87.300945 -90.199040 -89.270480 -92.091680 -91.147047 -93.986755 -92.897746 -95.751271 -94.728338 -97.478101 -96.398970 -99.125898 -98.113277 -100.799146 -99.782350 -102.366614 -101.328224 -103.856528 -102.929401 -105.385428 -104.420260 -106.728260 -105.923299 -108.123459 -107.350457 -109.461689 -108.671623 -110.940514 -110.089966 -112.338438 -111.572236 -113.752782 -112.983466 -115.206572 -114.413286 -116.514630 -115.820229 -118.016116 -117.385983 -119.351778 -118.671450 -120.465835 -119.920200 -121.685800 -121.246768 -122.940350 -122.636301 -124.005946 -123.879593 -125.214288 -125.253637 -126.509796 -126.760169 -128.099415 -128.543590 -129.653321 -130.487493 -131.822246 -133.132374 -134.690304 -136.448440 -138.354398 -140.130464 -142.387970 -144.937355 -147.864609 -150.619014 -153.721520 -156.977247 -160.378521 -163.673420 -166.860534 -170.184937 -173.743758 -177.657977 -181.619889 -185.479858 -189.006907 -192.372679 -195.381470 -198.349163 -201.186770 -203.805656 -206.325731 -208.713476 -210.992350 -213.107554 -215.128673 -217.024591 -218.801896 -220.424637 -221.928819 -223.311667 -224.598965 -225.771953 -226.833957 -227.777318 -228.625204 -229.369925 -230.017804 -230.567431 -231.023189 -231.385045 -231.654823
0.395604 0.453640 0.466101 0.478021 0.491787 0.507647 0.522863 0.534908 0.550302 0.561977 0.573798 0.588020 0.599759 0.611775 0.623839 0.636416 0.648205 0.659929 0.671670 0.683434 0.695148 0.706835 0.718703 0.730507 0.742389 0.754143 0.767341 0.779355 0.791041 0.803710 0.816373 0.828098 0.839802 0.851477 0.863317 0.875612 0.888506 0.904177 0.918485 0.930201 0.942529 0.957479 0.969720 0.981423 0.993117 1.005581 1.017207 1.029247 1.043922 1.055714 1.067549 1.081178 1.093117 1.105464 1.117330 1.129197 1.140989 1.152733 1.165975 1.178457 1.190599 1.202389 1.214044 1.225717 1.237431 1.249259 1.263468 1.275289 1.287050 1.298955 1.310697 1.323211 1.334922 1.347636 1.359450 1.371259 1.384014 1.395802 1.407837 1.419859 1.431704 1.445136 1.456983 1.468970 1.480601 1.493055 1.505310 1.516945 1.528676 1.541686 1.554146 1.565832 1.579224 1.593734 1.607630 1.619574 1.632224 1.644765 1.657525 1.669929 1.682158 1.695023 1.706727 1.719248 1.731167 1.743370 1.755245 1.766924 1.778649 1.790901 1.802709 1.814572 1.826455 1.839229 1.851067 1.862776 1.874647 1.886423 1.899302 1.911989 1.924743 1.936936 1.949264 1.960980 1.973006 1.986571 1.998412 2.011373 2.023126 2.034851 2.051077 2.068189 2.080515 2.092276 2.104038 2.115971 2.127849 2.142898 2.159917 2.171675 2.183900 2.195756 2.208182 2.220938 2.232682 2.244780 2.258006 2.270711 2.284183 2.296037
Elapsed_time: 2.296037
Score: -231.654823
149
97.791163 24.965808 11.168054 8.017992 -3.364420 -3.800257 -13.394712 -13.866450 -21.864452 -22.325081 -28.894370 -28.816620 -34.547517 -34.127156 -39.706069 -39.239504 -44.280007 -43.488092 -48.455134 -48.113281 -52.838806 -52.615164 -56.922510 -56.588105 -60.585734 -60.250351 -63.875430 -63.726617 -66.887881 -66.935718 -69.801427 -70.073244 -72.505636 -72.764300 -75.055950 -75.163432 -77.553759 -77.692625 -79.936502 -80.126582 -82.126021 -82.676600 -84.295167 -85.158055 -86.599885 -87.624841 -89.019680 -90.191508 -91.297480 -92.491671 -93.515701 -94.713073 -95.508758 -96.761614 -97.338437 -98.517090 -99.095905 -100.215338 -100.731881 -101.818186 -102.328788 -103.448235 -104.064862 -105.008906 -105.649268 -106.616084 -107.037127 -108.151431 -108.444100 -109.567434 -109.879259 -111.031044 -111.346499 -112.347358 -112.821419 -113.842981 -114.529295 -115.309164 -116.041332 -116.703709 -117.495270 -118.185238 -118.975872 -119.551412 -120.420296 -120.905333 -121.795071 -122.333675 -123.428899 -123.609823 -124.805124 -125.223142 -126.362405 -126.499093 -127.987008 -128.097189 -129.459211 -129.621746 -130.874950 -130.875452 -132.325648 -132.394136 -134.099272 -134.257060 -136.116471 -136.817081 -138.525329 -139.530222 -141.671791 -142.989761 -144.789548 -146.202080 -148.047823 -149.812696 -151.974649 -154.062684 -156.513742 -158.807927 -161.445005 -164.201502 -167.363300 -170.648733 -174.000239 -177.285728 -180.474649 -183.573778 -186.425891 -189.101443 -191.600764 -194.051433 -196.391308 -198.664342 -200.747896 -202.723583 -204.536586 -206.226022 -207.776046 -209.233426 -210.564002 -211.792038 -212.926517 -213.948369 -214.856836 -215.665038 -216.381237 -217.004225 -217.531021 -217.965834 -218.310881
0.382847 0.433832 0.445544 0.457439 0.470047 0.481750 0.493582 0.505567 0.518293 0.530751 0.547667 0.560039 0.573952 0.586279 0.598603 0.611611 0.623548 0.640027 0.651768 0.663829 0.675600 0.687611 0.701412 0.713081 0.725116 0.737355 0.749189 0.763257 0.775618 0.787595 0.799300 0.811008 0.822686 0.834470 0.847872 0.859862 0.871738 0.884571 0.896364 0.909032 0.921231 0.933233 0.944856 0.956734 0.968449 0.980089 0.991836 1.003633 1.015456 1.028843 1.040535 1.052395 1.064166 1.076445 1.088193 1.099842 1.111505 1.123228 1.135172 1.147387 1.159238 1.170871 1.182650 1.195619 1.207866 1.219682 1.231594 1.243328 1.255096 1.266982 1.278878 1.290606 1.304126 1.315809 1.327513 1.339225 1.355016 1.369116 1.382357 1.396283 1.408277 1.420009 1.431875 1.443749 1.456559 1.469090 1.482197 1.494912 1.507329 1.519097 1.531061 1.542917 1.556406 1.568563 1.581157 1.592899 1.604649 1.616324 1.628029 1.639794 1.652289 1.664569 1.676743 1.689273 1.701112 1.714239 1.726464 1.739567 1.752797 1.766083 1.778170 1.790680 1.802354 1.814080 1.825704 1.837539 1.850376 1.862059 1.873863 1.885575 1.902382 1.919657 1.931498 1.943201 1.954949 1.967577 1.979282 1.993088 2.004864 2.016686 2.028447 2.040350 2.055950 2.068830 2.081465 2.094645 2.106677 2.118978 2.130779 2.142914 2.154572 2.167025 2.179202 2.190884 2.202651 2.216154 2.229757 2.241719 2.253393
Elapsed_time: 2.253393
Score: -218.310881
149
114.110198 37.706003 21.440263 11.933998 3.065240 -2.184330 -10.710694 -13.718726 -20.540246 -22.204458 -28.984143 -28.626837 -35.602464 -34.382439 -41.162197 -39.668280 -46.061259 -44.981170 -50.743831 -49.834819 -55.263133 -54.395417 -59.264478 -58.222756 -62.489403 -61.502005 -65.555447 -64.898580 -68.848388 -67.882365 -71.594155 -70.607060 -74.037926 -73.159134 -76.162426 -75.623786 -78.607291 -78.070134 -80.871616 -80.778872 -83.181347 -83.125718 -85.391133 -85.484236 -87.551319 -87.910445 -89.749695 -90.278420 -91.964113 -92.545943 -94.024795 -94.677939 -95.963233 -96.627967 -97.828052 -98.470737 -99.579784 -100.278692 -101.289024 -102.056672 -103.006950 -103.808249 -104.702212 -105.508663 -106.382063 -107.228622 -108.065799 -108.970817 -109.646690 -110.708197 -111.182674 -112.264593 -112.758457 -113.835278 -114.318790 -115.271679 -115.807744 -116.908061 -117.611575 -118.477926 -119.180665 -119.951912 -120.712279 -121.375738 -122.134537 -122.826576 -123.517357 -124.200573 -124.971878 -125.635263 -126.394774 -127.048414 -127.807049 -128.469707 -129.293875 -130.098822 -130.877674 -131.570734 -132.560820 -133.266874 -134.289712 -135.204707 -136.321661 -137.306476 -138.383711 -139.690474 -141.005913 -142.486101 -144.080642 -145.723804 -147.463782 -149.360610 -151.092540 -153.207825 -155.528597 -158.179509 -161.110653 -164.473381 -167.717644 -171.078419 -174.234753 -177.554240 -180.847730 -184.019797 -186.967778 -189.748614 -192.421289 -194.998670 -197.485500 -199.875159 -202.196335 -204.386793 -206.470600 -208.441709 -210.281034 -211.958805 -213.529977 -214.962980 -216.289795 -217.493252 -218.605761 -219.614536 -220.531111 -221.344585 -222.055599 -222.670789 -223.193091 -223.625527 -223.968676
0.393023 0.448188 0.459903 0.471581 0.483336 0.495174 0.506940 0.518672 0.530388 0.542117 0.553947 0.565637 0.577850 0.590360 0.602414 0.614162 0.629160 0.641336 0.653381 0.668800 0.682537 0.696583 0.708368 0.721412 0.733432 0.745221 0.757704 0.769687 0.781674 0.793368 0.805057 0.816900 0.828648 0.840471 0.852253 0.864087 0.876883 0.888573 0.900530 0.912200 0.923912 0.935721 0.947965 0.960882 0.972660 0.984691 0.998680 1.010661 1.022420 1.034498 1.046910 1.059026 1.070734 1.082425 1.094072 1.105727 1.117555 1.129240 1.140943 1.152736 1.164457 1.176174 1.188125 1.200778 1.216235 1.231403 1.245825 1.257470 1.269128 1.280775 1.292448 1.304148 1.315808 1.327592 1.340252 1.351954 1.364528 1.377372 1.389148 1.400806 1.412451 1.424146 1.435951 1.447864 1.460601 1.472322 1.484097 1.495758 1.507555 1.519585 1.532253 1.543895 1.556347 1.568705 1.580860 1.593302 1.606018 1.617747 1.630224 1.647485 1.660799 1.673754 1.685610 1.699417 1.713813 1.730276 1.743490 1.755873 1.769448 1.782999 1.795119 1.807269 1.819163 1.831391 1.843089 1.855890 1.867646 1.879426 1.891741 1.905007 1.918461 1.930139 1.941922 1.953637 1.965430 1.977332 1.989077 2.000798 2.012728 2.025255 2.037513 2.049668 2.061401 2.074271 2.088139 2.099889 2.112376 2.124567 2.136537 2.148297 2.161369 2.174629 2.187650 2.199424 2.211904 2.223707 2.235461 2.248355 2.260246
Elapsed_time: 2.260246
Score: -223.968676
150
145.617698 59.013129 39.344066 35.168399 22.794243 21.602090 11.620473 11.112359 3.277276 3.591726 -2.820454 -2.315065 -8.130862 -7.845639 -13.049659 -12.460034 -17.130163 -16.502636 -20.967310 -20.549698 -24.498372 -23.993388 -27.952406 -27.342657 -30.932557 -30.509031 -33.634229 -33.299623 -36.071195 -35.683343 -38.286757 -38.027425 -40.483015 -40.248716 -42.551775 -42.476199 -44.773194 -44.609908 -46.747621 -46.688684 -48.757759 -48.655927 -50.673573 -50.516317 -52.591976 -52.295631 -54.349165 -54.102132 -56.107617 -55.813646 -57.857296 -57.409724 -59.511502 -58.959069 -61.033757 -60.496732 -62.531263 -61.931175 -64.009350 -63.278020 -65.416944 -64.706782 -66.755184 -66.085295 -68.197496 -67.457864 -69.615214 -68.860356 -71.075231 -70.436572 -72.513719 -71.975740 -73.845995 -73.378096 -75.294571 -74.849920 -76.832564 -76.184796 -78.287948 -77.783960 -79.880361 -79.052172 -81.258833 -80.461699 -82.477634 -81.729114 -83.875565 -83.451323 -85.530225 -85.085807 -87.092331 -86.612727 -88.251002 -87.952393 -89.809294 -89.629976 -91.379944 -91.390647 -93.524573 -93.849358 -95.803306 -96.247028 -98.027505 -98.535935 -100.561935 -101.487103 -103.562154 -105.132345 -107.781398 -109.887293 -112.932274 -115.524383 -118.201297 -121.023170 -123.767435 -126.863857 -129.691991 -133.219045 -136.345927 -139.966193 -143.298033 -146.657398 -149.788747 -152.979705 -156.035897 -158.981343 -161.714864 -164.266164 -166.582313 -168.872599 -171.056114 -173.187455 -175.242428 -177.163978 -178.923390 -180.534361 -182.009961 -183.393201 -184.679005 -185.885061 -186.982424 -187.974846 -188.853966 -189.629575 -190.316806 -190.914823 -191.421647 -191.840737 -192.173680 -192.421323
0.378660 0.430471 0.442353 0.454118 0.467074 0.480161 0.492793 0.504885 0.517225 0.529084 0.541663 0.555242 0.567074 0.578835 0.590626 0.602330 0.614212 0.626688 0.638466 0.651219 0.663026 0.676076 0.688214 0.699935 0.711638 0.723411 0.735170 0.746913 0.758605 0.770568 0.782540 0.794528 0.806523 0.818481 0.830271 0.842693 0.854584 0.866614 0.879258 0.891032 0.903097 0.917044 0.928958 0.942200 0.954036 0.965942 0.977732 0.989425 1.001058 1.012990 1.024625 1.036888 1.051506 1.065187 1.078230 1.090229 1.104116 1.118321 1.130514 1.142308 1.156573 1.168883 1.181602 1.193712 1.205758 1.218702 1.232507 1.244260 1.256641 1.268374 1.280139 1.293136 1.305753 1.318579 1.330472 1.342344 1.354099 1.365842 1.377699 1.389405 1.401142 1.413180 1.424942 1.436775 1.448759 1.460560 1.473164 1.484888 1.496602 1.508695 1.520414 1.532316 1.544387 1.557014 1.568789 1.580489 1.592615 1.604835 1.616683 1.631340 1.643158 1.655167 1.668827 1.684708 1.697143 1.708979 1.720660 1.732775 1.745436 1.758142 1.769798 1.783170 1.794800 1.807564 1.824036 1.835820 1.847501 1.859273 1.871026 1.884873 1.896788 1.909555 1.921392 1.933926 1.945618 1.959578 1.971450 1.983138 1.994890 2.007445 2.019535 2.031208 2.044258 2.057929 2.069838 2.082375 2.095277 2.107897 2.119916 2.132060 2.144239 2.155929 2.167695 2.179500 2.191325 2.203199 2.215239 2.227045 2.239995 2.252161
Elapsed_time: 2.252161
Score: -192.421323
150
110.161747 26.550611 10.530728 5.121297 -5.281085 -8.125062 -14.518922 -17.646561 -22.388898 -24.680813 -29.087855 -31.530790 -35.300053 -37.605196 -40.937067 -43.547623 -46.446151 -48.932868 -51.491013 -53.755552 -55.837734 -58.002225 -59.741822 -61.648143 -63.098740 -64.590040 -66.144224 -67.591281 -69.036841 -70.474774 -71.855591 -73.422163 -74.731528 -76.040944 -77.329550 -78.432557 -79.854535 -80.918411 -82.470576 -83.393623 -84.872741 -85.941291 -87.318176 -88.311527 -89.561598 -90.426917 -91.586695 -92.250194 -93.320016 -93.971281 -94.905375 -95.468583 -96.620386 -97.139926 -98.249573 -98.625668 -99.631903 -100.152273 -101.049991 -101.457408 -102.512490 -102.850292 -103.863714 -104.155304 -105.296588 -105.476035 -106.728849 -106.877895 -108.013492 -108.233953 -109.339179 -109.671029 -110.583716 -111.062031 -111.992434 -112.540807 -113.348073 -113.682145 -114.592689 -115.351080 -116.197402 -116.926664 -117.745768 -118.238866 -118.926671 -119.476171 -120.278454 -120.777088 -121.644450 -122.242814 -123.041153 -123.701791 -124.642459 -125.154772 -125.949403 -126.357213 -127.466880 -127.805533 -129.284798 -129.587187 -130.953933 -131.325888 -132.750147 -133.434952 -135.181560 -136.047422 -137.952398 -139.214330 -141.366619 -143.156336 -145.514002 -148.144261 -151.245781 -154.139063 -157.432161 -160.522645 -163.746052 -166.643349 -169.669429 -172.545039 -175.587532 -178.541486 -181.679626 -184.586931 -187.543047 -190.300569 -192.990897 -195.503548 -197.958019 -200.291879 -202.526067 -204.620790 -206.626539 -208.509614 -210.251542 -211.905445 -213.433866 -214.854066 -216.163836 -217.369725 -218.472863 -219.470186 -220.368890 -221.166088 -221.867780 -222.475608 -222.991844 -223.418905 -223.757656 -224.010370
0.390592 0.441960 0.454190 0.466443 0.478299 0.490180 0.502002 0.513663 0.525786 0.537892 0.550082 0.562387 0.574057 0.586713 0.600052 0.612251 0.624211 0.636019 0.648007 0.659723 0.671571 0.683685 0.695567 0.708795 0.721002 0.732804 0.744577 0.756429 0.769500 0.781234 0.793179 0.805893 0.817726 0.829460 0.841843 0.853543 0.865736 0.877356 0.889037 0.900662 0.912321 0.924057 0.935779 0.947548 0.960064 0.973047 0.985212 0.996900 1.008578 1.020289 1.031952 1.043715 1.063599 1.075320 1.087190 1.100738 1.113357 1.125399 1.139023 1.151513 1.163518 1.175284 1.187000 1.198818 1.210516 1.222613 1.234839 1.246792 1.259151 1.272492 1.284180 1.295840 1.308328 1.322559 1.336280 1.348131 1.359969 1.371854 1.383614 1.395507 1.409109 1.422156 1.435380 1.447194 1.459989 1.471757 1.484183 1.496299 1.508099 1.520101 1.533111 1.544786 1.556445 1.570021 1.585729 1.597549 1.610171 1.622091 1.634495 1.646487 1.658805 1.671300 1.683049 1.694851 1.706530 1.718252 1.731613 1.743311 1.755086 1.766927 1.779535 1.792106 1.803927 1.815737 1.827914 1.839637 1.852359 1.864119 1.875986 1.889313 1.902284 1.914335 1.926144 1.937956 1.949595 1.962168 1.975112 1.988220 2.000063 2.011948 2.023780 2.035584 2.047604 2.059818 2.071567 2.083507 2.095750 2.107458 2.119244 2.131175 2.143921 2.156283 2.168588 2.180769 2.196764 2.208581 2.220231 2.232105 2.245097 2.257082
Elapsed_time: 2.257082
Score: -224.010370
