5
151
121.559161 28.469316 -1.144812 -21.105854 -31.952285 -43.157971 -54.400127 -72.076689 -90.590891 -113.497652 -137.348164 -161.571617 -184.655560 -212.981563 -236.077526 -253.469581 -267.212547 -277.072553 -282.360711 -290.558572 -294.204470 -300.034271 -302.582140 -305.636550 -310.372679 -312.957246 -315.518896 -317.817936 -320.171701 -322.240329 -324.154813 -325.768624 -326.829934 -328.896561 -329.373886 -331.077734 -331.757342 -333.008639 -334.261346 -335.015065 -336.525835 -337.328224 -338.659614 -339.450748 -341.114114 -341.930401 -343.485512 -345.192981 -346.540567 -348.093611 -349.037124 -350.421533 -351.062992 -352.229946 -352.728314 -353.411120 -354.560979 -355.092465 -355.776590 -356.324533 -356.861614 -357.472182 -357.954896 -358.504490 -358.905334 -359.369125 -359.977024 -360.360663 -360.914160 -361.359579 -361.759472 -362.242323 -362.690828 -363.129798 -363.464429 -363.758228 -364.106796 -364.451158 -364.755226 -365.048485 -365.364742 -365.696545 -365.950555 -366.206052 -366.453427 -366.611458 -366.818576 -367.048088 -367.221981 -367.339755 -367.519855 -367.656734 -367.821337 -368.033243 -368.164665 -368.323719 -368.442504 -368.544005 -368.653955 -368.778607 -368.871862 -369.011277 -369.090561 -369.190090 -369.260350 -369.363652 -369.432983 -369.489816 -369.628704 -369.670141 -369.846468 -369.907326 -369.987558 -370.074252 -370.168055 -370.237893 -370.293213 -370.353332 -370.441288 -370.479188 -370.549621 -370.588423 -370.645022 -370.730050 -370.833837 -370.926158 -370.939038 -371.002835 -371.035839 -371.107606 -371.157758 -371.217417 -371.254336 -371.293894 -371.352790 -371.407666 -371.443829 -371.503648 -371.546411 -371.594255 -371.650006 -371.684111 -371.732470 -371.778624 -371.840585 -371.872526 -371.915174 -371.974193 -372.008165 -372.049060 -372.100930
0.394403 0.421155 0.433768 0.445954 0.457167 0.468308 0.479105 0.490809 0.501701 0.512636 0.523962 0.537620 0.548783 0.559266 0.571767 0.583567 0.594461 0.604608 0.614849 0.624892 0.635522 0.646000 0.655800 0.665870 0.675912 0.698856 0.708687 0.720797 0.730675 0.740590 0.751912 0.762956 0.776249 0.786128 0.795692 0.805357 0.814959 0.827144 0.837414 0.849481 0.859321 0.869994 0.880381 0.890427 0.900248 0.911066 0.920905 0.931733 0.941513 0.951178 0.960890 0.970531 0.980119 0.989647 0.999262 1.008794 1.018254 1.037395 1.046996 1.058265 1.068708 1.079432 1.088973 1.098465 1.109014 1.118785 1.131001 1.141941 1.151435 1.160875 1.170509 1.181170 1.192190 1.203273 1.212816 1.222239 1.231682 1.241456 1.250964 1.260922 1.270511 1.280415 1.289954 1.299654 1.309162 1.318768 1.328243 1.337682 1.347077 1.356797 1.366362 1.377430 1.387937 1.397516 1.408461 1.418248 1.427733 1.437322 1.447042 1.456561 1.465972 1.476767 1.487300 1.499167 1.508953 1.519877 1.530306 1.540375 1.549909 1.559373 1.569002 1.578632 1.590370 1.600159 1.609724 1.619984 1.629542 1.639454 1.648953 1.658469 1.667953 1.677379 1.686881 1.696625 1.708172 1.717717 1.727445 1.737842 1.748006 1.758637 1.768159 1.777725 1.788215 1.798343 1.809641 1.819106 1.830334 1.839891 1.849480 1.860344 1.870664 1.880101 1.889790 1.899473 1.910529 1.921475 1.931021 1.940406 1.949829 1.959504 1.968996
Elapsed_time: 1.968996
Score: -372.100930
151
97.791163 10.030214 -19.211293 -36.090342 -44.693564 -51.336595 -59.904354 -69.699982 -87.010000 -97.304204 -121.297637 -138.156358 -152.449346 -174.772935 -197.691152 -214.630358 -231.192791 -238.868749 -249.661748 -254.270339 -260.113990 -264.668090 -270.346129 -272.779807 -276.688362 -281.209374 -284.767247 -287.316557 -289.892094 -292.112184 -294.313283 -296.009624 -297.435990 -298.695242 -299.817769 -300.905976 -301.692327 -302.404181 -303.431755 -304.240464 -305.626923 -306.734985 -307.698065 -309.127205 -310.096517 -311.147949 -312.317048 -313.243618 -314.230788 -315.228067 -316.215377 -316.983852 -317.620496 -318.166492 -318.797321 -319.338350 -319.975937 -320.571034 -320.925628 -321.416211 -322.063311 -322.301696 -322.312420 -322.518054 -322.769079 -323.048416 -323.403736 -323.655826 -323.958322 -324.224628 -324.523501 -324.765769 -325.121511 -325.305810 -325.536992 -325.929273 -326.153154 -326.424533 -326.725358 -326.998827 -327.360791 -327.766275 -327.949090 -328.188151 -328.491742 -328.780472 -329.165622 -329.373661 -329.732863 -330.007970 -330.384598 -330.794636 -331.124360 -331.486117 -332.013459 -332.362067 -332.675068 -333.389832 -333.650438 -333.953482 -334.547490 -334.822937 -335.295786 -335.778467 -336.206956 -337.002010 -337.606717 -338.192809 -338.810180 -339.388210 -340.059420 -340.789390 -341.444910 -342.425794 -343.055690 -343.777282 -344.321881 -344.852720 -345.686898 -346.395001 -347.002850 -347.492696 -348.135903 -348.754951 -349.288601 -349.837453 -350.423846 -350.945351 -351.330825 -351.787617 -352.232105 -352.626251 -352.992583 -353.465111 -353.927295 -354.381535 -354.789248 -355.176149 -355.605576 -356.078415 -356.427261 -356.763416 -357.181269 -357.528174 -357.888703 -358.274905 -358.593485 -358.935840 -359.300556 -359.553895 -359.868508
0.380744 0.403856 0.415298 0.426525 0.437557 0.448759 0.459666 0.470246 0.481024 0.492245 0.503108 0.514779 0.526385 0.537120 0.547568 0.558534 0.568873 0.579170 0.590473 0.600967 0.613572 0.623714 0.634227 0.646683 0.657375 0.668900 0.678782 0.690045 0.700039 0.711335 0.721225 0.731674 0.741413 0.751120 0.761388 0.771424 0.781992 0.791879 0.801409 0.811073 0.820606 0.830506 0.840447 0.850127 0.859756 0.869391 0.879307 0.889346 0.899498 0.909228 0.920003 0.929773 0.939444 0.950274 0.960640 0.971878 0.981563 0.993085 1.002829 1.013372 1.023318 1.033286 1.062565 1.072061 1.081604 1.091110 1.100611 1.119644 1.129113 1.138577 1.148171 1.161250 1.170867 1.180593 1.190441 1.200124 1.219470 1.229268 1.239291 1.248962 1.258527 1.269845 1.279661 1.289212 1.300314 1.310430 1.320746 1.330298 1.339954 1.349578 1.359238 1.368946 1.378638 1.388553 1.398226 1.407847 1.417531 1.427212 1.446481 1.456058 1.465654 1.475354 1.484947 1.494879 1.505194 1.515064 1.525777 1.535404 1.545037 1.554698 1.564396 1.574089 1.583783 1.593521 1.603499 1.613242 1.623022 1.633051 1.642767 1.652424 1.662033 1.671623 1.681215 1.690837 1.700353 1.710012 1.720127 1.730200 1.739773 1.750079 1.760314 1.769995 1.780675 1.790245 1.801303 1.810920 1.822605 1.835038 1.845020 1.857241 1.867397 1.877945 1.889269 1.898880 1.909941 1.919583 1.929238 1.940194 1.950036 1.959620 1.969864
Elapsed_time: 1.969864
Score: -359.868508
151
114.110198 27.244001 -1.909475 -20.114634 -31.113493 -38.627237 -52.047271 -65.099282 -81.487785 -96.102917 -115.417417 -135.925093 -160.158127 -188.674331 -207.330903 -225.690109 -239.329246 -251.412734 -257.924069 -268.654836 -271.311622 -276.950552 -278.831504 -283.983537 -285.990051 -288.570505 -290.537951 -293.643700 -295.348736 -296.757289 -299.337136 -300.679793 -302.897134 -303.531385 -304.559828 -305.671681 -306.334738 -306.937246 -307.601914 -308.336472 -309.227228 -309.946107 -310.533341 -311.517703 -312.106677 -313.418626 -314.111568 -315.031234 -316.145372 -317.232198 -318.092414 -319.001101 -319.726929 -320.705803 -321.415619 -322.097416 -322.509363 -323.323089 -323.576568 -324.166560 -324.528493 -324.951472 -325.626215 -326.141264 -326.715114 -327.154891 -327.574963 -327.958388 -328.339246 -328.821507 -329.149061 -329.590787 -330.081429 -330.517136 -331.032028 -331.405840 -331.763006 -332.226573 -332.606480 -333.121627 -333.470997 -333.717389 -334.134321 -334.543808 -334.879019 -335.297633 -335.733351 -336.183208 -336.586566 -336.911510 -337.457690 -337.666724 -338.360891 -338.636201 -339.033039 -339.448645 -339.897194 -340.304063 -340.743292 -341.140869 -341.615769 -342.072451 -342.437341 -342.779422 -343.391546 -343.849755 -344.143741 -344.631009 -345.096438 -345.291251 -346.038241 -346.316220 -346.748435 -347.010708 -347.515608 -347.846257 -348.175645 -348.736303 -349.011430 -349.569297 -349.821315 -350.197710 -350.549409 -351.108587 -351.380589 -351.693606 -352.125335 -352.592823 -352.975415 -353.324191 -353.683667 -354.122452 -354.481035 -354.760259 -354.993908 -355.286092 -355.569803 -355.900823 -356.292193 -356.498129 -356.774069 -356.987319 -357.299440 -357.591668 -357.777670 -358.114366 -358.333448 -358.579102 -358.851187 -359.043313 -359.390019
0.389607 0.415361 0.426973 0.439109 0.451311 0.463761 0.474473 0.485279 0.497595 0.510091 0.521601 0.534851 0.547221 0.557764 0.568174 0.578660 0.588927 0.599658 0.609856 0.620971 0.631075 0.642977 0.652859 0.662977 0.674236 0.685139 0.696442 0.706195 0.715939 0.728644 0.738490 0.748302 0.758139 0.768088 0.777898 0.787773 0.797387 0.806953 0.816665 0.826214 0.835693 0.845206 0.854788 0.864541 0.874091 0.884454 0.897434 0.908061 0.919579 0.929616 0.941638 0.951806 0.962607 0.972613 0.984063 0.994475 1.004231 1.013826 1.024727 1.034277 1.043858 1.054061 1.063917 1.083735 1.093631 1.103117 1.112721 1.122642 1.132130 1.141748 1.153790 1.163812 1.173809 1.185257 1.195142 1.204828 1.214771 1.225225 1.235073 1.244913 1.254343 1.263866 1.273313 1.282768 1.292246 1.301657 1.311140 1.320894 1.330535 1.340263 1.353878 1.364528 1.374943 1.385486 1.396049 1.406506 1.416165 1.425589 1.435071 1.444578 1.455739 1.466398 1.476310 1.485921 1.495493 1.507552 1.521086 1.532885 1.545923 1.555627 1.565182 1.574696 1.584236 1.593772 1.603344 1.613110 1.622727 1.632270 1.641743 1.651343 1.660845 1.670381 1.679960 1.689525 1.699031 1.708528 1.718102 1.727627 1.737166 1.746727 1.756340 1.765835 1.775375 1.784940 1.795206 1.805761 1.815265 1.824727 1.834165 1.843656 1.853172 1.862690 1.872107 1.881636 1.891789 1.903781 1.923933 1.933652 1.943128 1.952623 1.962060
Elapsed_time: 1.962060
Score: -359.390019
151
145.617698 55.390880 26.076878 7.673945 -2.433961 -12.554635 -23.184790 -37.811456 -52.362207 -73.733979 -92.022367 -108.736229 -129.435995 -150.764590 -169.566509 -187.166942 -195.355248 -209.914714 -213.520307 -219.769336 -221.687258 -227.748186 -229.730676 -232.128501 -235.292909 -237.183630 -239.346301 -240.863522 -242.838752 -244.098086 -245.443513 -246.601934 -247.682844 -248.621284 -250.252021 -250.809890 -251.757518 -252.276583 -253.329651 -253.940955 -254.610118 -255.813486 -256.595438 -257.574466 -258.209115 -259.019739 -259.348089 -260.747432 -261.199838 -261.918711 -262.776959 -263.482660 -264.541670 -265.000515 -265.491838 -266.368352 -267.166012 -267.772728 -268.672034 -269.767816 -271.168627 -271.852004 -274.086903 -275.257802 -276.329381 -277.529641 -278.461377 -279.458777 -279.819412 -281.023713 -281.655340 -282.280541 -283.380202 -284.521140 -285.286115 -285.945986 -286.592051 -287.331229 -287.989578 -288.889570 -289.470918 -290.157373 -291.146549 -291.648537 -292.298301 -292.848341 -293.313976 -293.813963 -294.437878 -294.737967 -295.279239 -295.414434 -296.075558 -296.328373 -296.699262 -297.150977 -297.537524 -297.966893 -298.247041 -298.624815 -298.739842 -299.305248 -299.467897 -299.820785 -300.282251 -300.579016 -300.900814 -301.156121 -301.450549 -301.753937 -302.038029 -302.227420 -302.450666 -302.686927 -302.908641 -303.161365 -303.357761 -303.616493 -303.848659 -304.052649 -304.281896 -304.481410 -304.689025 -304.882426 -305.070051 -305.226382 -305.464100 -305.570145 -305.745085 -305.895990 -306.103030 -306.248459 -306.360417 -306.616253 -306.713462 -307.032201 -307.150114 -307.276679 -307.463957 -307.540118 -307.811113 -307.891317 -308.035460 -308.119027 -308.249394 -308.398583 -308.523976 -308.753740 -308.855249 -308.977462 -309.148035
0.378006 0.404736 0.417548 0.430723 0.444414 0.457016 0.467871 0.478647 0.489563 0.500732 0.511947 0.523398 0.534200 0.545003 0.555690 0.566536 0.577494 0.587800 0.598047 0.610035 0.621441 0.631561 0.641979 0.652021 0.663510 0.685838 0.697835 0.710179 0.722249 0.732047 0.741861 0.751595 0.761452 0.771683 0.784436 0.795012 0.805564 0.816358 0.827927 0.837786 0.847413 0.857115 0.868730 0.878429 0.888320 0.898566 0.910201 0.921478 0.932191 0.942800 0.953049 0.964839 0.974852 0.985035 0.995994 1.005770 1.015445 1.025137 1.034834 1.044541 1.064079 1.073871 1.083601 1.093317 1.103047 1.112826 1.122720 1.132413 1.142114 1.153456 1.163489 1.173137 1.182967 1.193034 1.202816 1.213268 1.223288 1.234347 1.243974 1.253634 1.266009 1.278771 1.291633 1.303153 1.312771 1.323328 1.332962 1.342800 1.352530 1.362289 1.371919 1.381642 1.391555 1.401196 1.410776 1.420499 1.430104 1.439633 1.449125 1.458684 1.468260 1.477799 1.487356 1.496948 1.506476 1.516139 1.529385 1.539250 1.549025 1.558768 1.568338 1.577989 1.587545 1.597101 1.606747 1.616364 1.626939 1.637704 1.649459 1.660321 1.669912 1.681031 1.692644 1.702177 1.711965 1.722400 1.732172 1.743658 1.754302 1.766502 1.776145 1.785773 1.795586 1.805201 1.816054 1.825808 1.835333 1.844875 1.854613 1.865986 1.877913 1.887497 1.897062 1.916450 1.927131 1.939151 1.949296 1.960845 1.979905 1.989521 1.999003
Elapsed_time: 1.999003
Score: -309.148035
151
110.161747 22.640683 -7.675609 -27.075040 -38.100586 -48.745288 -57.985414 -73.335115 -89.517077 -108.503122 -126.018761 -149.323425 -175.541189 -193.213302 -216.282199 -226.625084 -240.845162 -248.880565 -256.752468 -263.126928 -268.932531 -274.208795 -281.397810 -283.649347 -288.685232 -291.385520 -294.603437 -297.487767 -299.652948 -301.859952 -303.572335 -305.104132 -306.614627 -308.174272 -309.334376 -310.482261 -311.524957 -312.576228 -313.670016 -314.805668 -316.105952 -317.305895 -318.919760 -320.737967 -322.415477 -323.926652 -325.280276 -327.227293 -328.833958 -330.200192 -331.772581 -332.964591 -334.481966 -335.508396 -336.267306 -337.248499 -338.166636 -339.064907 -339.876815 -340.762279 -341.352038 -342.450786 -342.887536 -343.466121 -343.895387 -344.596123 -344.973951 -345.338191 -346.031924 -346.349870 -346.738125 -347.135497 -347.497434 -347.836683 -348.359973 -348.541306 -348.937435 -349.143775 -349.394978 -349.696511 -349.905081 -350.175713 -350.506141 -350.779878 -350.988816 -351.205405 -351.332527 -351.543953 -351.655860 -351.992791 -352.119210 -352.277077 -352.504009 -352.631975 -352.842072 -352.999776 -353.163125 -353.293510 -353.415989 -353.544200 -353.632768 -353.759273 -353.881107 -353.915414 -354.133901 -354.200863 -354.317621 -354.474179 -354.570327 -354.690760 -354.787407 -354.917496 -355.005964 -355.131388 -355.212222 -355.284459 -355.420296 -355.521772 -355.608631 -355.698211 -355.780474 -355.833395 -355.955228 -355.996249 -356.079352 -356.146771 -356.241510 -356.297011 -356.369810 -356.472798 -356.570601 -356.645276 -356.728456 -356.807470 -356.925462 -357.004190 -357.064988 -357.159653 -357.247642 -357.342061 -357.419340 -357.524021 -357.585600 -357.663422 -357.753703 -357.813722 -357.896867 -357.991919 -358.039670 -358.117346 -358.185130
0.411574 0.437091 0.452499 0.466462 0.479599 0.493422 0.507723 0.518713 0.529472 0.540526 0.551359 0.563857 0.575211 0.587624 0.597967 0.608358 0.618685 0.628844 0.641270 0.653230 0.665057 0.676221 0.687297 0.698540 0.709767 0.730727 0.742022 0.751783 0.761582 0.772514 0.785048 0.798159 0.808236 0.817903 0.829318 0.840784 0.853639 0.866165 0.879493 0.892029 0.902274 0.915012 0.926879 0.937813 0.947526 0.957255 0.966953 0.976580 0.988803 0.998790 1.008924 1.018536 1.028106 1.037742 1.047317 1.056828 1.066441 1.075926 1.085408 1.095130 1.104613 1.114164 1.123838 1.133386 1.143212 1.152814 1.162640 1.172102 1.181744 1.202472 1.212217 1.221712 1.231148 1.240690 1.250142 1.259599 1.269164 1.289228 1.298838 1.309131 1.318649 1.328950 1.338986 1.348414 1.357921 1.367613 1.379652 1.392087 1.403325 1.412796 1.422308 1.436196 1.445681 1.464953 1.474519 1.483977 1.493447 1.502892 1.513036 1.522495 1.532131 1.543027 1.552701 1.562888 1.572552 1.582093 1.591822 1.601447 1.620483 1.630010 1.639556 1.648989 1.658454 1.668148 1.677705 1.689261 1.702414 1.714107 1.723629 1.733144 1.742579 1.752085 1.761567 1.771046 1.780577 1.792700 1.802541 1.812146 1.822116 1.831805 1.841977 1.851816 1.861446 1.871007 1.880742 1.890941 1.900374 1.909910 1.919811 1.930011 1.939583 1.949099 1.958718 1.969846 1.980245 1.992487 2.002849 2.012415 2.022263 2.031755 2.041248
Elapsed_time: 2.041248
Score: -358.185130
