5
151
5432.626608 1075.153112 999.131934 934.813153 879.704233 829.681281 782.507105 739.026054 698.995313 662.074954 628.496044 597.994776 569.985236 544.104355 520.390430 497.825229 477.192355 457.562432 438.941481 421.261524 404.394869 388.104917 373.052538 358.677176 345.048497 331.739378 319.145711 306.758587 295.244715 284.197210 273.554919 263.189625 253.239681 243.303848 233.909431 224.459573 215.683814 206.920606 198.643794 190.471022 182.764683 175.195523 167.788347 160.758426 153.845594 147.177725 140.732690 134.494804 128.407097 122.371748 116.529869 110.720223 105.044952 99.366405 93.863581 88.551410 83.235660 78.124110 72.922309 67.965923 63.061122 58.262129 53.682340 49.153823 44.746981 40.348175 36.044114 31.866504 27.620917 23.528077 19.489675 15.634046 11.806655 8.104837 4.415952 0.762462 -2.744651 -6.163764 -9.543508 -12.861189 -16.111642 -19.359147 -22.537135 -25.648683 -28.723782 -31.712056 -34.679911 -37.543960 -40.414693 -43.137280 -45.890962 -48.524817 -51.174426 -53.714676 -56.195039 -58.617242 -61.006243 -63.337282 -65.656584 -67.879145 -70.081260 -72.223580 -74.359320 -76.413432 -78.450094 -80.433306 -82.354531 -84.243055 -86.096956 -87.960015 -89.811265 -91.633559 -93.410731 -95.127228 -96.795546 -98.406523 -99.976486 -101.489214 -102.975078 -104.420604 -105.819334 -107.175974 -108.492970 -109.759025 -110.977909 -112.155082 -113.278508 -114.361634 -115.389611 -116.386046 -117.339535 -118.246505 -119.110156 -119.929568 -120.703980 -121.437619 -122.127265 -122.774505 -123.378394 -123.940815 -124.459632 -124.934593 -125.366354 -125.753582 -126.097453 -126.398152 -126.655537 -126.869985 -127.041500 -127.170124 -127.255834
0.000045 0.036007 0.047757 0.059541 0.071721 0.083750 0.095779 0.108271 0.120522 0.133222 0.145061 0.157199 0.170059 0.181745 0.195667 0.209642 0.221966 0.236944 0.249145 0.261146 0.274568 0.290391 0.303767 0.317028 0.328945 0.341153 0.353193 0.364946 0.377377 0.390157 0.403136 0.415411 0.427677 0.439383 0.451686 0.465372 0.477799 0.490447 0.502558 0.514919 0.527310 0.539037 0.550904 0.562676 0.574806 0.587080 0.600509 0.612401 0.624309 0.636221 0.651005 0.664292 0.676775 0.688507 0.700202 0.713623 0.726496 0.738336 0.750039 0.761735 0.773810 0.785574 0.797250 0.809182 0.820982 0.833469 0.845203 0.856854 0.870544 0.886327 0.898128 0.913597 0.925428 0.937460 0.950552 0.963396 0.978016 0.989809 1.001566 1.013179 1.024842 1.036792 1.049841 1.062686 1.076294 1.088586 1.100661 1.112421 1.124091 1.135945 1.147666 1.159882 1.171696 1.183587 1.195408 1.207592 1.220269 1.232101 1.244084 1.257036 1.268879 1.282534 1.294592 1.309263 1.321125 1.332814 1.344580 1.356221 1.367938 1.379584 1.392605 1.404643 1.417699 1.429917 1.441898 1.454708 1.466770 1.478630 1.491626 1.504302 1.516291 1.528425 1.540579 1.552591 1.564954 1.577509 1.589747 1.601741 1.613959 1.632567 1.644937 1.656737 1.669661 1.682896 1.695399 1.708154 1.720075 1.731920 1.744141 1.755880 1.767901 1.779892 1.792686 1.804541 1.816400 1.828412 1.840614 1.853825 1.866262 1.878184 1.895803
Elapsed_time: 1.895803
Score: -127.255834
151
5237.825108 1072.997665 996.985718 932.257589 876.152494 824.894193 777.077944 733.212117 693.340690 656.831641 623.395313 592.959198 564.951103 539.932187 516.701057 494.833290 474.490347 455.363312 437.099162 419.734362 403.459993 387.994081 373.316537 359.094376 345.749168 333.050180 320.831812 309.118461 297.589982 286.656179 276.147663 266.003615 256.139962 246.738260 237.568822 228.897806 220.422466 212.345320 204.335757 196.791236 189.388275 182.220366 175.282221 168.596633 161.871400 155.392872 148.817627 142.534737 136.189209 129.996940 123.947979 118.002789 112.290007 106.584011 101.046459 95.596737 90.269963 84.951117 79.923965 74.993098 70.234543 65.512713 60.970082 56.488799 52.042790 47.619867 43.246355 38.957893 34.658853 30.527202 26.451649 22.434338 18.410199 14.404884 10.406232 6.589176 2.807075 -0.898094 -4.616460 -8.174814 -11.786778 -15.159552 -18.528831 -21.791704 -24.983298 -28.062663 -31.107244 -34.076102 -36.989088 -39.867395 -42.690043 -45.467775 -48.192128 -50.906737 -53.540353 -56.126195 -58.669965 -61.194749 -63.661559 -66.086253 -68.433805 -70.727842 -72.944634 -75.092234 -77.209560 -79.273351 -81.323866 -83.327982 -85.323764 -87.265138 -89.162143 -90.985674 -92.764157 -94.494233 -96.177281 -97.812968 -99.395863 -100.912081 -102.370375 -103.778306 -105.126161 -106.446202 -107.706668 -108.952312 -110.153881 -111.317821 -112.424735 -113.485563 -114.498126 -115.471410 -116.398790 -117.280135 -118.117654 -118.910210 -119.659756 -120.369539 -121.033690 -121.652500 -122.226304 -122.758439 -123.248132 -123.699034 -124.106453 -124.472991 -124.796475 -125.079163 -125.321333 -125.523172 -125.684262 -125.804807 -125.885136
0.000040 0.039480 0.051307 0.062988 0.074914 0.089142 0.106599 0.125064 0.142367 0.154180 0.167006 0.181736 0.193712 0.214911 0.232346 0.246016 0.258969 0.272188 0.284107 0.295828 0.307523 0.321028 0.337407 0.350066 0.361983 0.374589 0.387476 0.400020 0.413287 0.425572 0.437862 0.449736 0.461641 0.473346 0.485200 0.497038 0.508810 0.520740 0.532548 0.544363 0.556344 0.569246 0.586533 0.602405 0.618650 0.630543 0.642634 0.657143 0.669012 0.683579 0.695781 0.707857 0.721367 0.733336 0.746531 0.758272 0.770709 0.783495 0.796846 0.810369 0.823958 0.837589 0.850736 0.864224 0.876105 0.888023 0.900480 0.912417 0.924645 0.936878 0.949284 0.961808 0.973763 0.986052 0.998019 1.011090 1.022872 1.035112 1.046874 1.058792 1.071714 1.084056 1.096855 1.109725 1.124316 1.136079 1.147933 1.160147 1.174544 1.191023 1.205575 1.217622 1.229535 1.243373 1.255027 1.266806 1.278594 1.291805 1.304550 1.316890 1.328745 1.340774 1.352861 1.365414 1.377700 1.389977 1.402363 1.414397 1.426056 1.437917 1.449685 1.461360 1.473090 1.485097 1.497476 1.509460 1.521814 1.533791 1.545731 1.560338 1.576646 1.588556 1.600974 1.613938 1.625908 1.638087 1.650149 1.662069 1.674443 1.687421 1.699668 1.711632 1.723355 1.736509 1.748165 1.759874 1.771699 1.783689 1.795413 1.807076 1.818781 1.830476 1.842098 1.854367 1.866903 1.878689 1.890979 1.902727 1.918700 1.931442 1.944569
Elapsed_time: 1.944569
Score: -125.885136
151
5643.542758 1077.558515 1004.505462 941.680204 887.651034 838.862094 793.588225 751.363303 712.473744 676.785335 644.993784 616.132177 589.373546 564.585733 541.846383 520.536447 500.595337 481.651354 463.575146 446.104454 429.590601 413.442580 398.164801 383.527927 369.512355 356.107004 343.294654 331.352808 319.806377 308.861099 298.356219 288.467998 279.067438 269.961261 261.055123 252.371441 244.142911 235.996764 228.106258 220.559640 213.318503 206.340231 199.514754 192.852634 186.347863 180.206500 174.120901 168.180833 162.471494 156.938570 151.545982 146.267320 141.125158 136.139890 131.288378 126.409688 121.676112 116.923040 112.451283 107.938040 103.724845 99.423963 95.352731 91.197578 87.229858 83.185034 79.305262 75.444184 71.686529 68.005950 64.287890 60.703535 57.121457 53.621717 50.128033 46.772597 43.480262 40.256085 37.066079 33.908477 30.788425 27.705940 24.700509 21.629548 18.529561 15.435876 12.387706 9.381467 6.424244 3.478383 0.555066 -2.327810 -5.177135 -7.947555 -10.663379 -13.378599 -16.016460 -18.649450 -21.227189 -23.775401 -26.224179 -28.648513 -31.009073 -33.324435 -35.564685 -37.786926 -39.956974 -42.094512 -44.174697 -46.238927 -48.254910 -50.236963 -52.163526 -54.035090 -55.875800 -57.668570 -59.393378 -61.087853 -62.719050 -64.316079 -65.853753 -67.346390 -68.784836 -70.171231 -71.513366 -72.803921 -74.039915 -75.228322 -76.362457 -77.448197 -78.485403 -79.476143 -80.421177 -81.313473 -82.158999 -82.955955 -83.704726 -84.405179 -85.057500 -85.661696 -86.218591 -86.728099 -87.189997 -87.604924 -87.973094 -88.294989 -88.570562 -88.799965 -88.983355 -89.120805 -89.212391
0.000052 0.041982 0.057514 0.070543 0.082488 0.094977 0.107441 0.119395 0.131095 0.142914 0.154700 0.166477 0.179259 0.190913 0.202636 0.214259 0.225955 0.238035 0.251195 0.264073 0.275958 0.287794 0.301531 0.314833 0.326444 0.339555 0.355191 0.370536 0.385322 0.396968 0.408832 0.421589 0.433881 0.447099 0.462016 0.473727 0.487706 0.499950 0.512413 0.525126 0.537008 0.548756 0.561094 0.575032 0.586874 0.599910 0.613063 0.626398 0.638127 0.649910 0.661884 0.673792 0.687045 0.700161 0.713671 0.727123 0.739110 0.753439 0.765457 0.777594 0.789292 0.802686 0.814508 0.827768 0.841476 0.853193 0.864884 0.877810 0.889481 0.901257 0.913090 0.930888 0.947880 0.964722 0.976772 0.988456 1.000142 1.011993 1.024853 1.036611 1.048421 1.062152 1.075677 1.087820 1.100825 1.112520 1.125095 1.136762 1.151117 1.163381 1.175063 1.186842 1.198716 1.211376 1.223365 1.235159 1.246857 1.258550 1.270205 1.281983 1.295012 1.306677 1.319001 1.332485 1.344278 1.356942 1.370649 1.385145 1.400565 1.412307 1.424320 1.436651 1.449414 1.461201 1.472976 1.484687 1.496381 1.508178 1.519958 1.534391 1.547246 1.559882 1.571504 1.583332 1.595833 1.608279 1.622312 1.633913 1.645754 1.657514 1.669201 1.680904 1.693179 1.705156 1.716862 1.728974 1.740993 1.753449 1.766988 1.779163 1.791213 1.803629 1.815585 1.827196 1.839331 1.855359 1.872341 1.885699 1.900309 1.912386 1.924211
Elapsed_time: 1.924211
Score: -89.212391
151
5696.321987 1071.491704 995.996159 931.472044 875.751186 826.117808 780.718455 738.959358 701.337568 666.806507 636.332178 608.004722 582.674309 558.765160 536.724616 515.966047 496.694817 478.325086 460.981513 444.311981 428.352135 412.900445 397.996686 383.821391 370.206227 357.036018 344.583649 332.436160 320.822410 309.607452 298.669850 288.352359 278.321687 268.636341 259.153036 250.072958 241.242646 232.626068 224.384500 216.425472 208.649641 201.209028 193.846136 186.721548 179.769558 172.993647 166.433401 160.040223 153.758426 147.799004 141.780568 136.007846 130.129418 124.338671 118.651721 113.154237 107.826036 102.675035 97.627759 92.747389 87.980999 83.386130 78.934316 74.544498 70.088899 65.736393 61.380712 57.086355 52.903070 48.854286 44.908002 41.025124 37.177456 33.429632 29.646996 25.986793 22.334422 18.842935 15.393361 12.040525 8.687002 5.402977 2.166773 -1.039790 -4.149635 -7.323095 -10.442455 -13.484472 -16.479063 -19.375672 -22.213062 -24.996839 -27.716539 -30.455920 -33.096869 -35.761415 -38.334687 -40.877014 -43.344957 -45.775084 -48.165068 -50.502348 -52.803634 -55.028976 -57.219026 -59.373245 -61.470725 -63.525411 -65.540287 -67.521482 -69.453959 -71.319765 -73.114163 -74.874844 -76.580649 -78.238370 -79.837379 -81.415437 -82.952326 -84.444742 -85.891925 -87.296766 -88.652509 -89.965943 -91.221239 -92.433749 -93.589429 -94.696750 -95.764068 -96.784829 -97.761426 -98.688754 -99.569983 -100.401638 -101.189375 -101.929221 -102.624252 -103.274077 -103.879468 -104.438615 -104.954121 -105.424563 -105.851466 -106.234730 -106.575111 -106.872994 -107.128170 -107.340655 -107.510556 -107.637897 -107.722742
0.000037 0.037943 0.049944 0.061989 0.073882 0.086011 0.097937 0.111036 0.122826 0.134599 0.147654 0.159444 0.172016 0.184971 0.196768 0.209569 0.221594 0.233227 0.245146 0.257870 0.269713 0.282526 0.294611 0.307446 0.320312 0.332045 0.344430 0.356425 0.368562 0.381691 0.393477 0.405229 0.416872 0.428595 0.441186 0.454097 0.465789 0.477540 0.489664 0.502507 0.514736 0.526604 0.538833 0.551390 0.564280 0.578127 0.591361 0.603345 0.615663 0.627988 0.639870 0.652757 0.665844 0.677985 0.689938 0.701725 0.713543 0.725336 0.737124 0.752212 0.764005 0.775795 0.787615 0.800320 0.812883 0.824719 0.839214 0.852334 0.864388 0.876420 0.888229 0.900116 0.916771 0.928481 0.940331 0.954541 0.966571 0.979865 0.991748 1.004834 1.016829 1.028515 1.042141 1.054424 1.066105 1.079183 1.092559 1.106519 1.119824 1.134127 1.146486 1.159973 1.174691 1.186934 1.198874 1.213964 1.225964 1.237865 1.250000 1.261960 1.274314 1.288381 1.302390 1.315503 1.328888 1.341268 1.353040 1.365103 1.378233 1.389902 1.401672 1.413398 1.426268 1.439809 1.453370 1.465253 1.478742 1.490517 1.502142 1.514514 1.526521 1.538450 1.550256 1.562322 1.574055 1.585980 1.598216 1.610092 1.622047 1.635127 1.646981 1.660143 1.672496 1.685289 1.698455 1.711750 1.725587 1.739559 1.752050 1.763985 1.775773 1.788611 1.800896 1.812900 1.824582 1.836281 1.848087 1.863019 1.878567 1.890873 1.902657
Elapsed_time: 1.902657
Score: -107.722742
151
6016.743026 1084.156005 1010.245068 946.500577 891.146459 840.828471 794.124737 750.864893 710.940741 675.065935 642.207507 611.748989 584.369235 558.537751 534.822796 512.804246 492.444802 473.218311 454.912708 437.687089 421.348584 405.731144 391.187674 377.259948 363.861989 351.317052 339.229857 328.115172 317.163201 306.938170 296.810738 287.332772 278.103566 269.191295 260.701742 252.590288 244.633490 237.110516 229.926760 223.168863 216.672922 210.542530 204.392275 198.739534 193.104338 187.542477 182.278792 176.927921 171.928639 166.878331 162.009076 157.300099 152.882209 148.521962 144.325769 140.053895 136.051845 132.027708 128.249409 124.554904 120.925189 117.402615 113.942236 110.423196 107.152579 103.777313 100.552956 97.213464 94.080861 90.794549 87.960636 84.899937 82.116166 79.090570 76.351182 73.393559 70.802622 67.964155 65.349098 62.673280 60.084027 57.394398 54.829340 52.202302 49.744267 47.251239 44.868949 42.416221 40.063123 37.620673 35.323879 32.961527 30.729892 28.405250 26.166342 23.914746 21.721968 19.549769 17.487572 15.329734 13.271554 11.160102 9.155974 7.136732 5.206717 3.274039 1.378634 -0.501282 -2.329438 -4.139329 -5.901616 -7.609495 -9.315327 -10.960458 -12.588067 -14.171311 -15.715468 -17.213184 -18.662986 -20.086766 -21.457257 -22.807619 -24.107547 -25.375781 -26.608919 -27.793847 -28.929155 -30.025410 -31.079886 -32.094919 -33.062742 -33.986337 -34.861119 -35.690952 -36.478341 -37.222242 -37.919588 -38.573219 -39.181465 -39.744542 -40.262862 -40.736590 -41.167484 -41.555800 -41.900614 -42.201690 -42.459573 -42.674148 -42.845462 -42.973846 -43.059435
0.000038 0.036092 0.048815 0.061264 0.073120 0.084972 0.096748 0.108520 0.120212 0.132654 0.144721 0.156427 0.168172 0.180614 0.193193 0.205668 0.217342 0.231165 0.243389 0.255094 0.267090 0.278888 0.293436 0.305224 0.317778 0.329933 0.342176 0.353915 0.365547 0.378809 0.391548 0.404918 0.417297 0.430659 0.443372 0.457721 0.470578 0.482597 0.494368 0.506540 0.518815 0.530679 0.544237 0.556188 0.568397 0.580545 0.592438 0.604124 0.616138 0.627852 0.641465 0.653581 0.666432 0.678576 0.690381 0.702329 0.714112 0.725934 0.738521 0.750419 0.762197 0.773893 0.785934 0.800087 0.812745 0.825979 0.839141 0.851010 0.862714 0.874552 0.886274 0.898096 0.909781 0.921575 0.933304 0.945113 0.956927 0.969395 0.981084 0.993291 1.005279 1.018959 1.030686 1.042635 1.054398 1.066120 1.078017 1.090452 1.102245 1.116137 1.129101 1.141118 1.153133 1.164984 1.176856 1.189682 1.201648 1.213669 1.226172 1.238935 1.251393 1.263238 1.275258 1.286944 1.298794 1.312160 1.324375 1.336270 1.348976 1.362195 1.373950 1.386575 1.399493 1.411362 1.423213 1.434967 1.448029 1.461327 1.473064 1.484790 1.497971 1.510144 1.521881 1.533599 1.546004 1.557751 1.569409 1.581133 1.593180 1.605426 1.617144 1.628896 1.640606 1.652319 1.664288 1.676235 1.689569 1.703137 1.715486 1.728248 1.741044 1.752664 1.764679 1.776814 1.788667 1.800691 1.812761 1.824824 1.837041 1.848899 1.860671
Elapsed_time: 1.860671
Score: -43.059435
