5
151
5432.626608 4074.651465 1370.388360 973.551859 820.938177 738.280899 638.596194 577.845705 510.871432 457.664785 414.541495 380.962127 346.017800 302.838993 270.227673 241.522523 220.285745 196.346855 176.966116 154.488064 137.185474 116.765618 101.757883 82.528788 69.929272 53.630103 36.256813 20.478945 8.458234 -7.800642 -15.813818 -28.161000 -38.399290 -49.382337 -61.446851 -70.705102 -77.527512 -86.141354 -95.076722 -101.553695 -111.419663 -118.338306 -125.976043 -129.551697 -141.763486 -146.861453 -154.521972 -163.848850 -170.106138 -177.163488 -181.533715 -186.972620 -189.803727 -197.431432 -200.099573 -205.112486 -210.436140 -214.586682 -217.504625 -220.976073 -224.428852 -228.430432 -232.261791 -235.524831 -238.564189 -242.212210 -245.617473 -249.690070 -252.164512 -254.935682 -258.383076 -261.000721 -263.217517 -266.689396 -268.290310 -271.268510 -274.453299 -277.830392 -279.763131 -282.583634 -284.377058 -286.959999 -288.865749 -290.872364 -293.551319 -295.669507 -297.059955 -298.597022 -299.821188 -301.285647 -302.652556 -303.682940 -305.666309 -306.487999 -307.910342 -308.919884 -310.054005 -311.647287 -312.418376 -313.437478 -314.791935 -315.683388 -317.210596 -318.071641 -318.934185 -319.720593 -320.818897 -321.953509 -323.194149 -324.097362 -325.426044 -326.043627 -327.437029 -328.259407 -329.190678 -331.315489 -332.205407 -333.361709 -334.426931 -335.784820 -336.408370 -337.945053 -338.577158 -339.464580 -340.416849 -341.519502 -342.360785 -343.344972 -343.963129 -344.811748 -345.564250 -346.149691 -347.549376 -348.139240 -348.751688 -349.401129 -349.965300 -350.325124 -351.015378 -351.416700 -352.060394 -352.402811 -353.103864 -353.393358 -353.804606 -354.482572 -354.801599 -355.241902 -355.543984 -355.900368 -356.183304
0.000037 0.028048 0.042229 0.056545 0.070693 0.085281 0.099750 0.112879 0.125972 0.142004 0.157003 0.170566 0.185013 0.198345 0.211153 0.223793 0.237016 0.249341 0.261474 0.274091 0.287649 0.299538 0.311445 0.323122 0.336394 0.348236 0.359741 0.371158 0.382475 0.393676 0.405242 0.416289 0.428121 0.439000 0.449786 0.461383 0.472082 0.482793 0.493580 0.505061 0.518105 0.528711 0.539359 0.550060 0.560884 0.572061 0.582902 0.593404 0.603796 0.614153 0.624430 0.634557 0.644723 0.654995 0.665433 0.675571 0.685577 0.696001 0.706627 0.718432 0.728548 0.738454 0.748347 0.758243 0.768165 0.778064 0.788229 0.798989 0.808988 0.818990 0.829975 0.840009 0.850036 0.859855 0.870765 0.880742 0.890856 0.900746 0.910800 0.920655 0.930748 0.941076 0.952229 0.962318 0.973285 0.984913 0.996337 1.007181 1.017102 1.026991 1.037025 1.046815 1.056606 1.066391 1.076182 1.085967 1.096231 1.106264 1.125896 1.135568 1.146595 1.156307 1.166931 1.176630 1.186207 1.195857 1.205734 1.215518 1.225270 1.235189 1.245297 1.255582 1.265245 1.276195 1.285973 1.296232 1.317076 1.326872 1.337073 1.346780 1.356542 1.367327 1.377232 1.387019 1.396836 1.407861 1.418399 1.427996 1.439177 1.448793 1.459852 1.469930 1.480023 1.501988 1.511788 1.521423 1.530985 1.541374 1.551109 1.560841 1.570457 1.580229 1.590188 1.600260 1.612844 1.622462 1.641706 1.653410 1.663143 1.674273 1.684724
Elapsed_time: 1.684724
Score: -356.183304
151
5237.825108 3916.278756 1357.117933 971.984816 822.246468 739.551388 647.950675 619.793827 553.458279 513.330656 449.330487 413.596792 383.985561 351.400441 319.925171 290.244037 264.772122 235.066952 212.407445 189.239492 169.924648 149.291922 131.557727 111.368593 96.439082 79.330478 69.908452 50.784127 40.635884 24.873839 7.646756 -6.793098 -18.133347 -32.276861 -42.544091 -52.764033 -61.226417 -71.054090 -77.630652 -86.374795 -93.792351 -101.098967 -113.943490 -120.625676 -133.468828 -142.024166 -151.938654 -158.700657 -172.832911 -180.623900 -189.540590 -196.430882 -203.749397 -209.496450 -215.682882 -220.682990 -224.822209 -228.930698 -233.887874 -239.316570 -242.071788 -244.493086 -247.995015 -250.903729 -254.514689 -258.164448 -260.617546 -263.692351 -265.969436 -268.400672 -270.339304 -272.535688 -274.529734 -276.927564 -278.840174 -280.688598 -283.619510 -284.217104 -286.715847 -287.597389 -289.280562 -290.980880 -292.631912 -293.519764 -294.846547 -296.167508 -297.672643 -298.963138 -300.268640 -301.344739 -302.712402 -303.572800 -304.700823 -305.649527 -306.556003 -307.539277 -308.345499 -309.348303 -310.261320 -311.299986 -312.127505 -312.968350 -314.352127 -314.980468 -315.718985 -316.825180 -317.508911 -318.334832 -319.448929 -319.791290 -320.441085 -320.948200 -321.560208 -322.366150 -323.165943 -324.025930 -324.564510 -325.132836 -325.784730 -326.394827 -326.969326 -327.873232 -328.273483 -328.918553 -329.582781 -330.037112 -330.531126 -331.331730 -331.712454 -332.231030 -332.532838 -333.134107 -333.576605 -333.933243 -334.550508 -334.756243 -335.607308 -335.929179 -336.273867 -336.977160 -337.375582 -337.946823 -338.418191 -338.844675 -339.433594 -339.871743 -340.310295 -340.873894 -341.228302 -341.654868 -342.207843
0.000043 0.028704 0.042531 0.056209 0.069755 0.083901 0.097999 0.111604 0.125523 0.138638 0.151879 0.165214 0.178618 0.193629 0.206861 0.221430 0.236343 0.248701 0.261297 0.274229 0.286252 0.298132 0.310240 0.323112 0.335992 0.348058 0.361557 0.374019 0.386492 0.398720 0.411873 0.423201 0.435758 0.447920 0.462144 0.474331 0.485078 0.495986 0.507974 0.519685 0.531074 0.541658 0.552539 0.563530 0.574303 0.584872 0.595348 0.605730 0.616130 0.626431 0.636730 0.657323 0.667521 0.678031 0.692310 0.702668 0.714044 0.724563 0.734740 0.745780 0.757400 0.767897 0.778840 0.788907 0.798926 0.808873 0.819244 0.829488 0.839914 0.849843 0.859721 0.869511 0.879412 0.889279 0.899073 0.908828 0.918657 0.929313 0.940507 0.950901 0.960717 0.971207 0.981377 0.992331 1.002056 1.013040 1.022863 1.032520 1.042340 1.052867 1.062524 1.072258 1.081987 1.092673 1.102394 1.113019 1.123355 1.134790 1.144813 1.154558 1.164621 1.174362 1.185137 1.194995 1.204653 1.214687 1.224313 1.234070 1.243741 1.254438 1.264105 1.275727 1.285533 1.295279 1.305730 1.315445 1.325071 1.334756 1.344533 1.355265 1.365629 1.375308 1.384917 1.394675 1.404348 1.413930 1.423576 1.433244 1.443132 1.452748 1.463104 1.472830 1.482682 1.492667 1.502288 1.511980 1.521632 1.531256 1.540856 1.550656 1.571741 1.581461 1.591410 1.601627 1.612130 1.622511 1.632189 1.642371 1.653044 1.662641 1.672345
Elapsed_time: 1.672345
Score: -342.207843
151
5643.542758 4246.349884 1408.413034 987.406069 826.010170 742.516734 650.610334 594.041074 528.164148 476.122493 428.869615 393.249942 355.531508 317.324817 287.985198 260.025639 237.148858 213.025800 200.236566 182.727062 170.513411 155.439110 138.416166 121.512727 110.136396 94.610297 83.410775 69.935589 56.976489 43.453662 25.903383 14.008406 -0.228346 -10.974328 -23.493087 -29.940573 -42.801863 -49.618642 -57.684940 -68.586644 -75.539215 -83.258119 -90.844364 -98.012339 -106.200475 -114.233755 -123.446937 -129.533283 -135.347347 -143.017556 -147.856252 -154.368719 -159.957238 -165.243854 -170.292201 -174.255248 -178.397945 -181.051347 -184.927034 -186.690162 -190.771492 -193.251453 -196.134873 -200.542954 -202.702461 -207.048067 -209.490289 -212.613093 -215.213574 -219.725980 -221.920494 -224.584660 -228.434080 -231.172169 -235.143163 -237.721952 -240.456387 -243.321031 -246.366030 -249.581692 -252.316166 -254.628790 -257.857460 -260.084299 -262.461139 -265.490244 -267.854288 -269.502312 -272.715906 -273.900764 -275.691379 -277.348775 -278.814552 -281.845830 -283.339381 -285.822455 -288.042285 -290.000604 -292.072267 -294.300638 -296.183980 -298.212112 -299.588541 -301.958544 -304.134936 -305.986116 -307.709219 -309.861938 -311.406657 -313.046603 -314.953113 -316.055170 -317.338487 -319.030245 -320.140403 -322.166870 -323.374266 -324.455989 -325.327775 -326.406362 -327.663393 -328.785926 -329.451173 -330.280192 -330.974681 -331.980985 -332.745981 -333.290640 -334.033427 -334.533005 -335.038892 -335.158236 -335.380559 -335.722284 -335.831498 -336.167534 -336.931093 -337.234808 -337.532550 -338.055776 -338.370749 -338.430321 -338.903378 -339.357913 -339.732518 -340.063361 -340.420156 -340.763016 -341.102104 -341.409886 -341.679122
0.000037 0.029277 0.044092 0.058463 0.072044 0.086739 0.100130 0.113309 0.128080 0.141488 0.156229 0.171191 0.187820 0.203237 0.216397 0.230285 0.244053 0.256478 0.269812 0.281954 0.293926 0.305706 0.318311 0.330624 0.342394 0.354171 0.367227 0.378948 0.390371 0.401790 0.413627 0.425025 0.437260 0.449413 0.460804 0.472004 0.482809 0.493939 0.505575 0.517211 0.529778 0.542893 0.556772 0.568214 0.580884 0.592868 0.603653 0.615001 0.625535 0.635863 0.646280 0.656618 0.667351 0.679661 0.691248 0.704525 0.717481 0.729303 0.741291 0.752161 0.762604 0.774115 0.785887 0.795881 0.806445 0.817049 0.827059 0.836906 0.846785 0.856871 0.866745 0.876637 0.886574 0.906258 0.916216 0.926079 0.935933 0.946057 0.956090 0.967336 0.977276 0.987198 0.997068 1.007503 1.018784 1.029310 1.039966 1.050895 1.061308 1.071209 1.080945 1.090693 1.100471 1.110192 1.129653 1.139430 1.149138 1.158840 1.169676 1.179387 1.189162 1.198831 1.208656 1.219578 1.229938 1.239579 1.249410 1.259120 1.271062 1.280831 1.290574 1.300212 1.309947 1.320389 1.330082 1.339969 1.350793 1.361338 1.372735 1.383646 1.394378 1.405305 1.415777 1.426498 1.436697 1.446507 1.456256 1.466443 1.476118 1.487326 1.498604 1.518226 1.529769 1.541614 1.565599 1.575370 1.584958 1.594668 1.604733 1.614414 1.625736 1.646091 1.655697 1.665363 1.674945 1.684582 1.694251 1.703825 1.713523 1.725227 1.735033
Elapsed_time: 1.735033
Score: -341.679122
151
5696.321987 4267.453737 1412.201183 979.639070 816.351474 733.163304 643.927107 591.301352 530.289713 480.802668 435.027316 400.727574 364.544934 321.923683 289.305928 259.947590 231.758580 209.934341 188.890452 169.215906 145.900417 128.430631 111.239709 90.965239 75.195279 59.082207 45.256731 27.020671 16.349322 -1.148074 -11.345351 -24.096092 -35.183744 -48.470192 -56.272076 -66.717504 -75.580702 -84.356804 -89.287942 -97.028071 -103.562002 -110.998817 -118.102621 -126.841064 -132.338196 -143.723953 -150.128282 -157.316454 -164.068110 -172.478652 -177.678862 -183.955282 -192.223673 -197.182098 -203.151671 -207.147234 -211.988532 -214.133396 -221.328214 -223.951003 -227.746888 -233.275439 -236.552481 -240.680623 -244.517069 -248.346235 -251.749358 -254.993860 -258.144547 -260.462768 -263.520405 -266.822713 -269.447003 -271.797243 -274.692513 -277.130231 -279.432535 -281.534564 -283.706281 -285.666498 -287.536742 -290.107243 -291.570120 -292.912683 -294.992844 -295.983014 -297.095010 -299.029219 -299.858913 -300.779782 -302.338880 -303.218709 -304.462230 -305.566845 -306.358322 -307.586417 -308.892133 -309.961783 -310.831731 -311.866671 -312.818258 -313.806700 -314.433080 -315.064190 -315.920903 -316.689788 -317.327870 -317.677958 -318.648117 -319.107078 -319.791854 -320.329786 -320.818071 -321.586524 -322.045041 -322.517872 -322.985510 -323.478956 -323.921553 -324.445462 -324.809374 -325.171576 -325.513063 -325.937150 -326.231719 -326.604456 -327.157084 -327.730074 -328.106913 -328.614663 -328.888625 -329.228211 -329.738469 -329.982867 -330.612194 -330.858015 -331.308806 -331.578055 -331.981483 -332.574650 -332.944136 -333.451154 -333.804916 -334.167143 -334.615475 -335.028666 -335.435496 -335.838021 -336.373357 -336.786684 -337.074587
0.000039 0.027860 0.042229 0.056431 0.070466 0.085148 0.099761 0.112780 0.125983 0.141387 0.156052 0.171295 0.184700 0.198964 0.212242 0.225057 0.238197 0.251495 0.263708 0.275870 0.287864 0.299896 0.311880 0.324655 0.336476 0.348648 0.361515 0.374034 0.387975 0.399226 0.413735 0.428452 0.439916 0.450889 0.462129 0.474684 0.487737 0.498510 0.510870 0.522005 0.532936 0.543592 0.554472 0.565042 0.575646 0.586258 0.596757 0.607720 0.619280 0.629747 0.640208 0.650517 0.660728 0.670976 0.681522 0.692510 0.702900 0.716348 0.728064 0.745974 0.758321 0.768345 0.789686 0.800282 0.810218 0.820136 0.830047 0.839912 0.849831 0.859874 0.869676 0.881634 0.891414 0.901259 0.912217 0.923108 0.934782 0.944663 0.954594 0.964349 0.975240 0.985761 0.996446 1.007367 1.017076 1.026814 1.036658 1.047357 1.057209 1.066983 1.076833 1.087497 1.097984 1.107884 1.117771 1.127772 1.137468 1.147327 1.157065 1.167042 1.176914 1.186653 1.196252 1.205866 1.215654 1.225634 1.235815 1.245412 1.255001 1.264560 1.274335 1.284161 1.293766 1.303549 1.314398 1.324122 1.336613 1.347664 1.357436 1.367467 1.377165 1.387068 1.397939 1.407662 1.417383 1.427162 1.436875 1.446637 1.458147 1.468334 1.478520 1.489014 1.498799 1.508325 1.517907 1.527470 1.537010 1.546609 1.556107 1.565613 1.584893 1.597950 1.607692 1.617370 1.626959 1.636667 1.646309 1.655927 1.665596 1.675279 1.684876
Elapsed_time: 1.684876
Score: -337.074587
151
6016.743026 4512.463192 1472.569230 1012.951132 835.669766 746.010619 649.044127 587.114963 521.566001 463.539002 419.011283 383.967224 352.687479 315.362507 288.882589 263.435803 245.086121 227.051242 213.654403 198.321947 187.743150 174.307145 162.988934 147.764685 139.460402 127.419038 113.790604 101.921343 91.287801 79.311477 70.605905 61.357177 51.074884 42.318841 29.698924 21.177506 13.631064 7.954212 0.326118 -5.564728 -13.908921 -19.822661 -26.136932 -34.327469 -42.515021 -47.745869 -55.862700 -62.871640 -70.091239 -76.318864 -82.796982 -88.951737 -94.020467 -102.078306 -105.349304 -110.957803 -115.227579 -119.596231 -126.876968 -131.003490 -136.605464 -141.589219 -147.005088 -150.573029 -157.580656 -161.287638 -166.002061 -170.063706 -176.275328 -179.296058 -182.770944 -187.779807 -192.801455 -198.900816 -201.505124 -206.676816 -209.272518 -214.254193 -215.992887 -219.428354 -223.226983 -226.148124 -228.189012 -230.633818 -232.618203 -234.904812 -236.683494 -238.345173 -239.951243 -241.594044 -243.195775 -244.493049 -246.079576 -247.484389 -248.471302 -250.635868 -251.534920 -252.811598 -254.050298 -255.178590 -257.026803 -257.810060 -258.869040 -260.195118 -261.288560 -262.560188 -263.721369 -264.621999 -265.461378 -266.371699 -267.294707 -268.156615 -269.050580 -269.733430 -270.250813 -271.163300 -271.708612 -272.124846 -272.813655 -273.390202 -273.819365 -274.679725 -275.001259 -275.725021 -276.129291 -276.634380 -277.144922 -277.704828 -278.139506 -278.793173 -279.129948 -279.609672 -280.068007 -280.529934 -281.022008 -281.509438 -281.722537 -282.478503 -282.801826 -283.263099 -283.690248 -284.416165 -284.850262 -285.294999 -285.848760 -286.437641 -286.830803 -287.311531 -287.717345 -288.170269 -288.803875
0.000038 0.028631 0.044081 0.058448 0.072137 0.086326 0.101371 0.117494 0.131235 0.144404 0.157907 0.171357 0.184841 0.199839 0.214345 0.227984 0.243032 0.256917 0.269051 0.281024 0.292897 0.305481 0.318203 0.330064 0.341940 0.353742 0.365482 0.377323 0.388985 0.400506 0.412182 0.423710 0.434995 0.446264 0.457466 0.468593 0.479774 0.490977 0.503139 0.514625 0.527279 0.538198 0.549128 0.561164 0.574120 0.585159 0.596618 0.607749 0.618668 0.631516 0.645204 0.655833 0.666308 0.676843 0.687592 0.698006 0.708545 0.718856 0.729103 0.751237 0.761618 0.771887 0.782580 0.793823 0.803962 0.814143 0.824706 0.835414 0.846151 0.856590 0.867414 0.877550 0.887613 0.897733 0.907734 0.917680 0.927674 0.937558 0.947470 0.957992 0.967912 0.977770 0.987691 0.997541 1.007453 1.017395 1.028395 1.040301 1.053613 1.066697 1.076967 1.087667 1.097393 1.107217 1.119043 1.129118 1.138980 1.148758 1.159008 1.168788 1.179279 1.198895 1.208616 1.218345 1.228211 1.238616 1.251006 1.262101 1.273836 1.284253 1.295813 1.306509 1.318668 1.328784 1.338512 1.349589 1.359232 1.369045 1.379948 1.390822 1.401285 1.411278 1.422380 1.432020 1.452099 1.461769 1.471455 1.481235 1.490961 1.500780 1.511022 1.521382 1.531128 1.541944 1.552358 1.562013 1.571755 1.582409 1.592097 1.601757 1.612102 1.622842 1.633351 1.643071 1.652686 1.663535 1.673635 1.684674 1.695099 1.704777 1.715562
Elapsed_time: 1.715562
Score: -288.803875
