5
151
500415.751750 14929.909522 14400.412082 13907.611585 13447.703856 13016.136271 12607.545965 12219.796836 11849.732832 11495.999045 11158.180882 10839.185746 10536.434127 10250.392411 9979.993726 9723.386399 9480.912781 9251.142205 9032.447235 8824.817300 8626.176181 8436.749395 8255.086778 8081.633173 7914.659032 7754.485487 7600.261308 7451.942544 7309.027997 7170.922724 7037.708130 6908.996197 6783.951593 6662.978456 6545.378073 6431.471416 6320.677903 6212.983091 6107.969235 6005.991230 5906.393779 5809.619542 5714.796604 5622.411285 5532.337636 5444.308836 5358.075626 5274.479316 5192.705558 5112.766046 5034.827689 4958.733395 4884.099772 4811.534598 4740.018700 4670.588887 4602.347302 4535.763645 4470.547871 4406.699817 4344.258101 4283.212084 4223.392859 4164.846890 4107.498737 4051.570205 3996.572030 3942.865355 3890.193592 3838.776592 3788.453723 3738.967305 3690.495549 3643.021422 3596.578823 3550.997439 3506.496482 3462.811370 3420.110171 3378.177485 3337.194710 3296.915198 3257.560254 3218.938061 3181.228315 3144.306084 3108.110404 3072.690196 3037.951136 3003.858863 2970.542407 2937.812530 2905.747407 2874.290158 2843.519354 2813.347993 2783.878147 2754.969715 2726.750818 2699.145879 2672.163489 2645.769101 2619.973145 2594.816008 2570.211634 2546.218184 2522.786117 2499.914754 2477.622852 2455.869961 2434.698392 2414.106336 2394.043272 2374.542392 2355.568563 2337.171969 2319.273129 2301.937976 2285.117036 2268.808587 2253.018993 2237.745681 2223.002936 2208.768573 2195.081883 2181.900021 2169.231968 2157.076291 2145.425668 2134.289609 2123.662049 2113.535097 2103.915491 2094.794296 2086.172549 2078.049114 2070.417158 2063.274921 2056.622974 2050.458535 2044.776959 2039.575057 2034.851700 2030.606321 2026.838821 2023.545841 2020.725814 2018.378223 2016.501996 2015.095705 2014.158603
0.000603 3.707482 4.955544 6.184021 7.419063 8.643642 9.869083 11.100827 12.337787 13.574025 14.816802 16.050160 17.296953 18.531344 19.772810 21.000818 22.237897 23.477463 24.697802 25.938583 27.155194 28.391390 29.610483 30.838584 32.075416 33.298107 34.543335 35.755564 36.993307 38.204619 39.427919 40.638016 41.847793 43.059355 44.284175 45.522022 46.772253 47.999146 49.229354 50.479228 51.712763 52.938125 54.165751 55.384826 56.602812 57.815085 59.038998 60.241585 61.478945 62.702592 63.969323 65.210704 66.428142 67.653913 68.906118 70.119801 71.344841 72.559183 73.781634 74.993834 76.236433 77.477315 78.707478 79.924444 81.136632 82.352243 83.563478 84.808130 86.078713 87.329724 88.555894 89.796850 91.048753 92.304367 93.530151 94.764960 95.996069 97.231764 98.485358 99.697386 100.962849 102.201206 103.415346 104.641970 105.881438 107.113220 108.345099 109.574610 110.811428 112.053727 113.262723 114.497949 115.748416 116.999558 118.236532 119.469180 120.701221 121.944342 123.183575 124.409626 125.630004 126.858673 128.076766 129.298841 130.516933 131.741154 132.980813 134.212706 135.455439 136.682562 137.914746 139.148148 140.386547 141.621888 142.845643 144.064580 145.291460 146.553043 147.795009 149.028826 150.272689 151.507891 152.742364 153.995567 155.207893 156.436090 157.684970 158.917078 160.187101 161.415144 162.640239 163.856016 165.071307 166.312844 167.551646 168.794195 170.027337 171.245629 172.471941 173.710761 174.937910 176.161032 177.394690 178.623957 179.861009 181.087449 182.296310 183.665855 184.904228 186.155747 187.389849
Elapsed_time: 187.389849
Score: 2014.158603
151
489295.244883 14899.088163 14362.511653 13863.092584 13395.784270 12954.905593 12538.261747 12143.334605 11769.315204 11414.427325 11080.619901 10764.820358 10470.558350 10193.130494 9931.079377 9683.540684 9449.332023 9226.810295 9015.624980 8814.410366 8623.268189 8440.337935 8265.713909 8098.211573 7937.956499 7783.224596 7634.846843 7491.444327 7354.451691 7222.001406 7094.759060 6971.436427 6852.734474 6737.746655 6626.863741 6519.123444 6415.462916 6314.456799 6217.012954 6121.515485 6029.557442 5939.761716 5852.586474 5767.749694 5685.497070 5605.006440 5526.648038 5450.516302 5376.287070 5303.794873 5232.905288 5163.324671 5095.761758 5029.499735 4964.602663 4900.999981 4838.954808 4778.167173 4718.357777 4660.176903 4602.817851 4546.727792 4491.574903 4437.767924 4384.707204 4332.827005 4281.759121 4231.803641 4182.556046 4134.540042 4087.331781 4041.029474 3995.561289 3950.924843 3907.103078 3864.089312 3821.936352 3780.517214 3739.925223 3700.080210 3660.906461 3622.476976 3584.702280 3547.620845 3511.200107 3475.463085 3440.342855 3405.781354 3371.908925 3338.615669 3305.993432 3273.976920 3242.649720 3211.868560 3181.564497 3151.989742 3122.942683 3094.501774 3066.575774 3039.248878 3012.411949 2986.214903 2960.553366 2935.531715 2910.982331 2887.026820 2863.578274 2840.709727 2818.369677 2796.586814 2775.346615 2754.671079 2734.528040 2714.942233 2695.878224 2677.357248 2659.384893 2641.945132 2625.014197 2608.612168 2592.741789 2577.379329 2562.533940 2548.191321 2534.370739 2521.057718 2508.276701 2495.976244 2484.204237 2472.924154 2462.159204 2451.894615 2442.125144 2432.851773 2424.073472 2415.791771 2408.005190 2400.712252 2393.917686 2387.614431 2381.799860 2376.474294 2371.638663 2367.291105 2363.429325 2360.052120 2357.159216 2354.750861 2352.825262 2351.381155 2350.418633
0.000646 3.759458 5.002270 6.269212 7.526419 8.830167 10.148222 11.452376 12.747807 13.967406 15.162712 16.342783 17.543102 18.789885 20.105688 21.397357 22.664924 23.929530 25.180274 26.480022 27.722157 28.933114 30.210180 31.439923 32.702489 33.980777 35.242289 36.492715 37.777582 39.041163 40.284827 41.516393 42.761395 44.040333 45.313213 46.575863 47.881846 49.116127 50.372817 51.604818 52.866293 54.104378 55.380715 56.695607 57.948263 59.205539 60.510844 61.820802 63.103987 64.353514 65.600122 66.860217 68.123034 69.417187 70.649118 71.904192 73.167440 74.455250 75.738440 77.032916 78.287327 79.572555 80.829999 82.117072 83.360607 84.635569 85.866748 87.156883 88.417234 89.676925 90.977035 92.261960 93.576674 94.847805 96.183959 97.477677 98.725537 99.943443 101.198105 102.464728 103.732994 104.999213 106.334967 107.616003 108.878701 110.120631 111.411174 112.629506 113.911971 115.213805 116.489525 117.726827 118.968096 120.207209 121.451095 122.725759 124.004756 125.307498 126.554429 127.862420 129.101034 130.327893 131.596099 132.878775 134.151623 135.404618 136.702271 137.953897 139.214146 140.512350 141.744326 143.026971 144.275814 145.539739 146.790734 148.016929 149.257245 150.490514 151.735727 152.958609 154.177787 155.415655 156.653580 157.868501 159.088777 160.304400 161.556619 162.780386 164.025257 165.269006 166.512485 167.750948 168.998216 170.229560 171.457586 172.681909 173.896759 175.097584 176.318164 177.579253 178.811550 180.025553 181.263673 182.512907 183.759420 184.992429 186.201117 187.421400 188.629121 189.860025 191.073844
Elapsed_time: 191.073844
Score: 2350.418633
151
495891.757525 14921.654495 14385.037971 13885.582597 13421.573080 12986.269990 12574.024742 12180.871849 11803.489594 11442.889572 11099.470274 10775.156631 10470.229913 10182.963044 9911.534480 9655.709262 9413.439652 9184.327945 8966.309508 8759.575249 8561.783791 8373.642905 8192.990348 8020.711948 7854.792375 7695.523138 7542.276011 7394.816207 7252.412616 7115.373855 6983.029533 6855.313195 6732.081883 6612.847923 6497.966155 6386.526855 6278.720242 6174.488500 6073.473404 5975.539236 5881.204341 5789.561033 5701.005083 5614.713587 5531.213909 5449.899143 5371.057750 5294.482089 5220.032841 5147.730631 5077.524125 5008.947899 4942.397123 4877.704634 4814.417597 4752.585496 4692.390928 4633.765961 4576.555303 4520.789192 4466.312310 4413.197420 4361.460989 4310.797135 4261.366769 4212.989504 4165.788668 4119.760617 4074.649243 4030.601509 3987.613873 3945.384882 3904.197048 3863.785028 3824.162388 3785.120748 3746.920443 3709.500627 3672.861532 3636.915169 3601.746632 3567.388617 3533.776577 3501.006542 3468.825807 3437.179434 3406.377307 3376.137429 3346.483772 3317.379227 3288.982901 3261.106527 3233.721521 3206.906057 3180.611507 3154.895349 3129.661756 3105.088202 3080.901703 3057.264930 3034.101678 3011.429588 2989.283492 2967.623113 2946.417547 2925.697232 2905.411140 2885.597987 2866.243100 2847.312547 2828.872241 2810.876206 2793.323159 2776.196633 2759.487589 2743.221446 2727.353507 2711.942322 2696.957544 2682.436988 2668.352313 2654.720869 2641.539265 2628.777842 2616.483614 2604.618508 2593.199554 2582.209044 2571.677896 2561.574759 2551.921673 2542.700906 2533.927144 2525.605242 2517.730942 2510.305447 2503.323484 2496.786242 2490.687578 2485.031905 2479.819345 2475.044320 2470.708729 2466.808993 2463.344261 2460.314567 2457.720710 2455.560508 2453.833047 2452.538557 2451.676024
0.000480 3.726849 4.944495 6.194024 7.410438 8.640165 9.846979 11.074434 12.304405 13.530403 14.796293 16.031395 17.268166 18.472163 19.702968 20.933513 22.160233 23.403678 24.681822 25.904076 27.117939 28.337999 29.573808 30.817980 32.047070 33.300817 34.547623 35.792068 37.024623 38.249950 39.488129 40.713835 41.925869 43.160963 44.399789 45.639476 46.869634 48.119064 49.374502 50.640631 51.872780 53.116941 54.367279 55.586012 56.793751 58.028471 59.269658 60.517380 61.743075 62.977483 64.215394 65.450760 66.697281 67.946713 69.195461 70.457992 71.682448 72.906439 74.152812 75.371875 76.596881 77.866406 79.113636 80.360619 81.607643 82.830026 84.070878 85.306228 86.555829 87.798385 89.059276 90.279644 91.576173 92.831754 94.063385 95.297031 96.516722 97.721633 98.948183 100.163688 101.378003 102.606049 103.840457 105.047545 106.286150 107.513509 108.718546 109.945712 111.147895 112.391347 113.614519 114.812253 116.025167 117.240845 118.458048 119.680053 120.905513 122.124810 123.336972 124.558480 125.789969 127.035027 128.276669 129.513633 130.737990 131.956913 133.203568 134.425666 135.650652 136.881355 138.143925 139.412904 140.692396 141.949604 143.169919 144.387368 145.601962 146.848900 148.056814 149.296478 150.507549 151.716533 152.947855 154.154628 155.404157 156.606596 157.818151 159.035411 160.272588 161.508762 162.746681 163.975730 165.219986 166.434626 167.663352 168.897729 170.108218 171.362003 172.619235 173.880627 175.105635 176.348740 177.553793 178.785317 180.001409 181.247679 182.485303 183.709915 184.958605 186.215385 187.468632
Elapsed_time: 187.468632
Score: 2451.676024
151
501537.781423 14933.270193 14401.495610 13905.161929 13440.942797 13005.973543 12595.394883 12206.308952 11834.586820 11479.934608 11140.838637 10819.794220 10516.069779 10229.760067 9957.663882 9700.747994 9457.064787 9225.617098 9004.424092 8794.376431 8593.476827 8401.294641 8217.674085 8042.253385 7873.780085 7712.565628 7558.039424 7410.505370 7268.340506 7132.540303 7001.812402 6876.370138 6755.955835 6640.432452 6528.734718 6421.338849 6317.657464 6217.415735 6120.801039 6027.734496 5937.774296 5850.880776 5767.073992 5685.757369 5607.356373 5530.903507 5456.808293 5385.242726 5315.643017 5248.366264 5182.590046 5118.776233 5056.419991 4995.997714 4936.807636 4879.371243 4823.474783 4768.950623 4715.777724 4663.878866 4613.130885 4563.705541 4515.499232 4468.322258 4422.298851 4377.234126 4333.045658 4289.703226 4247.204716 4205.655686 4165.159934 4125.470817 4086.813904 4048.690043 4011.407073 3974.777692 3938.878956 3903.652244 3868.992007 3834.997871 3801.569202 3768.667641 3736.486338 3704.922728 3673.981960 3643.555964 3613.749934 3584.259373 3555.460179 3527.175509 3499.495384 3472.205228 3445.575425 3419.346635 3393.567441 3368.358569 3343.571490 3319.282891 3295.428715 3272.089674 3249.206266 3226.766208 3204.786541 3183.362057 3162.350170 3141.736891 3121.529246 3101.808236 3082.493606 3063.598118 3045.130558 3027.113106 3009.518344 2992.378761 2975.619398 2959.295884 2943.409103 2927.981634 2913.011926 2898.465915 2884.391219 2870.727622 2857.479452 2844.696803 2832.345538 2820.429409 2808.946336 2797.901618 2787.286362 2777.113950 2767.390088 2758.109915 2749.265836 2740.877768 2732.928442 2725.430517 2718.378759 2711.770572 2705.606380 2699.887815 2694.616365 2689.784849 2685.398979 2681.453963 2677.949042 2674.886348 2672.262867 2670.078641 2668.332264 2667.023008 2666.150392
0.000393 3.722790 4.962167 6.195786 7.444227 8.695937 9.940533 11.174395 12.414513 13.625049 14.829879 16.060635 17.262044 18.492239 19.723772 20.947919 22.176525 23.409092 24.651808 25.879826 27.103910 28.351986 29.571298 30.805945 32.036070 33.249883 34.466746 35.697298 36.910835 38.133628 39.365433 40.574172 41.781073 43.001057 44.260404 45.487224 46.740185 47.962368 49.226599 50.477328 51.700384 52.933864 54.154549 55.406356 56.621307 57.868174 59.091353 60.321525 61.565811 62.782948 64.004273 65.233152 66.452064 67.664734 68.920229 70.129032 71.362685 72.574875 73.809329 75.043949 76.267955 77.475987 78.712348 79.928100 81.140190 82.364060 83.585721 84.805190 86.027332 87.250436 88.451755 89.685799 90.914075 92.144302 93.357760 94.586620 95.800585 97.009543 98.249438 99.468986 100.707075 101.932314 103.152967 104.372805 105.597600 106.806973 108.028455 109.256783 110.492517 111.718029 112.962949 114.198432 115.414274 116.629240 117.842575 119.063269 120.286785 121.522251 122.750589 124.014076 125.266276 126.505616 127.756182 128.998859 130.224479 131.435109 132.669214 133.916026 135.160862 136.406850 137.657711 138.913115 140.140836 141.372779 142.604401 143.812746 145.049500 146.278817 147.503178 148.723011 149.951614 151.174682 152.420949 153.668195 154.898979 156.131227 157.380986 158.605928 159.834429 161.064574 162.290260 163.511259 164.753792 166.002003 167.217244 168.438564 169.683076 170.948519 172.149014 173.402646 174.653505 175.921390 177.137969 178.363774 179.610808 180.862302 182.095493 183.329099 184.552651 185.762257 186.975251
Elapsed_time: 186.975251
Score: 2666.150392
151
497268.828854 14913.385788 14378.784493 13879.734678 13414.185046 12977.215029 12563.735303 12170.361741 11795.503791 11437.026835 11096.253499 10774.100503 10470.623004 10184.940591 9915.773387 9661.913889 9421.415644 9193.332950 8977.206669 8771.937105 8576.913815 8390.934571 8213.191373 8043.359089 7880.756457 7725.383084 7576.146008 7433.279600 7295.662193 7163.692411 7035.713663 6912.579129 6793.371533 6678.677559 6567.601235 6460.355206 6356.678334 6256.290340 6158.934577 6064.365620 5972.248401 5883.033621 5796.276862 5711.835504 5629.667872 5549.873407 5472.173334 5396.332769 5322.786043 5251.139838 5181.110284 5112.815455 5046.506662 4981.715211 4918.456195 4857.015531 4796.773251 4738.165057 4680.694601 4624.380924 4569.664862 4515.980909 4463.402902 4412.105673 4362.184720 4313.016146 4264.893057 4217.889029 4171.892901 4126.712517 4082.571794 4039.270780 3996.856438 3955.054004 3914.122253 3873.891244 3834.650953 3796.064712 3758.253092 3721.170486 3684.788219 3649.101259 3614.176772 3580.016157 3546.421668 3513.480486 3481.262439 3449.581929 3418.552583 3388.019049 3358.090563 3328.621056 3299.802705 3271.530410 3243.752051 3216.511554 3189.895069 3163.760717 3138.205221 3113.163653 3088.684312 3064.766422 3041.355600 3018.501474 2996.103745 2974.249494 2952.870612 2932.012213 2911.567234 2891.643723 2872.207431 2853.208732 2834.714164 2816.693632 2799.134710 2782.079061 2765.488708 2749.368158 2733.713368 2718.522920 2703.783741 2689.517497 2675.712469 2662.378095 2649.503250 2637.101936 2625.166524 2613.710118 2602.712635 2592.185035 2582.117877 2572.530933 2563.411516 2554.763606 2546.572137 2538.855704 2531.597344 2524.798204 2518.456989 2512.579003 2507.158043 2502.197437 2497.691506 2493.641874 2490.047926 2486.906974 2484.217605 2481.977802 2480.187292 2478.844964 2477.950438
0.000484 3.700264 4.918361 6.161682 7.394815 8.612983 9.840826 11.062676 12.300564 13.512878 14.757601 16.001441 17.237087 18.457703 19.683148 20.905898 22.107752 23.307204 24.497776 25.664644 26.859072 28.083310 29.318644 30.527782 31.776615 32.989478 34.198756 35.426527 36.646539 37.872219 39.089453 40.319105 41.541784 42.767891 43.978083 45.206405 46.435650 47.660771 48.893871 50.124297 51.363807 52.592631 53.844795 55.079211 56.321749 57.549220 58.759843 60.022911 61.273483 62.507747 63.738264 64.972463 66.202356 67.427432 68.654549 69.865610 71.097517 72.322014 73.551490 74.775301 76.025820 77.229238 78.444304 79.658845 80.865557 82.067672 83.288988 84.504985 85.739817 86.968092 88.205671 89.436196 90.647011 91.900341 93.141897 94.367247 95.599341 96.835463 98.068008 99.286050 100.533421 101.759201 103.009331 104.252979 105.465472 106.694097 107.942456 109.190718 110.408847 111.646166 112.898049 114.137207 115.369210 116.601183 117.835910 119.051037 120.296824 121.505852 122.744848 123.980158 125.230906 126.466507 127.703996 128.965486 130.189054 131.414038 132.650759 133.877018 135.104798 136.346781 137.574060 138.811231 140.039173 141.268492 142.514397 143.751022 144.976490 146.200131 147.442136 148.695243 149.927880 151.147074 152.371206 153.597375 154.828519 156.078195 157.297842 158.522505 159.735485 161.000783 162.234261 163.468211 164.688667 165.937568 167.167882 168.396062 169.631648 170.868922 172.102340 173.364471 174.600111 175.832765 177.073999 178.323909 179.587082 180.833534 182.072842 183.316137 184.544668 185.772836 187.000378
Elapsed_time: 187.000378
Score: 2477.950438
