5
151
8391.185759 6365.703164 1730.018192 1102.100024 913.503261 838.851188 733.933300 688.078165 626.607909 577.975519 533.236214 492.229310 455.324748 422.667551 394.693359 368.441685 342.795377 319.860766 297.079023 272.484047 246.201383 221.467267 195.413865 170.260803 146.747440 122.056315 98.723952 80.420847 67.010012 54.922923 44.634602 35.419272 26.355504 17.486473 8.849068 0.982246 -6.575124 -13.718056 -21.667473 -30.290042 -36.565477 -42.097949 -48.723324 -53.468508 -58.079673 -62.368178 -65.574943 -68.728494 -71.967007 -74.383356 -76.363313 -78.339952 -79.163127 -80.396400 -81.658965 -82.518640 -83.612154 -84.791362 -85.871929 -86.926430 -88.182878 -89.081876 -90.089780 -91.104064 -91.955425 -92.960083 -93.880989 -94.547188 -95.255846 -95.913512 -96.514082 -96.988214 -97.460558 -97.889828 -98.333159 -98.605188 -98.892094 -99.212516 -99.486428 -99.700355 -99.914840 -100.081462 -100.260332 -100.447035 -100.605407 -100.804540 -100.918879 -101.050121 -101.171085 -101.284436 -101.420428 -101.504694 -101.580659 -101.625342 -101.670285 -101.691470 -101.730073 -101.784204 -101.831210 -101.854104 -101.899495 -101.951456 -101.983960 -102.013120 -102.038973 -102.061544 -102.079695 -102.095767 -102.111536 -102.127844 -102.143563 -102.158603 -102.174507 -102.190528 -102.205554 -102.218875 -102.232518 -102.246470 -102.260373 -102.274482 -102.288408 -102.300710 -102.312282 -102.322346 -102.331309 -102.339850 -102.346200 -102.351604 -102.357289 -102.362237 -102.366680 -102.373051 -102.377790 -102.382277 -102.387717 -102.394085 -102.404852 -102.410593 -102.422150 -102.430658 -102.440889 -102.450457 -102.460171 -102.467505 -102.472412 -102.477373 -102.480634 -102.483272 -102.485437 -102.487570 -102.488934
0.000033 0.024599 0.039028 0.051114 0.061286 0.071263 0.080692 0.090097 0.099272 0.108279 0.117368 0.126514 0.135680 0.144844 0.155952 0.165963 0.175932 0.184999 0.195043 0.204276 0.213181 0.221914 0.230625 0.239188 0.247606 0.255945 0.264231 0.272402 0.280577 0.288698 0.296684 0.305249 0.313337 0.321283 0.329228 0.337115 0.345076 0.352910 0.360709 0.368500 0.376297 0.384057 0.391809 0.399545 0.407309 0.415217 0.422977 0.430754 0.439833 0.447495 0.455902 0.463697 0.471697 0.479708 0.487448 0.495275 0.502931 0.510619 0.518389 0.526448 0.536416 0.544071 0.551685 0.559349 0.566966 0.574556 0.582166 0.589921 0.597557 0.606842 0.614503 0.622275 0.630284 0.641180 0.648972 0.656601 0.664405 0.672237 0.681576 0.689516 0.697711 0.705526 0.713299 0.720951 0.728869 0.736773 0.744429 0.752105 0.759768 0.767501 0.775156 0.782809 0.790391 0.798000 0.805597 0.822218 0.830094 0.837785 0.845394 0.860672 0.869484 0.877117 0.884742 0.892369 0.899967 0.908726 0.917469 0.925507 0.933935 0.942916 0.951621 0.959157 0.966744 0.976242 0.986631 0.997173 1.006069 1.013584 1.021461 1.030347 1.038656 1.047817 1.055352 1.062845 1.070456 1.077999 1.085481 1.093041 1.100583 1.108093 1.115616 1.123104 1.130949 1.138505 1.148063 1.158292 1.166319 1.173913 1.181421 1.189109 1.196860 1.205103 1.215238 1.222857 1.230388 1.237870 1.246226 1.256362 1.264287 1.271861 1.280004
Elapsed_time: 1.280004
Score: -102.488934
151
8537.157043 6476.212691 1753.289277 1120.533319 931.207154 852.509262 731.631094 676.670190 604.332517 541.966042 488.111716 440.076330 407.310685 380.057919 357.171145 337.735708 318.071846 301.387499 284.808612 267.092256 250.625711 234.522611 220.154230 207.589412 196.699440 185.859897 174.879178 164.584304 153.327535 141.478230 129.855186 119.652613 107.599447 97.754296 87.651006 77.334066 68.121088 57.530972 46.701261 36.644187 27.763843 18.103878 9.361614 1.489377 -4.898357 -11.251270 -17.222493 -22.838175 -29.000532 -34.616358 -40.853048 -46.358960 -51.235502 -55.903818 -60.606813 -64.592824 -68.005627 -71.408708 -74.659806 -77.364973 -80.094833 -83.258229 -86.006490 -88.232007 -90.292446 -91.825434 -93.223244 -94.503558 -95.336561 -96.083479 -96.838972 -97.445057 -98.084777 -98.638242 -99.078224 -99.485728 -99.876658 -100.190945 -100.429689 -100.652898 -100.845767 -101.011860 -101.166851 -101.291141 -101.419768 -101.524480 -101.614064 -101.699744 -101.788551 -101.860365 -101.926368 -101.990311 -102.036612 -102.078954 -102.122282 -102.157139 -102.198095 -102.232447 -102.261898 -102.284283 -102.304683 -102.318472 -102.330672 -102.342722 -102.351790 -102.359704 -102.367590 -102.373972 -102.380596 -102.385429 -102.390231 -102.394648 -102.400058 -102.404488 -102.409015 -102.413795 -102.418670 -102.422679 -102.426426 -102.430584 -102.434502 -102.437367 -102.441854 -102.444276 -102.448514 -102.451545 -102.454117 -102.459698 -102.462876 -102.465916 -102.468858 -102.471572 -102.474786 -102.478202 -102.480899 -102.483346 -102.486066 -102.488503 -102.490690 -102.492464 -102.493956 -102.495435 -102.496810 -102.497914 -102.498531 -102.499218 -102.499678 -102.500228 -102.500460 -102.500728 -102.500787
0.000034 0.022082 0.032658 0.043089 0.053810 0.063925 0.074323 0.084303 0.094709 0.103894 0.113856 0.123951 0.133145 0.142901 0.152312 0.161300 0.170299 0.179266 0.188301 0.197174 0.207254 0.217260 0.226210 0.235957 0.244575 0.253132 0.261937 0.270542 0.279957 0.289548 0.298275 0.306682 0.315112 0.323502 0.331815 0.342472 0.351472 0.361384 0.369474 0.377883 0.386676 0.395133 0.404581 0.412938 0.424145 0.432484 0.440512 0.450269 0.459061 0.469721 0.477900 0.485868 0.494522 0.503889 0.511796 0.519753 0.527901 0.535784 0.543616 0.551435 0.559491 0.567619 0.576318 0.585175 0.593005 0.601125 0.609974 0.619964 0.627857 0.635789 0.643985 0.653384 0.662442 0.672156 0.681118 0.689076 0.696996 0.705386 0.713204 0.720941 0.728626 0.736345 0.744088 0.751783 0.759523 0.767223 0.776220 0.783853 0.791463 0.799163 0.806850 0.816543 0.825619 0.833421 0.841100 0.848791 0.856485 0.864245 0.871972 0.879624 0.888526 0.896663 0.904288 0.911893 0.919637 0.927279 0.934850 0.942452 0.950129 0.957706 0.965502 0.973274 0.983443 0.991990 0.999674 1.008091 1.016131 1.023983 1.031640 1.039403 1.047088 1.054735 1.062347 1.070018 1.077686 1.085383 1.092996 1.100640 1.115991 1.124259 1.136030 1.145953 1.153755 1.161401 1.169015 1.176636 1.184747 1.192961 1.201634 1.212051 1.220027 1.229663 1.240029 1.250526 1.260883 1.270891 1.280467 1.288238 1.296920 1.304798 1.312553
Elapsed_time: 1.312553
Score: -102.500787
151
9215.588027 7030.717730 1838.466722 1146.353204 945.089478 875.818862 780.162019 739.307406 676.632075 629.059065 582.908794 537.272345 485.877046 441.276312 399.137279 357.224106 317.942590 283.795859 255.490983 232.860560 215.490529 200.538266 186.007856 173.621185 163.611910 155.392382 148.737659 142.049739 134.989236 128.061746 122.097616 116.200303 109.867696 103.716893 97.813827 91.765209 86.680896 81.704015 76.410786 71.806007 66.786811 61.163873 55.601857 48.924610 39.927112 29.834830 19.372747 9.012299 -3.201623 -14.389464 -24.630227 -32.341811 -39.014516 -44.935743 -51.213918 -56.304799 -60.485065 -64.521643 -67.815913 -70.887707 -73.881524 -76.340902 -78.889960 -81.779808 -84.555358 -87.053639 -89.383352 -91.407821 -92.924797 -94.056470 -95.138953 -95.895740 -96.513976 -97.246755 -97.727990 -98.348746 -98.762633 -99.140804 -99.639096 -99.981297 -100.332938 -100.671359 -100.840028 -101.073413 -101.197031 -101.464645 -101.594128 -101.732633 -101.920478 -102.020393 -102.112540 -102.174768 -102.224684 -102.258165 -102.285579 -102.305375 -102.325038 -102.329659 -102.361399 -102.368575 -102.379471 -102.389086 -102.396260 -102.400236 -102.404365 -102.407424 -102.410971 -102.413651 -102.415442 -102.417187 -102.418981 -102.420493 -102.421723 -102.422885 -102.423878 -102.424790 -102.425791 -102.428046 -102.429828 -102.431924 -102.434761 -102.439105 -102.443551 -102.446879 -102.452094 -102.457558 -102.462439 -102.468009 -102.473027 -102.477605 -102.482299 -102.486073 -102.488029 -102.489439 -102.490646 -102.491821 -102.493098 -102.494319 -102.495479 -102.496312 -102.497113 -102.497977 -102.498429 -102.498870 -102.499382 -102.499702 -102.500114 -102.500451 -102.500659 -102.500942 -102.501025
0.000034 0.021976 0.032761 0.043753 0.054121 0.064487 0.074570 0.085480 0.095050 0.104336 0.113685 0.122930 0.132186 0.142260 0.152765 0.161828 0.170945 0.181347 0.190847 0.199657 0.208753 0.218641 0.227492 0.236376 0.244775 0.253504 0.262468 0.270879 0.279179 0.287573 0.295920 0.304168 0.312644 0.323639 0.332109 0.340281 0.348511 0.356759 0.364907 0.372993 0.381150 0.389303 0.397567 0.405607 0.413723 0.421766 0.429723 0.437749 0.445732 0.454832 0.462771 0.470620 0.478518 0.486789 0.494917 0.502788 0.510561 0.518402 0.526582 0.535546 0.544253 0.552742 0.560521 0.568345 0.576968 0.584948 0.593460 0.601503 0.609232 0.616975 0.624731 0.632687 0.640439 0.649618 0.657364 0.665129 0.672924 0.681764 0.689814 0.698628 0.707660 0.715529 0.723131 0.730936 0.738841 0.746865 0.755508 0.764502 0.772280 0.789051 0.797423 0.806509 0.814589 0.822199 0.830073 0.838845 0.846519 0.854174 0.861870 0.869468 0.877051 0.884641 0.892317 0.899879 0.907478 0.915059 0.923104 0.930745 0.938552 0.947044 0.955798 0.963408 0.970980 0.978660 0.986265 0.993864 1.001631 1.009517 1.019386 1.027484 1.035159 1.042994 1.051379 1.058972 1.066648 1.074396 1.082858 1.090471 1.098341 1.106014 1.113560 1.121120 1.128697 1.136489 1.144685 1.153491 1.161090 1.168641 1.176188 1.183734 1.191678 1.199429 1.208680 1.218504 1.226291 1.235225 1.244144 1.253255 1.262391 1.270052 1.277607
Elapsed_time: 1.277607
Score: -102.501025
151
9389.565252 7175.167047 1849.797437 1137.430132 923.927121 844.761887 740.430344 702.900581 638.561198 597.573390 554.576140 518.277760 482.463432 450.766832 417.410986 382.786334 352.995335 325.789192 300.975511 279.509855 260.194327 240.815105 222.171381 204.816188 188.210272 171.178916 156.286982 143.969572 134.345205 124.958935 118.168256 112.652053 108.659681 104.695355 100.112035 95.237420 89.888304 82.848799 74.966449 66.348451 57.749539 49.659982 40.398666 28.960525 20.273151 11.582226 2.722743 -4.789717 -12.541586 -20.430303 -27.553592 -33.448132 -39.102457 -44.656036 -48.993590 -53.194935 -57.625834 -60.731641 -63.464896 -66.906873 -69.146835 -71.348848 -73.837965 -75.658440 -77.865756 -80.262862 -82.279318 -83.794134 -85.395090 -86.572788 -87.710450 -88.926177 -89.956052 -91.073236 -92.179096 -93.119506 -94.065057 -95.017874 -95.812748 -96.477482 -97.223402 -97.545889 -98.105989 -98.757115 -99.243380 -99.711467 -100.079682 -100.364560 -100.635942 -100.871724 -101.071780 -101.217645 -101.334095 -101.437544 -101.511201 -101.581396 -101.639359 -101.694770 -101.738048 -101.785575 -101.838966 -101.897241 -101.956974 -101.997694 -102.032695 -102.070755 -102.096200 -102.119639 -102.139919 -102.153444 -102.167335 -102.177429 -102.184905 -102.191160 -102.197714 -102.203079 -102.208589 -102.215714 -102.222384 -102.228526 -102.236416 -102.242502 -102.248422 -102.256688 -102.262027 -102.267745 -102.273717 -102.278468 -102.284738 -102.290982 -102.297604 -102.302489 -102.307673 -102.312764 -102.317655 -102.323295 -102.328199 -102.333780 -102.343148 -102.349482 -102.357224 -102.369252 -102.378768 -102.391020 -102.409518 -102.431678 -102.451297 -102.467053 -102.475114 -102.479660 -102.483234
0.000033 0.021861 0.032583 0.043839 0.054359 0.065201 0.074819 0.084297 0.093762 0.102781 0.112184 0.121300 0.130408 0.141115 0.150812 0.161521 0.171106 0.180291 0.189333 0.198377 0.207378 0.216267 0.225164 0.233983 0.242840 0.251562 0.260222 0.269426 0.278237 0.286840 0.295587 0.304014 0.312794 0.321284 0.330559 0.339746 0.348113 0.357127 0.365701 0.374246 0.384078 0.393912 0.402134 0.410293 0.418413 0.426532 0.434608 0.442592 0.450602 0.458529 0.466471 0.474397 0.482313 0.490203 0.498053 0.506111 0.513938 0.523047 0.531303 0.539422 0.548000 0.556464 0.564324 0.572481 0.580481 0.588282 0.596049 0.603821 0.611659 0.619350 0.627355 0.635975 0.643605 0.651413 0.659165 0.666805 0.674421 0.682051 0.689680 0.697241 0.704832 0.712470 0.720136 0.727749 0.735360 0.743165 0.751037 0.758608 0.766256 0.774006 0.782698 0.793067 0.804806 0.815924 0.826538 0.836136 0.843824 0.853572 0.861850 0.871391 0.879496 0.887447 0.895195 0.902849 0.910469 0.918212 0.925859 0.934335 0.942143 0.949723 0.957354 0.964990 0.972859 0.981339 0.990332 1.000080 1.007621 1.015951 1.024700 1.034339 1.042121 1.049865 1.057584 1.065679 1.073309 1.081995 1.090638 1.098205 1.105830 1.113543 1.121350 1.129071 1.136732 1.144647 1.152269 1.160074 1.167698 1.175370 1.183243 1.190881 1.198689 1.206379 1.213985 1.222296 1.238829 1.248026 1.256585 1.264104 1.271696 1.279303 1.286884
Elapsed_time: 1.286884
Score: -102.483234
151
9475.275987 7248.003688 1865.119496 1150.699905 942.893065 867.677044 776.781394 717.997545 655.754101 575.913936 520.923688 479.051574 440.096337 401.954237 367.233061 336.861137 308.716491 287.098612 269.010361 253.921028 239.099025 227.187674 216.462933 207.523925 199.581190 192.363668 186.214946 180.789393 176.310223 171.870765 167.935204 164.718915 161.408205 157.378968 153.623115 149.728097 145.652450 142.395400 139.389882 135.682772 132.144588 128.174233 124.292832 120.327879 116.537498 112.322083 107.849100 104.035046 99.997847 95.491897 91.128359 86.231281 79.893672 73.415126 65.073274 53.544405 43.155927 32.326409 18.680604 9.911494 1.439479 -7.220603 -13.500634 -20.857570 -27.121674 -31.814097 -37.142277 -42.511701 -47.774948 -53.518092 -57.941559 -62.641490 -66.654331 -69.473837 -72.178034 -75.270949 -77.641276 -79.760010 -82.148053 -84.004809 -85.953153 -87.904190 -89.475863 -91.050310 -92.482106 -93.535885 -94.505537 -95.497284 -96.263450 -97.036195 -97.840843 -98.349577 -98.840242 -99.361806 -99.708357 -100.095524 -100.483904 -100.755775 -100.984449 -101.281535 -101.453388 -101.618164 -101.772098 -101.852414 -101.942824 -102.045244 -102.107125 -102.154944 -102.218988 -102.254293 -102.296896 -102.333145 -102.357566 -102.371226 -102.390786 -102.397873 -102.406857 -102.414379 -102.419981 -102.430380 -102.435982 -102.440720 -102.444566 -102.447681 -102.451278 -102.454320 -102.456949 -102.459164 -102.461900 -102.463862 -102.465581 -102.467328 -102.468543 -102.469822 -102.470760 -102.471579 -102.472265 -102.472888 -102.473474 -102.474024 -102.474494 -102.474953 -102.475256 -102.475487 -102.475775 -102.475911 -102.476077 -102.476274 -102.476381 -102.476475 -102.476655
0.000041 0.022777 0.033990 0.044319 0.054505 0.064513 0.074988 0.096302 0.107440 0.117571 0.129013 0.138258 0.147601 0.156924 0.166383 0.176235 0.186944 0.195896 0.205009 0.214956 0.223710 0.232530 0.241289 0.249956 0.258599 0.267242 0.275832 0.284382 0.292999 0.301540 0.310033 0.318531 0.327096 0.335599 0.344166 0.352738 0.362007 0.370835 0.379671 0.388375 0.396900 0.405362 0.413875 0.422369 0.430791 0.439231 0.447737 0.456087 0.464513 0.472929 0.481344 0.489703 0.498956 0.507349 0.515570 0.523855 0.532180 0.540444 0.548599 0.556641 0.564689 0.572751 0.580748 0.588688 0.596616 0.604526 0.612387 0.620249 0.628284 0.636134 0.643970 0.651841 0.659651 0.667807 0.676162 0.683964 0.691735 0.699556 0.707344 0.715196 0.723047 0.730819 0.738621 0.746398 0.754602 0.762993 0.772334 0.780370 0.790189 0.798851 0.806625 0.814327 0.822030 0.829872 0.837633 0.845293 0.853051 0.860715 0.868572 0.876260 0.884486 0.892625 0.900405 0.909237 0.917217 0.925922 0.934846 0.943292 0.951136 0.959236 0.968562 0.976195 0.983973 0.991620 0.999354 1.007000 1.014679 1.023236 1.030887 1.040212 1.056192 1.063791 1.071544 1.079194 1.086975 1.094604 1.102266 1.109910 1.118486 1.126515 1.134315 1.141942 1.149692 1.157421 1.165060 1.172643 1.180282 1.187948 1.195604 1.203254 1.211328 1.219007 1.227505 1.235124 1.242906 1.251706 1.259359 1.268044 1.277023 1.285184 1.293442
Elapsed_time: 1.293442
Score: -102.476655
