5
138
1153.778162 677.237639 453.460254 546.618972 405.441534 496.778024 364.737858 448.588757 319.804262 398.257472 273.192898 348.759602 227.674128 300.802571 183.720733 253.303373 140.744536 207.672792 99.621445 164.792944 59.988227 124.044917 21.659557 82.939349 -15.677171 43.761186 -51.823669 6.019578 -86.189497 -30.034725 -119.252948 -65.109648 -151.926165 -100.008079 -184.120568 -134.148824 -215.571300 -167.671662 -246.826079 -200.478871 -276.911670 -232.962084 -306.289924 -265.010112 -335.532541 -295.805885 -364.300627 -325.925002 -392.663112 -355.566152 -420.650535 -385.255351 -448.951865 -415.646255 -476.875963 -444.853672 -504.827084 -474.580535 -532.676783 -504.577145 -560.250757 -534.357511 -589.039552 -564.346764 -616.915885 -593.664446 -644.712612 -623.205681 -672.630880 -653.107006 -700.579191 -682.371654 -728.372226 -711.562219 -755.817833 -740.238689 -782.818659 -768.632192 -809.282723 -796.694936 -835.524103 -824.826667 -861.414471 -852.025599 -887.815517 -879.325824 -913.577264 -906.862021 -938.809390 -933.897926 -964.125347 -960.797351 -989.308569 -987.592406 -1014.477649 -1013.608209 -1039.380595 -1039.635487 -1063.784500 -1065.200270 -1088.067194 -1090.271320 -1111.922555 -1114.736434 -1135.340451 -1138.535329 -1158.021199 -1162.028850 -1180.390708 -1185.182005 -1202.645553 -1208.304779 -1224.667080 -1231.458014 -1246.869712 -1254.337344 -1269.125163 -1277.187658 -1291.362824 -1299.871555 -1313.581194 -1322.438097 -1335.493131 -1344.425631 -1356.856696 -1366.002360 -1377.782675 -1387.134908 -1398.232336 -1407.685951 -1418.335762 -1427.772210 -1437.682234 -1446.814813 -1456.097088 -1464.712711 -1473.229079 -1481.200043
22.952123 29.427100 30.654913 31.900232 33.114474 34.345014 35.556412 36.810530 38.034425 39.259012 40.486754 41.713962 42.944848 44.171302 45.395575 46.626681 47.854324 49.076880 50.306102 51.523498 52.742701 53.974054 55.197797 56.434276 57.657111 58.902644 60.138654 61.370312 62.611270 63.848712 65.078392 66.335865 67.555335 68.791281 70.022883 71.249392 72.497015 73.738516 74.963415 76.201796 77.416723 78.631252 79.868506 81.098524 82.344294 83.584804 84.820032 86.063693 87.296161 88.527461 89.748897 90.975844 92.204821 93.445247 94.687988 95.909192 97.134998 98.364059 99.591540 100.834797 102.088934 103.338307 104.579674 105.812226 107.040196 108.267710 109.481938 110.729530 111.981485 113.306585 114.560751 115.767753 117.042425 118.298500 119.560544 120.801249 122.072421 123.296618 124.539343 125.874603 127.189049 128.485086 129.776285 131.042523 132.265447 133.506852 134.759051 136.013315 137.308168 138.561072 139.793295 141.023162 142.275846 143.513158 144.754127 145.989164 147.205958 148.439014 149.688936 150.923018 152.163166 153.387885 154.608686 155.816668 157.033918 158.289260 159.507450 160.735264 161.963093 163.186635 164.406952 165.629747 166.861339 168.095263 169.312176 170.536253 171.776399 172.992688 174.227271 175.442671 176.672564 177.896583 179.147998 180.403301 181.662962 182.890375 184.118363 185.346985 186.579197 187.784590 188.997821 190.207102 191.460921 192.680858 193.905945 195.137047 196.356717 197.581387
Elapsed_time: 197.581387
Score: -1481.200043
138
1307.754739 842.742930 611.502199 694.719069 564.136899 643.768982 522.401312 595.851714 474.907774 543.303496 427.056844 493.212299 382.029888 444.517295 339.017993 399.526814 297.453875 356.819246 258.178306 315.320690 220.139144 274.474815 182.094639 234.257042 144.877510 195.268357 109.096106 157.454933 74.480204 121.210220 41.263681 85.449333 7.845081 50.357783 -24.715715 15.938665 -56.218723 -17.774454 -87.810428 -50.850497 -118.807327 -83.081882 -148.638816 -114.374033 -177.512476 -145.160431 -205.890999 -174.779685 -233.781686 -203.674060 -261.391590 -232.797778 -288.412046 -261.766234 -315.416065 -290.849808 -342.397243 -319.547208 -368.813430 -347.863725 -395.486037 -375.805234 -421.625701 -403.570921 -447.163846 -431.077393 -472.768118 -457.913033 -497.718746 -484.672021 -523.001291 -511.435043 -548.593383 -537.832209 -573.896095 -564.417718 -599.129480 -590.611822 -623.681449 -616.888138 -649.059771 -642.911179 -673.549680 -668.395257 -697.355586 -693.232423 -721.001499 -717.777275 -744.221386 -741.786996 -766.532567 -765.418507 -788.913564 -788.622662 -811.204153 -812.137943 -833.634772 -835.308551 -855.590646 -858.443373 -877.780003 -881.379011 -899.947751 -904.429850 -922.343311 -927.425160 -944.747345 -950.931944 -967.143010 -973.862536 -988.835829 -995.964409 -1009.881603 -1017.341718 -1030.603370 -1038.270724 -1051.052841 -1059.387547 -1071.349106 -1080.009909 -1091.493112 -1100.288964 -1111.496419 -1120.440944 -1131.326855 -1140.465002 -1151.055295 -1160.342459 -1170.412659 -1179.641246 -1189.374690 -1198.437631 -1207.755906 -1216.478909 -1225.224588 -1233.495507 -1241.594834 -1249.259341
23.521290 30.293948 31.563114 32.781406 34.012819 35.281708 36.544313 37.796016 39.083027 40.342317 41.629285 42.883871 44.135292 45.407657 46.680145 47.928428 49.158611 50.439859 51.703504 52.997667 54.247446 55.558074 56.801178 58.093440 59.334804 60.610584 61.849243 63.091076 64.368497 65.638005 66.936901 68.171004 69.444482 70.733592 71.971047 73.215012 74.467787 75.731907 76.966179 78.215917 79.516286 80.761941 82.023136 83.317183 84.554544 85.786870 87.059919 88.329069 89.576656 90.828192 92.094954 93.327026 94.564068 95.785708 97.023471 98.248649 99.474906 100.693146 101.927505 103.193638 104.411008 105.657445 106.876338 108.090811 109.300567 110.530021 111.789862 113.016189 114.233486 115.478320 116.711295 117.946995 119.184815 120.398760 121.617498 122.832875 124.071448 125.319534 126.567506 127.810331 129.033422 130.250314 131.461660 132.696950 133.928913 135.176049 136.400659 137.643637 138.876158 140.099766 141.301593 142.541136 143.778617 144.991833 146.201478 147.470909 148.692548 149.917145 151.177797 152.390360 153.626558 154.838404 156.087970 157.336986 158.561161 159.784895 160.990442 162.210072 163.416724 164.627211 165.872352 167.117902 168.342446 169.559383 170.809622 172.057015 173.289756 174.510976 175.723771 176.938410 178.163505 179.374079 180.585156 181.801234 183.026535 184.276183 185.503185 186.725958 187.946100 189.191386 190.418585 191.651794 192.887701 194.111092 195.333477 196.551087 197.761672 199.027642
Elapsed_time: 199.027642
Score: -1249.259341
138
1234.085434 761.005790 492.877990 603.656872 447.891550 548.544713 408.228458 501.897436 364.524537 448.631457 316.115039 395.273257 269.666066 343.754223 224.063567 293.563864 178.190181 243.412055 131.505568 195.614024 88.116710 150.751191 46.955863 107.500894 8.373598 65.965996 -29.211493 25.461951 -65.754813 -13.678951 -100.924921 -51.466422 -135.650514 -87.694727 -168.595176 -122.647992 -200.289068 -156.397729 -232.349227 -190.004407 -263.612512 -222.742566 -293.990294 -254.690906 -323.834625 -286.119364 -352.998563 -317.739469 -382.787397 -348.574694 -412.166885 -379.406580 -440.983717 -410.674567 -469.749743 -441.247840 -497.738539 -471.255853 -524.676231 -500.246567 -551.178871 -529.333847 -578.813893 -558.790501 -605.720454 -587.924480 -632.517651 -616.968422 -659.843764 -646.320069 -686.927730 -675.464590 -715.444105 -705.599402 -743.582344 -735.489333 -772.426146 -765.380680 -800.651893 -794.905747 -828.632205 -824.551315 -856.512210 -854.134581 -884.890125 -883.693756 -912.834457 -913.052017 -940.435988 -941.914306 -968.422557 -970.750050 -996.187468 -999.739063 -1024.139746 -1028.714719 -1051.772802 -1056.780478 -1079.023602 -1084.436551 -1105.783473 -1111.679348 -1131.703925 -1138.132734 -1157.279844 -1164.844873 -1183.303048 -1191.318086 -1208.905206 -1217.674557 -1234.505925 -1243.932618 -1260.624977 -1270.776086 -1287.125001 -1297.483608 -1313.534447 -1324.451731 -1339.909519 -1351.111489 -1366.150096 -1377.486445 -1391.923418 -1403.478612 -1417.303093 -1428.897770 -1442.236001 -1453.883637 -1466.621811 -1478.103764 -1490.235898 -1501.305203 -1512.752536 -1523.422255 -1534.160100 -1544.240531 -1554.139825 -1563.489493
23.191633 29.667450 30.896726 32.134243 33.378883 34.602750 35.838715 37.090754 38.339267 39.579622 40.771796 41.951390 43.144790 44.348748 45.594730 46.794248 48.033548 49.255808 50.470605 51.696910 52.942873 54.157615 55.407830 56.640831 57.876985 59.099003 60.317327 61.552700 62.780497 64.010195 65.236480 66.471306 67.731736 68.974998 70.193718 71.430703 72.658729 73.871299 75.102734 76.328298 77.546818 78.790724 80.045163 81.257047 82.474490 83.704242 84.932620 86.155528 87.380551 88.618308 89.847193 91.071123 92.311997 93.548390 94.766929 96.004326 97.239707 98.467550 99.715866 100.966800 102.181919 103.431323 104.635629 105.872029 107.099439 108.325971 109.557794 110.801660 112.025343 113.259626 114.507452 115.755586 117.005504 118.252209 119.463258 120.707166 121.929939 123.144601 124.364752 125.583657 126.802054 128.020327 129.256069 130.501549 131.749350 132.966556 134.189217 135.433245 136.647031 137.878000 139.109067 140.359459 141.582584 142.828893 144.099958 145.322691 146.552117 147.784263 149.013825 150.248475 151.467618 152.695105 153.921123 155.156393 156.386819 157.621904 158.863886 160.125046 161.338360 162.577281 163.816946 165.050354 166.295719 167.518067 168.755241 169.987239 171.226922 172.466708 173.691321 174.913841 176.150756 177.387188 178.615568 179.851254 181.078264 182.300964 183.539505 184.775236 185.997288 187.231584 188.457882 189.693821 190.945002 192.192390 193.414191 194.623140 195.854123 197.043919
Elapsed_time: 197.043919
Score: -1563.489493
138
1295.869102 769.599647 518.594844 599.139600 475.668452 545.785203 429.781795 494.803723 382.691891 442.249067 335.221497 390.234204 286.303329 339.223753 237.772978 289.344199 191.062110 240.556786 145.290087 192.768804 100.877638 147.107871 58.903718 103.838878 18.535573 62.117239 -20.817091 20.572500 -60.861504 -20.635688 -99.258329 -60.411742 -136.570502 -99.122464 -173.593379 -137.067010 -209.618179 -174.383306 -244.633240 -211.498347 -279.473414 -247.509522 -313.526046 -283.528455 -347.510378 -317.842167 -380.777637 -352.176358 -412.957139 -385.918628 -445.356799 -418.555603 -476.188926 -450.665548 -505.934292 -481.568754 -535.347523 -511.963380 -564.132071 -541.934584 -592.192615 -570.967926 -619.958287 -599.723578 -647.344396 -628.378725 -674.626803 -656.929515 -702.258998 -686.480907 -730.343952 -716.540011 -759.260609 -747.180488 -788.120125 -777.813359 -817.197612 -808.792683 -846.172097 -839.441142 -875.772836 -870.670130 -905.047412 -901.382725 -934.249133 -930.870245 -963.005771 -960.764748 -991.523777 -989.535238 -1018.941816 -1017.905287 -1045.922976 -1046.404545 -1073.139534 -1074.944262 -1099.808725 -1103.448320 -1127.090935 -1131.597476 -1154.684797 -1159.564065 -1182.044306 -1187.874966 -1208.932139 -1215.260244 -1235.580328 -1242.931132 -1262.224630 -1270.331844 -1288.810861 -1297.919151 -1315.450882 -1325.016941 -1342.019527 -1351.956229 -1367.938934 -1378.182571 -1393.340102 -1403.915671 -1418.568551 -1429.479001 -1443.367143 -1454.588418 -1467.868436 -1479.205954 -1492.067383 -1503.455042 -1515.755463 -1526.969676 -1538.824026 -1549.638137 -1560.783655 -1571.083190 -1581.444123 -1591.166051 -1600.637876 -1609.544440
23.045088 29.565696 30.808197 32.015970 33.244614 34.486928 35.731292 36.976833 38.207743 39.438327 40.664797 41.901523 43.153887 44.375710 45.607240 46.849737 48.058758 49.261929 50.491250 51.719146 52.960280 54.184579 55.391751 56.610483 57.842838 59.062868 60.282535 61.527260 62.752638 63.986525 65.245344 66.478785 67.727829 68.945981 70.160369 71.399675 72.625288 73.833276 75.053303 76.283954 77.495846 78.742826 79.975378 81.185250 82.404535 83.650519 84.866592 86.100173 87.359924 88.597272 89.818334 91.115294 92.333198 93.558818 94.788791 96.008534 97.224544 98.448800 99.685233 100.915076 102.117898 103.345749 104.595541 105.844206 107.048157 108.301302 109.523513 110.759609 111.990858 113.224196 114.443746 115.658597 116.887475 118.127478 119.350374 120.601734 121.819649 123.044512 124.285730 125.504448 126.735433 127.977465 129.239214 130.474395 131.702532 132.960986 134.193561 135.425922 136.676524 137.894273 139.113088 140.331379 141.558199 142.783819 144.046457 145.293061 146.520948 147.769335 149.006973 150.224457 151.461603 152.689308 153.924748 155.155839 156.374794 157.590428 158.804961 160.034463 161.264573 162.506138 163.724464 164.928141 166.158515 167.384821 168.592688 169.813848 171.045035 172.283451 173.508974 174.731054 175.955804 177.167106 178.416806 179.642703 180.863055 182.093703 183.322672 184.575624 185.808904 187.036596 188.260968 189.491471 190.707006 191.931775 193.163323 194.389136 195.636676 196.879466
Elapsed_time: 196.879466
Score: -1609.544440
138
1108.040075 567.366236 327.786098 417.140740 282.088161 364.675516 240.416740 317.778597 196.689017 268.435464 151.396926 219.174047 106.418637 170.951361 63.452507 125.071295 21.757175 81.300296 -17.468848 38.837593 -56.176578 -2.413885 -94.305987 -41.792539 -131.370979 -80.006856 -167.284063 -117.168079 -201.143378 -154.562901 -235.462241 -190.643706 -269.599631 -226.068617 -302.795939 -262.264283 -336.073384 -297.202944 -368.020833 -331.220998 -400.368893 -365.451136 -432.054747 -399.380483 -463.618884 -431.869077 -495.406297 -464.942534 -526.142619 -497.662616 -556.926480 -529.969749 -587.872425 -561.898427 -618.530649 -593.473574 -647.976675 -623.993230 -677.166266 -654.638323 -706.099400 -685.171533 -734.717748 -715.501610 -763.562965 -746.932698 -792.843942 -778.155383 -821.972502 -809.793430 -851.777508 -841.027240 -881.070451 -871.865013 -910.020629 -902.685267 -938.536562 -932.954292 -967.673571 -963.058559 -997.236992 -993.115531 -1026.595263 -1023.854975 -1056.178054 -1054.953285 -1085.748204 -1085.479777 -1115.665225 -1116.389674 -1145.259369 -1147.384890 -1175.079494 -1178.020815 -1204.977450 -1208.650987 -1234.337274 -1239.106456 -1263.465983 -1269.076148 -1293.029086 -1299.546359 -1322.443501 -1329.951041 -1351.999257 -1360.765057 -1381.393813 -1391.369345 -1411.395900 -1421.919538 -1440.671487 -1452.231625 -1470.167516 -1481.889398 -1499.410294 -1511.240506 -1528.354279 -1540.521562 -1557.114439 -1569.513429 -1585.309347 -1598.043430 -1613.264203 -1626.045634 -1640.705291 -1653.482186 -1667.545444 -1680.283641 -1693.679463 -1706.025880 -1718.742430 -1730.670548 -1742.626392 -1753.990613 -1765.166616 -1775.713579 -1786.007963 -1795.648938
23.018699 29.412000 30.624877 31.849500 33.094897 34.341487 35.569011 36.789965 38.043345 39.296684 40.529603 41.743253 42.983299 44.209470 45.441329 46.686251 47.912023 49.143933 50.371310 51.593520 52.804302 54.028378 55.231288 56.449363 57.651516 58.880267 60.084745 61.307142 62.553799 63.792043 65.018313 66.255309 67.477463 68.692151 69.913545 71.145782 72.375144 73.611446 74.845127 76.093987 77.330792 78.574912 79.799966 81.015637 82.249819 83.503032 84.730216 85.962779 87.186844 88.426832 89.669100 90.896035 92.142633 93.358644 94.618840 95.852694 97.082642 98.332412 99.570627 100.801879 102.034080 103.281768 104.547768 105.765674 107.010094 108.253959 109.483420 110.730994 111.971329 113.200797 114.436729 115.677188 116.902729 118.159261 119.416266 120.664035 121.891424 123.107860 124.365902 125.605163 126.830606 128.041894 129.268245 130.501338 131.723344 132.978535 134.242546 135.465853 136.721364 137.954031 139.182162 140.426848 141.659275 142.891827 144.106770 145.346543 146.574811 147.795250 149.034756 150.267855 151.494196 152.727178 153.936991 155.185300 156.446381 157.683334 158.902307 160.173621 161.390994 162.619444 163.850902 165.081656 166.330081 167.593712 168.819201 170.035083 171.257277 172.480655 173.697606 174.921396 176.128107 177.355839 178.560279 179.786677 181.022860 182.246487 183.459941 184.703699 185.930439 187.189486 188.426655 189.662222 190.881340 192.117349 193.332387 194.554817 195.791968 197.039565
Elapsed_time: 197.039565
Score: -1795.648938
