5
151
500415.751750 423280.472032 78185.623998 32557.581557 16689.907608 12965.193960 11808.246775 10862.457775 10243.578309 9436.594265 9013.510316 8325.886440 7881.600201 7514.692636 7289.695472 6843.313392 6551.069857 6235.779031 5897.364845 5606.130763 5260.457595 4929.486387 4617.332321 4337.315222 4095.448234 3863.158012 3601.551835 3381.958285 3179.975359 2978.679359 2775.348317 2588.032849 2413.362672 2223.071159 2079.036874 1941.787871 1786.356746 1677.800644 1572.790929 1457.152693 1367.621422 1273.651608 1174.979751 1081.517515 998.049480 923.491501 830.101391 763.898798 700.947915 616.462928 558.028118 482.813388 414.996729 351.622024 298.806869 236.432486 175.533161 121.525602 61.667365 10.263455 -46.032411 -105.626800 -154.050574 -207.031122 -266.421337 -313.388096 -360.930628 -413.706039 -453.883843 -495.376960 -541.411299 -583.986159 -629.819626 -671.426268 -715.722675 -754.996597 -799.559718 -842.208607 -877.932299 -913.092603 -956.070668 -989.441789 -1022.653763 -1064.844093 -1096.758347 -1133.944819 -1174.211554 -1205.488070 -1238.160418 -1278.172587 -1308.061046 -1341.866808 -1385.893730 -1418.379690 -1451.350475 -1494.011577 -1525.323625 -1563.114168 -1602.270247 -1635.057545 -1664.149222 -1699.122759 -1729.346963 -1761.810861 -1796.284137 -1825.434630 -1860.511920 -1898.826852 -1935.650556 -1970.032886 -2004.762770 -2041.039322 -2076.273342 -2106.080843 -2145.499832 -2171.580013 -2199.385073 -2235.562400 -2255.651214 -2279.671371 -2318.079624 -2339.788123 -2357.055063 -2387.810298 -2409.085975 -2424.391721 -2456.029131 -2470.438663 -2491.827316 -2510.250703 -2539.136030 -2558.665693 -2578.399620 -2606.361126 -2631.773534 -2653.394206 -2675.819313 -2693.636979 -2719.516327 -2739.854489 -2759.366213 -2777.193181 -2799.348162 -2820.803124 -2838.758835 -2860.426880 -2880.240202 -2900.832839 -2930.519395 -2949.899359 -2969.411407
0.000507 4.485024 5.930849 7.361292 8.805067 10.207819 11.607761 12.988108 14.321051 15.691960 17.011361 18.363601 19.684127 20.985165 22.295466 23.591203 24.920611 26.232245 27.538714 28.852419 30.168642 31.480374 32.790791 34.094100 35.402648 36.717762 38.013877 39.321170 40.658013 41.983695 43.273916 44.576899 45.859549 47.156115 48.419288 49.664174 50.908351 52.150665 53.404647 54.646496 55.886115 57.114388 58.344590 59.550460 60.771020 62.002541 63.201180 64.401053 65.598709 66.755610 67.907059 69.061097 70.225281 71.368448 72.528897 73.725315 74.924046 76.093332 77.262424 78.427732 79.631099 80.792680 81.945796 83.106995 84.283854 85.444539 86.609341 87.794955 88.962084 90.111876 91.260629 92.421869 93.558099 94.712571 95.857159 97.004602 98.190867 99.365864 100.531223 101.684219 102.823628 103.971572 105.104083 106.253205 107.399289 108.537415 109.668735 110.801160 111.951518 113.103960 114.218143 115.351228 116.477709 117.610514 118.736277 119.856826 120.968021 122.071572 123.210295 124.359299 125.497661 126.603910 127.727424 128.815631 129.915483 130.995460 132.079734 133.184828 134.304898 135.402811 136.536929 137.621337 138.720288 139.822402 140.932353 142.024894 143.123736 144.232820 145.310113 146.407623 147.501203 148.596032 149.701056 150.774570 151.854509 152.959677 154.050165 155.137769 156.218500 157.297851 158.382838 159.476881 160.573846 161.644975 162.723461 163.802236 164.885218 165.971754 167.078426 168.160271 169.235479 170.308458 171.391230 172.463155 173.554110 174.638571 175.726763 176.795566 177.877239 178.973809 180.059176
Elapsed_time: 180.059176
Score: -2969.411407
151
489295.244883 413439.965222 76718.540784 32105.317068 16530.741964 12845.726730 11672.266670 10689.410340 10035.462045 9262.707088 8862.019731 8218.942121 7784.716407 7419.441462 7123.951839 6750.814779 6493.463144 6198.431438 5920.135451 5647.234187 5417.394544 5160.457717 4990.221751 4749.366682 4522.550257 4297.607899 4119.563858 3913.898453 3749.223449 3579.055456 3363.677563 3222.353855 3073.556598 2898.668757 2760.703151 2627.048836 2492.450966 2362.283758 2242.731309 2128.587326 2006.862629 1908.900619 1819.512277 1694.971642 1618.330662 1540.608090 1429.600069 1347.133200 1235.702442 1133.620090 1033.061156 930.061311 836.457880 741.735250 633.285822 544.914758 448.207791 338.876845 250.968547 164.686147 84.617024 -12.038999 -85.964542 -166.103814 -245.924566 -314.848378 -395.754795 -482.644143 -547.405327 -623.345282 -684.803045 -767.178063 -832.678512 -894.561180 -961.845258 -1045.887143 -1101.114984 -1169.536214 -1228.660073 -1303.322653 -1359.190072 -1419.472976 -1479.836439 -1552.134240 -1606.549133 -1665.274811 -1712.893953 -1779.636756 -1830.819927 -1879.282171 -1927.354561 -1990.825353 -2031.504965 -2076.878702 -2122.567127 -2174.733753 -2210.402801 -2251.286268 -2280.894869 -2321.496414 -2354.863023 -2384.597980 -2416.556122 -2459.608119 -2485.447529 -2515.277692 -2537.208226 -2574.137433 -2598.448470 -2621.952796 -2640.498103 -2670.843969 -2690.301307 -2710.543754 -2741.007277 -2764.422035 -2788.848920 -2805.409503 -2827.185686 -2846.877903 -2873.660107 -2890.060339 -2908.162988 -2930.724126 -2954.105939 -2971.673951 -2996.064883 -3010.216903 -3031.516226 -3050.999638 -3065.937317 -3094.148682 -3112.539290 -3134.786354 -3152.783268 -3170.752856 -3186.170745 -3209.838249 -3222.155386 -3237.406299 -3255.450973 -3273.843044 -3286.537971 -3301.974583 -3312.555561 -3324.056310 -3339.540885 -3348.194834 -3363.497175 -3372.508887 -3383.958810
0.000611 4.374324 5.824700 7.275487 8.707784 10.107211 11.486242 12.879970 14.215404 15.566812 16.911826 18.243336 19.535297 20.846118 22.159321 23.492033 24.800136 26.126239 27.440229 28.759399 30.065481 31.375788 32.685184 34.003845 35.314549 36.616203 37.946585 39.270737 40.589471 41.903044 43.220495 44.509456 45.833533 47.153785 48.433552 49.705472 50.991215 52.256531 53.523164 54.789160 56.024700 57.284642 58.543757 59.775649 61.047010 62.281408 63.514860 64.761793 66.002098 67.210070 68.423358 69.626947 70.836385 72.040768 73.236674 74.415426 75.616936 76.807777 77.981304 79.140184 80.300879 81.470463 82.633820 83.760328 84.921682 86.068016 87.223172 88.344448 89.491938 90.638883 91.765724 92.936177 94.065579 95.189364 96.308782 97.436477 98.580821 99.721900 100.863722 101.978807 103.098501 104.204303 105.342592 106.461484 107.585972 108.712307 109.822952 110.943177 112.047108 113.161211 114.263385 115.360116 116.456992 117.553037 118.666759 119.758662 120.885158 121.993158 123.094922 124.178818 125.265896 126.379328 127.475353 128.553584 129.633962 130.726296 131.817123 132.909202 133.993155 135.091581 136.158814 137.398690 138.472245 139.548385 140.632143 141.708193 142.804355 143.879739 144.953031 146.008640 147.110689 148.210543 149.316778 150.386815 151.477132 152.556094 153.632291 154.701625 155.766951 156.846961 157.912352 158.990006 160.074254 161.143979 162.216793 163.305145 164.382255 165.455710 166.540496 167.625299 168.698236 169.764644 170.855752 171.960869 173.024757 174.124346 175.199728 176.258907 177.311677 178.366587 179.448429
Elapsed_time: 179.448429
Score: -3383.958810
151
495891.757525 419311.517230 77305.101494 32248.904082 16586.666034 12896.683756 11732.472710 10767.515854 10173.812055 9611.555072 9209.518092 8979.644741 8277.495652 7835.436620 7428.834251 6982.656594 6638.982483 6305.193724 5957.651180 5667.804380 5403.943785 5164.441139 4904.456470 4693.374105 4491.228577 4241.049594 4063.105651 3881.316170 3677.124669 3490.288794 3317.572289 3150.526410 2973.305224 2850.764217 2730.663946 2564.840270 2471.282505 2375.352458 2254.183841 2164.822910 2068.812602 1982.538984 1908.107155 1838.788691 1767.672523 1697.384176 1621.499069 1556.763577 1482.224696 1392.941497 1323.052930 1258.410985 1167.216323 1099.895938 1024.390997 931.600423 854.629264 769.576234 679.203597 599.949701 526.964931 437.056389 360.858511 282.457716 205.563783 131.691087 57.441393 -11.455878 -96.304102 -158.314035 -221.395305 -310.517443 -367.863579 -432.973676 -515.867082 -568.240861 -610.072942 -696.629256 -754.021036 -822.506951 -886.982258 -953.500351 -1011.942268 -1075.657089 -1141.200050 -1199.330784 -1256.790477 -1315.548333 -1366.717384 -1413.918889 -1464.862691 -1513.210399 -1562.070597 -1605.958334 -1651.508704 -1697.793493 -1742.547527 -1795.367688 -1835.921445 -1876.195478 -1936.890616 -1969.279258 -2003.275174 -2063.791266 -2096.798837 -2147.641169 -2185.972311 -2234.050690 -2264.710762 -2304.632279 -2329.531603 -2381.359466 -2408.208710 -2439.243426 -2484.268781 -2517.963307 -2556.371186 -2585.322083 -2615.115353 -2651.796118 -2686.955307 -2715.226768 -2744.504408 -2765.245438 -2805.421206 -2824.669136 -2849.502707 -2881.947536 -2915.262743 -2938.562220 -2966.790477 -2988.473269 -3011.691329 -3044.948531 -3062.690520 -3088.023008 -3114.681438 -3151.274671 -3166.348822 -3201.815484 -3223.136043 -3245.646152 -3274.184006 -3294.309922 -3317.667023 -3346.755950 -3367.601940 -3395.738631 -3423.593879 -3452.393198 -3476.071131
0.000386 4.398099 5.898843 7.328265 8.749811 10.151716 11.543423 12.929367 14.271539 15.627216 16.972825 18.322657 21.000554 22.332437 23.646380 24.971907 26.260256 27.567353 28.910144 30.244123 31.563278 32.878154 34.208656 35.549831 36.872809 38.187596 39.503023 40.811302 42.125507 43.449138 44.759325 46.083116 47.375222 48.690047 49.997475 51.284502 52.561872 53.834284 55.095621 56.365205 57.652755 58.921790 60.182957 61.450407 62.711601 63.978727 65.209261 66.467239 67.699008 68.914089 70.123736 71.335195 72.553780 73.763376 74.987367 76.192917 77.401575 78.579956 79.743793 80.925846 82.126947 83.326776 84.506560 85.683459 86.864644 88.021968 89.179383 90.343820 91.510176 92.672761 93.830574 94.991762 96.132240 97.278651 98.425197 99.575043 100.713249 101.843966 103.003102 104.147869 105.296934 106.436843 107.570633 108.722068 109.843749 110.966372 112.080547 113.192785 114.333612 115.454593 116.560312 117.676526 118.773729 119.898938 121.012642 122.114680 123.226520 124.336921 125.450857 126.547459 127.633341 128.727902 129.823577 130.908482 132.002984 133.107340 134.194417 135.278591 136.367087 137.445443 138.523714 139.591244 140.675273 141.743869 142.832885 143.892683 144.971364 146.043736 147.122154 148.194691 149.256503 150.325489 151.418315 152.477308 153.553237 154.623519 155.708417 156.782753 157.867263 158.938033 160.032094 161.121338 162.196620 163.302190 164.375158 165.455443 166.519244 167.603814 168.669707 169.731478 171.874361 172.956154 174.009298 175.076893 176.169285 177.244140 178.343239 179.410132 180.474644 181.537093 182.630803
Elapsed_time: 182.630803
Score: -3476.071131
151
501537.781423 424419.826136 77987.303707 32422.913717 16641.368403 12951.364643 11787.400135 10804.831590 10170.482120 9352.220840 8936.778285 8281.496728 7800.658619 7415.139969 7166.542419 6734.690381 6368.541980 6028.420343 5727.421214 5456.991614 5229.605367 5017.036176 4778.044623 4597.889132 4422.291608 4235.668349 4073.119050 3946.121966 3840.174449 3683.957858 3569.249903 3468.644085 3294.608833 3193.792427 3077.163216 3002.099885 2871.616750 2783.598640 2677.224732 2543.054220 2436.908101 2330.004793 2213.467965 2092.755695 1979.630647 1881.501684 1776.447930 1675.962199 1572.021040 1461.692895 1359.515823 1264.125330 1179.597942 1100.804963 1000.235968 917.699452 834.517291 762.748748 679.996877 607.514516 540.552779 467.799656 416.390638 356.087736 296.099250 241.573913 193.631297 146.992606 85.198066 42.388991 -4.310840 -59.766830 -100.774688 -162.004518 -215.928092 -261.841701 -314.831594 -358.875056 -402.663245 -462.982942 -501.855578 -550.980559 -605.106210 -650.993372 -680.401487 -739.946087 -760.449028 -806.161406 -836.298672 -871.845230 -925.119539 -936.257494 -1004.698928 -1027.542660 -1066.609940 -1107.167393 -1149.379325 -1181.887971 -1221.432503 -1249.598362 -1281.122335 -1321.238918 -1344.944448 -1382.234134 -1412.278482 -1441.604940 -1466.868701 -1492.360501 -1518.888979 -1542.366587 -1564.585095 -1587.129627 -1614.020674 -1636.672426 -1658.102947 -1681.958174 -1708.226400 -1732.137426 -1758.570216 -1784.774327 -1814.245975 -1844.055655 -1869.200859 -1897.752101 -1931.984388 -1961.441923 -1990.247204 -2033.012976 -2061.147538 -2089.567976 -2128.655474 -2156.674004 -2194.213871 -2237.246924 -2274.338721 -2308.929553 -2358.604794 -2392.872208 -2432.374819 -2479.848216 -2517.174504 -2561.518464 -2602.625331 -2642.996628 -2677.002802 -2715.148351 -2752.522608 -2785.481883 -2817.078284 -2849.947751 -2881.703580
0.000358 4.463301 5.894352 7.319380 8.751017 10.162610 11.556535 12.935598 14.284528 15.637360 16.962270 18.287252 19.619945 20.919043 22.220526 23.534347 24.830481 26.142335 27.457248 28.761646 30.091348 31.442067 32.790627 34.148357 35.489233 36.837317 38.183707 39.527540 40.863710 42.176742 43.479048 44.783931 46.086092 47.375163 48.689419 49.988691 51.271485 52.565177 53.843330 55.122650 56.415663 57.694408 58.960659 60.230479 61.500751 62.749968 63.995786 65.232859 66.468469 67.702402 68.921391 70.121683 71.379935 72.605508 73.810248 74.993535 76.209258 77.409551 78.600374 79.792302 81.011020 82.187585 83.393701 84.570339 85.757678 86.916999 88.083464 89.257442 90.440069 91.613435 92.757863 93.926710 95.119034 96.322396 97.499056 98.679460 99.866977 101.028722 102.193943 103.341762 104.507293 105.693875 106.853901 108.005246 109.160144 110.294573 111.443182 112.586184 113.721483 114.854690 115.986217 117.126152 118.248438 119.400233 120.537130 121.682876 122.830144 123.944034 125.068353 126.173689 127.284719 128.410756 129.528639 130.634711 131.729405 132.844317 133.972474 135.086816 136.173779 137.302042 138.402494 139.532061 140.646278 141.771657 142.875039 143.984703 145.079941 146.187143 147.288662 148.380766 149.477489 150.582385 151.673910 152.770484 153.879286 154.995379 156.113487 157.223741 158.338623 159.446641 160.548999 161.663547 162.748622 163.836881 164.929002 166.007144 167.090651 168.180095 169.254683 170.329358 171.417190 172.525950 173.605524 174.694319 175.773848 176.868699 177.940720 179.014640 180.114802 181.198041 182.281467
Elapsed_time: 182.281467
Score: -2881.703580
151
497268.828854 420589.793935 77629.028536 32370.541095 16610.055359 12891.849908 11723.940877 10787.642560 10126.825146 9707.740107 9068.279027 8317.625670 7901.972222 7543.585718 7183.604731 6819.474625 6537.459026 6239.071033 5900.338001 5621.462125 5352.986018 5095.918203 4839.157838 4647.954520 4461.796238 4226.837733 4088.490197 3937.858230 3786.181215 3622.169151 3442.656876 3253.218909 3098.198415 2932.806304 2812.978434 2682.901658 2531.432832 2412.404876 2270.388727 2133.655859 2029.796735 1905.826794 1799.561291 1691.702109 1584.103932 1498.200066 1404.494333 1312.091506 1242.430000 1161.164360 1086.530745 1011.863856 949.471421 887.431582 827.269314 761.371205 714.091970 661.004040 613.936637 548.577542 511.357218 465.479473 414.768469 363.042996 319.349936 270.903748 231.565873 188.387271 141.098891 105.857005 59.019865 14.447120 -24.875237 -66.858535 -111.581081 -154.146063 -204.567046 -241.684876 -283.963661 -337.628898 -375.243419 -410.023714 -468.365082 -499.540268 -533.817394 -582.210718 -617.413317 -651.705966 -712.556907 -740.400238 -785.324914 -833.493224 -880.692422 -914.879332 -958.392007 -988.877801 -1023.495513 -1069.222061 -1097.413162 -1141.475118 -1178.122402 -1215.912867 -1243.010845 -1274.808882 -1304.095609 -1334.886660 -1361.559643 -1387.439717 -1410.877645 -1447.328385 -1466.448278 -1491.601747 -1513.083198 -1546.850865 -1568.363743 -1591.353572 -1623.232722 -1656.036436 -1685.338666 -1716.819709 -1744.274653 -1782.377746 -1813.720245 -1843.716891 -1878.114826 -1914.069659 -1949.481568 -1993.571579 -2026.933741 -2065.008377 -2106.622746 -2135.941524 -2161.100858 -2204.651854 -2231.281263 -2264.956015 -2304.875068 -2335.923273 -2360.167731 -2395.876259 -2412.309315 -2439.511301 -2464.306056 -2485.174734 -2522.273581 -2544.833113 -2567.772508 -2588.979901 -2609.501696 -2635.145763 -2658.183629
0.000377 4.326712 5.753580 7.182086 8.599390 10.006592 11.401184 12.769964 15.499470 16.861759 18.183077 19.513493 20.842032 22.147809 23.460343 24.757027 26.078959 27.396561 28.721657 30.024133 31.346283 32.688319 34.025627 35.361907 36.688784 38.033731 39.359678 40.678615 41.988363 43.307552 44.611888 45.917652 47.235381 48.518446 49.823070 51.112221 52.389646 53.654900 54.939149 56.207225 57.470032 58.722668 59.976760 61.207861 62.434794 63.646825 64.871662 66.086352 67.308936 68.524028 69.739353 70.933575 72.160399 73.380622 74.583569 75.766615 76.971444 78.160139 79.348240 80.538979 81.726437 82.918046 84.116180 85.335501 86.514636 87.674030 88.845228 90.008164 91.193868 92.402314 93.616597 94.790414 95.983613 97.158557 98.341966 99.511880 100.682967 101.846949 103.020800 104.195899 105.363630 106.505817 107.655087 108.803614 109.958836 111.104232 112.267951 113.428144 114.588604 115.731202 116.900697 118.047431 119.186446 120.299285 121.408930 122.532261 123.678337 124.796461 125.936889 127.068119 128.204752 129.322971 130.436372 131.548905 132.665640 133.775438 134.891203 136.016443 137.119211 138.212532 139.319548 140.436723 141.547660 142.649725 143.757607 144.861690 145.976170 147.095946 148.213221 149.327057 150.445541 151.532357 152.651395 153.757275 154.841560 155.912664 157.036456 158.144631 159.253312 160.362131 161.478356 162.574583 163.688154 164.801722 165.896991 166.991767 168.086230 169.194599 170.300393 171.396659 172.484799 173.570864 174.657569 175.734995 176.811040 178.979111 180.085751 181.148452 182.222996 183.303466 184.378346
Elapsed_time: 184.378346
Score: -2658.183629
