5
151
1153.778162 542.525346 27.914574 -124.953113 -197.718251 -239.120608 -280.854084 -337.181381 -399.447421 -479.912972 -588.033812 -700.165052 -818.927851 -985.891484 -1113.563112 -1244.408112 -1366.986338 -1475.170746 -1588.850701 -1688.146553 -1764.552240 -1830.473907 -1889.709803 -1942.094261 -1981.561400 -2019.134052 -2053.091525 -2078.415246 -2102.164119 -2122.038785 -2140.030088 -2156.611416 -2172.030730 -2187.790067 -2200.938507 -2214.725921 -2230.885802 -2242.589466 -2253.909614 -2272.240515 -2284.116268 -2297.683123 -2320.176346 -2333.811184 -2351.546876 -2377.021584 -2399.899485 -2414.275263 -2451.778002 -2462.417212 -2491.010935 -2509.696002 -2533.665086 -2568.560809 -2592.043900 -2622.008197 -2646.337697 -2672.173802 -2698.683192 -2723.697535 -2749.420065 -2767.867817 -2792.232958 -2815.431127 -2835.138532 -2849.543317 -2870.341510 -2883.789831 -2898.116509 -2912.344518 -2924.263464 -2937.161181 -2953.265361 -2962.862489 -2975.602232 -2981.029048 -2998.579003 -3006.049582 -3015.512377 -3030.155732 -3039.539232 -3053.343111 -3063.702290 -3076.003611 -3087.117202 -3097.817729 -3111.398085 -3120.062229 -3131.947656 -3144.441750 -3155.448085 -3163.205934 -3176.968051 -3185.212380 -3193.357522 -3206.547876 -3215.129829 -3220.186070 -3239.284006 -3245.262699 -3255.980224 -3264.517182 -3276.890952 -3285.996434 -3294.012058 -3304.135844 -3315.412532 -3323.525225 -3334.257825 -3341.744843 -3349.828544 -3361.663358 -3369.296850 -3380.668456 -3392.609858 -3398.811850 -3410.503761 -3418.908094 -3432.158795 -3442.855220 -3451.554617 -3470.490875 -3481.763184 -3496.495161 -3510.038923 -3522.155717 -3535.593082 -3551.361496 -3563.651259 -3574.415130 -3592.701410 -3605.342087 -3615.249525 -3631.258510 -3643.329758 -3660.780343 -3673.518412 -3685.410228 -3698.528597 -3711.294509 -3725.145782 -3737.931861 -3749.818397 -3761.577761 -3774.962302 -3785.829141 -3795.473451 -3806.192446 -3814.659985 -3824.017499 -3834.136983
23.109587 25.461950 26.664365 27.832467 28.994027 30.147446 31.313382 32.462706 33.622325 34.776263 35.932964 37.081833 38.231769 39.371490 40.533896 41.671133 42.803876 43.936141 45.055825 46.183313 47.340361 48.462871 49.571269 50.682986 51.793675 52.888509 53.999162 55.104332 56.202526 57.299215 58.383164 59.488013 60.553059 61.624361 62.678928 63.731198 64.783359 65.855401 66.941178 68.017352 69.121916 70.203558 71.290219 72.377818 73.458682 74.542322 75.625911 76.720563 77.815777 78.896631 79.985584 81.055250 82.130595 83.212094 85.352786 86.470330 87.556607 88.655245 89.748463 90.847500 91.939833 93.050651 94.142506 95.250180 96.355178 97.452444 98.569387 99.657645 100.743980 101.838633 102.915104 103.999267 105.118757 106.186580 107.284891 108.362842 109.452842 110.540419 111.652028 112.746239 114.930110 116.002259 117.090119 118.153984 119.254581 120.335318 121.416850 122.473199 123.557350 124.630571 125.734109 126.818364 127.909458 128.966722 130.039531 131.111672 132.177623 133.272026 134.335122 135.404433 136.472390 137.560659 138.616172 139.668114 140.733703 141.774545 142.841825 143.897328 144.972921 146.048810 147.130316 148.194020 149.250975 150.307836 151.368158 152.437478 153.517816 154.573846 155.658593 156.725094 157.784504 158.874772 160.993392 162.083506 163.148022 164.202850 165.288078 166.368736 167.425694 168.492183 169.548593 170.607994 171.662520 172.735812 173.811383 174.875159 175.914483 176.971346 178.027067 179.064756 180.123160 181.187689 182.242200 183.301557 184.353007 185.409537 186.458208 187.500630 188.566293 189.604519 190.666008
Elapsed_time: 190.666008
Score: -3834.136983
151
1307.754739 711.938327 205.494263 53.592077 -20.817406 -62.851514 -92.752141 -157.929306 -216.674510 -292.856764 -416.065249 -533.926943 -657.737317 -778.389536 -919.043474 -1049.366762 -1172.909613 -1276.713459 -1363.822363 -1454.309746 -1524.383022 -1582.405233 -1632.743017 -1679.694905 -1716.697105 -1746.945820 -1774.921347 -1799.263781 -1820.147446 -1838.435628 -1857.419175 -1873.753993 -1888.845750 -1904.803200 -1917.278530 -1931.089242 -1947.635812 -1959.909729 -1972.975945 -1994.250450 -2007.775628 -2021.905283 -2049.238601 -2065.096931 -2085.006149 -2120.147200 -2141.902192 -2160.550701 -2196.278369 -2220.243550 -2255.127748 -2285.908925 -2317.615499 -2345.234010 -2375.255085 -2406.270417 -2434.437020 -2459.366532 -2483.721413 -2511.882028 -2534.471032 -2556.321376 -2576.435516 -2595.154573 -2614.025568 -2630.314757 -2648.423438 -2661.814054 -2674.871040 -2692.465844 -2702.615974 -2713.340116 -2731.599939 -2740.243180 -2750.449021 -2770.830077 -2778.845887 -2787.276065 -2801.593901 -2811.183680 -2822.689177 -2841.067165 -2849.843908 -2863.177420 -2872.063122 -2886.840118 -2898.737747 -2909.069280 -2922.539889 -2937.548612 -2947.324918 -2961.766739 -2970.928770 -2981.309395 -2995.066452 -3003.992215 -3010.588423 -3030.368632 -3037.124024 -3049.360920 -3054.961810 -3068.318445 -3075.765918 -3083.358242 -3096.611866 -3104.441855 -3116.402583 -3125.340030 -3135.635259 -3144.518614 -3153.136240 -3162.861836 -3169.859803 -3180.122413 -3188.769482 -3197.168429 -3206.948686 -3215.319902 -3225.205488 -3234.867769 -3243.083916 -3254.136805 -3264.804321 -3275.049481 -3285.182533 -3296.852224 -3307.817865 -3319.376815 -3329.576474 -3341.442103 -3354.012103 -3364.429377 -3374.661134 -3387.235026 -3395.927380 -3403.208671 -3416.421568 -3422.508019 -3430.375048 -3439.898749 -3446.324289 -3455.379962 -3467.695039 -3473.467399 -3483.448568 -3487.558137 -3497.819015 -3504.554680 -3511.024172 -3521.988826 -3527.863819
23.623658 26.011386 27.231004 28.449069 29.639608 30.832148 32.073532 33.250815 34.441390 35.647214 36.836179 38.031304 39.186272 40.363558 41.547840 42.713172 43.946541 45.110997 46.273994 47.437115 48.615658 49.759757 50.912527 52.054775 53.198755 54.328224 55.461833 56.611840 57.760161 58.895636 60.041804 61.194056 62.370966 63.516838 64.652662 65.787504 66.895229 68.029260 69.185481 70.345631 71.508490 72.675720 73.831309 74.955203 76.136681 77.269454 78.392851 79.508149 80.655087 81.759587 82.891975 83.994532 85.145896 86.244463 87.367401 88.474720 89.582048 90.664618 91.789548 92.924261 94.055067 95.148773 96.274637 97.399715 98.518168 99.635043 100.749462 101.847416 102.977367 104.097032 105.212913 106.311587 107.413116 108.523009 109.622003 110.744765 111.877758 113.009577 114.126291 115.229056 116.333538 117.421276 118.525496 119.626746 120.762920 121.908704 123.025805 124.118741 125.228470 126.360621 127.470914 128.569472 129.670172 130.800379 131.904535 132.994880 134.087174 135.203257 136.326975 137.457787 138.582520 139.673043 140.794763 141.885377 142.972948 145.200857 146.314337 147.415616 148.514366 149.608256 150.756579 151.903036 152.976598 154.084541 155.210652 156.313081 157.424398 158.539250 159.604719 160.712769 161.800421 162.940380 164.012666 165.149770 166.261882 167.343828 168.425085 169.541066 170.623135 171.701203 172.807062 173.905597 175.008858 176.074464 177.159285 178.225451 179.370817 180.445932 181.534113 182.646164 183.718009 184.808378 185.912500 186.996014 188.125701 189.162544 190.196327 191.285608 192.337381 193.396558 195.554889
Elapsed_time: 195.554889
Score: -3527.863819
151
1234.085434 621.317331 101.027676 -57.134182 -137.968435 -183.790390 -219.704004 -294.472428 -358.698899 -435.151934 -556.546635 -681.440196 -816.117653 -964.103981 -1146.783796 -1295.179661 -1433.115459 -1568.567385 -1709.472497 -1831.480478 -1944.772715 -2033.994920 -2115.445453 -2195.465918 -2258.508446 -2309.598078 -2356.574723 -2401.936291 -2437.228121 -2467.692712 -2501.858762 -2530.256027 -2554.469339 -2578.619917 -2601.028023 -2625.368924 -2648.357428 -2670.065612 -2692.599983 -2716.399962 -2740.713783 -2765.144898 -2790.751173 -2817.846270 -2842.438036 -2867.822654 -2904.754111 -2931.421286 -2955.886056 -2994.398154 -3020.309290 -3056.126180 -3091.283755 -3126.366708 -3152.891798 -3191.835524 -3222.689590 -3249.833091 -3284.619852 -3310.133941 -3344.463178 -3372.110138 -3395.626482 -3421.311040 -3443.502575 -3463.517358 -3488.503018 -3505.487173 -3524.577658 -3549.778591 -3563.367816 -3576.664696 -3602.295807 -3615.289361 -3632.912231 -3652.665656 -3671.641899 -3682.897997 -3704.333538 -3713.484930 -3732.310763 -3745.020825 -3757.810257 -3780.197465 -3791.809152 -3808.956541 -3821.624925 -3836.833924 -3849.829392 -3862.330409 -3875.704352 -3885.653239 -3899.833419 -3911.547665 -3920.717932 -3932.021148 -3939.916340 -3949.553464 -3957.008524 -3957.067283 -3964.683312 -3972.957326 -3979.427361 -3986.682474 -3994.712432 -4000.090957 -4007.004433 -4012.215033 -4017.840009 -4024.845264 -4028.639546 -4033.852833 -4040.199812 -4045.215711 -4048.717933 -4053.533473 -4057.230430 -4061.633869 -4065.852642 -4069.015493 -4072.969371 -4076.684332 -4080.196372 -4083.053579 -4087.011791 -4090.486241 -4093.424807 -4096.802248 -4099.877821 -4103.344874 -4106.921183 -4109.916627 -4112.808851 -4116.722642 -4119.142346 -4122.202213 -4126.153025 -4128.850502 -4131.867536 -4136.300836 -4138.555500 -4141.792932 -4144.693289 -4148.888775 -4151.794179 -4154.695704 -4158.549454 -4162.767908 -4166.105083 -4170.385999 -4173.340033
23.246405 25.657725 26.843097 28.021322 29.176215 30.359005 31.524432 32.713152 33.860627 35.019275 36.205043 37.357056 38.506186 39.630345 40.775934 41.917749 43.036308 44.186067 45.300730 46.467197 47.610390 48.706837 49.840005 50.949805 52.072009 53.151993 54.265843 55.347276 56.430217 57.526924 58.634577 59.752097 60.841839 61.923487 63.022348 64.115308 65.220442 66.309984 67.389248 68.500850 69.570347 70.669758 71.771698 72.864666 73.959498 75.049509 76.116855 77.194370 78.278677 79.355590 80.430903 81.526770 82.587896 83.642552 84.731050 85.813866 86.909028 87.998043 89.091578 90.199518 91.278638 92.391787 93.491061 94.575599 95.640341 96.733302 97.798614 98.876547 99.948037 101.048740 102.161232 103.243596 104.314263 105.398375 106.485881 107.555612 108.686271 109.779565 110.880341 111.989586 113.077287 114.170058 115.241701 116.342866 118.536655 119.620495 120.705646 121.790841 122.853043 123.959738 125.053554 126.107067 127.168799 128.239920 129.286563 130.365246 131.434736 132.489139 133.604545 134.674604 135.764128 136.867669 137.931112 138.982902 140.076243 141.141672 142.201117 143.260048 144.324001 145.364329 146.411404 147.470846 148.548688 149.613281 150.705806 151.793619 152.868399 153.924126 154.978748 156.036384 157.093407 158.133948 159.215332 160.282861 161.414642 162.501484 163.555174 164.636152 165.709547 166.774313 167.815333 168.912504 169.998003 171.046275 172.132075 173.209255 174.271689 175.336768 176.404526 177.496081 178.555883 179.619592 180.703674 181.775248 182.817168 183.883830 184.944421 185.989076 187.039074 188.093872 189.158671
Elapsed_time: 189.158671
Score: -4173.340033
151
1295.869102 674.768203 155.321799 -3.460268 -87.708368 -130.577674 -169.137503 -229.116515 -291.688962 -380.367481 -492.961576 -632.520777 -789.238154 -941.406324 -1109.663390 -1273.037965 -1405.686860 -1545.168073 -1690.348710 -1812.798100 -1912.927692 -2010.141892 -2100.101314 -2169.356157 -2228.522710 -2303.665627 -2352.456335 -2397.025586 -2443.316148 -2476.325842 -2510.906382 -2541.949125 -2571.922496 -2598.267540 -2623.498612 -2653.457111 -2676.218130 -2697.116492 -2728.680419 -2747.485577 -2768.926298 -2801.353062 -2820.324980 -2843.983923 -2882.125485 -2907.182378 -2928.466423 -2967.055866 -2994.208810 -3029.173706 -3064.111515 -3099.286383 -3131.074869 -3172.109801 -3206.068096 -3232.742660 -3270.256345 -3291.605135 -3318.164531 -3346.969619 -3368.672793 -3394.249690 -3426.636696 -3441.764611 -3466.574950 -3481.829743 -3505.166907 -3520.281761 -3534.336603 -3553.148559 -3573.013161 -3587.966855 -3608.755271 -3624.349249 -3639.658272 -3662.785530 -3675.915582 -3688.833457 -3715.344558 -3727.213636 -3740.391710 -3764.865623 -3777.049319 -3794.532407 -3811.731835 -3834.768477 -3845.923209 -3867.174352 -3871.978054 -3897.075363 -3907.678110 -3921.278174 -3940.331778 -3952.131641 -3970.525184 -3982.720678 -3995.569759 -4006.925680 -4017.766220 -4028.299852 -4036.726324 -4045.557943 -4056.643707 -4065.273858 -4071.568006 -4081.985240 -4086.744318 -4093.190416 -4101.016817 -4106.001908 -4114.570589 -4122.710173 -4127.611134 -4134.065804 -4139.616691 -4146.199455 -4153.076987 -4157.914586 -4163.293227 -4169.257224 -4175.140947 -4178.075248 -4183.887316 -4186.112227 -4190.772547 -4193.443910 -4196.246445 -4201.263015 -4203.693616 -4207.203753 -4209.899422 -4213.068622 -4215.901532 -4218.266335 -4221.119350 -4223.203876 -4225.673391 -4227.848620 -4229.985042 -4231.461818 -4233.654219 -4234.675404 -4236.720603 -4238.063741 -4239.391205 -4241.576830 -4243.057617 -4244.606615 -4245.823185 -4247.108485 -4248.562072
25.097723 27.681519 28.950957 30.166647 31.424852 32.663583 33.845080 35.098794 36.301510 37.574418 38.818352 40.014618 41.255522 42.483236 43.757595 45.010273 46.202194 47.392433 48.661499 49.859451 51.077427 52.327644 53.557621 54.917940 56.089490 57.232551 58.445227 59.638725 60.754815 61.904181 63.011883 64.160175 65.354842 66.495169 67.675504 68.778984 69.854012 70.917149 72.014555 73.103048 74.217951 75.287881 76.385828 77.452995 78.557178 79.624256 80.706338 81.829280 83.008838 84.186337 85.350267 86.475641 87.664409 88.854294 89.935773 91.033276 92.127718 93.224325 94.304412 95.391618 96.465456 97.527428 98.627077 99.704957 100.774897 101.879105 102.966788 104.086477 105.189465 106.274186 107.327585 108.429014 109.488456 110.566305 111.641143 112.703541 113.735437 114.800209 115.851544 116.944930 118.009670 119.073700 120.146221 121.206955 122.240167 123.291647 124.343224 125.383056 126.478153 127.524316 128.569156 129.650821 130.737548 132.895576 133.941973 134.993869 136.052961 137.148250 138.233513 139.260100 140.320617 141.398948 142.448206 143.480858 144.506603 145.597151 146.654219 147.668688 148.738356 149.801091 150.838873 151.873622 152.908475 153.936371 154.967056 156.005846 157.068583 158.102721 159.154658 160.189790 161.276438 162.350200 163.372994 164.391083 165.413132 166.454277 167.506008 168.516873 170.599029 171.620175 172.653196 173.661606 174.694740 175.725055 176.741630 177.774858 178.822083 179.831854 180.878651 181.879602 182.943759 183.965705 185.017457 186.053951 187.078793 188.131355 190.189866 191.234560 192.280813 193.333633 194.341027
Elapsed_time: 194.341027
Score: -4248.562072
151
1108.040075 475.272500 -70.664332 -235.260777 -322.656570 -361.726515 -397.621621 -438.628910 -496.369425 -564.538981 -658.361355 -792.163034 -947.945898 -1079.413317 -1235.967536 -1441.356384 -1600.466223 -1767.337741 -1943.078023 -2085.733331 -2221.242684 -2334.027989 -2439.745342 -2532.728073 -2611.262269 -2688.176710 -2737.627617 -2778.920631 -2830.487192 -2861.885519 -2898.213607 -2931.755807 -2957.531123 -2976.905718 -3006.372972 -3023.036474 -3042.481728 -3060.943953 -3075.819503 -3092.836155 -3116.760458 -3128.691326 -3147.375644 -3163.254059 -3183.655370 -3200.373823 -3216.891315 -3236.958665 -3259.708881 -3277.435767 -3299.383170 -3317.839630 -3336.738678 -3365.146716 -3381.136604 -3398.704620 -3427.007490 -3442.843825 -3465.590667 -3482.873735 -3507.374592 -3519.455148 -3538.619395 -3546.763949 -3570.225387 -3580.675335 -3592.538928 -3607.856026 -3622.175836 -3634.181678 -3644.877509 -3654.357408 -3667.460622 -3677.763359 -3687.480822 -3696.694342 -3707.338522 -3716.863788 -3725.723182 -3735.646591 -3746.760767 -3755.954114 -3766.037316 -3775.057903 -3785.427720 -3796.123271 -3805.038120 -3813.990620 -3824.992612 -3832.719000 -3840.776353 -3854.023988 -3861.527360 -3867.356100 -3877.633698 -3885.001427 -3890.246694 -3902.196511 -3907.038236 -3914.566929 -3919.027546 -3928.702124 -3934.051165 -3939.832536 -3948.807920 -3954.622313 -3962.082918 -3968.219463 -3974.412169 -3980.569045 -3986.193050 -3992.164249 -3996.578226 -4002.964494 -4006.909872 -4011.400493 -4014.920611 -4018.971480 -4020.673632 -4026.345154 -4028.750894 -4032.104326 -4036.950455 -4040.773510 -4045.571633 -4049.056909 -4053.063038 -4057.306287 -4061.354161 -4066.520514 -4069.485751 -4072.336942 -4077.731507 -4080.406440 -4083.344668 -4088.467593 -4090.725774 -4093.424934 -4098.639128 -4100.720843 -4102.826993 -4105.715798 -4108.116793 -4111.784464 -4114.671015 -4116.974498 -4119.213658 -4121.377580 -4124.249082 -4126.663859 -4128.713099
22.879353 25.178635 26.343907 27.465085 28.615850 29.736819 30.895795 32.058263 33.190375 34.319628 35.467187 36.609612 37.718350 38.832945 39.923386 41.013083 42.113507 43.235037 44.300709 45.399306 46.480974 47.580363 48.657913 49.703832 50.792145 51.845439 52.911635 53.982541 55.019663 56.124043 57.165875 58.227836 59.345831 60.404849 61.471373 62.561877 63.671270 64.733185 65.799358 66.881334 67.951186 68.994982 70.069472 71.130991 72.212183 73.253310 74.325713 75.409457 76.467709 77.527302 78.606756 79.710537 80.760661 81.882272 82.939238 83.986522 85.025809 86.094149 87.156828 88.181815 89.212616 90.242478 91.271702 92.311250 93.367254 94.403892 95.455393 96.498863 97.578484 98.606238 99.686478 100.709895 101.721557 102.780417 103.835000 104.855411 105.908407 106.938528 108.000972 109.020400 110.071834 111.124117 112.179856 113.208387 114.246000 115.322637 116.353207 117.374672 118.403076 119.453071 120.511903 121.551551 122.583349 123.675115 124.734281 125.774580 126.850698 127.908233 128.974046 130.033207 131.128208 132.168099 133.207657 134.259327 135.324680 137.471144 138.567875 139.640966 140.713346 141.797471 142.854850 143.916787 144.965779 146.060237 147.091968 148.171705 149.215227 150.285677 151.317877 152.354295 153.375524 154.418478 155.458333 157.645991 158.726379 159.810755 160.865948 161.940295 163.006829 164.122954 165.176348 166.271267 167.355489 168.430964 169.502835 170.563170 171.660913 172.749236 173.824624 174.916096 176.003075 177.066998 178.131837 179.184810 180.291940 181.410235 182.485122 183.541037 184.636856 185.780112 186.843354
Elapsed_time: 186.843354
Score: -4128.713099
