5
151
848.621504 538.611546 275.576013 226.647074 194.720564 159.259490 143.737815 119.377962 99.843083 79.360982 62.970197 50.506283 35.414088 23.373609 10.774930 1.266881 -8.235951 -17.815269 -27.545933 -34.779302 -40.816950 -45.791690 -50.474663 -55.881021 -61.176760 -66.141414 -71.379343 -76.275989 -80.576631 -84.586361 -87.886429 -91.024204 -94.157278 -97.238511 -100.401411 -103.505883 -106.598110 -109.857017 -112.738812 -115.501469 -118.216393 -120.931591 -122.895715 -125.615638 -127.908126 -130.565874 -133.185188 -135.715782 -138.198322 -140.922293 -143.414220 -145.551129 -147.882668 -150.158243 -152.653408 -155.093795 -157.497759 -159.665917 -161.610169 -164.440592 -166.125098 -168.043488 -170.269995 -171.916788 -174.007888 -175.877309 -177.235998 -179.478536 -181.108475 -183.243024 -185.072836 -186.700926 -188.481369 -190.694412 -192.233465 -194.263188 -196.556728 -199.053504 -201.132118 -203.106900 -204.851014 -206.675158 -208.547298 -209.927296 -211.522055 -213.297847 -215.123112 -216.764512 -218.294317 -220.018315 -221.237688 -222.337750 -223.704838 -224.727965 -225.874523 -227.067074 -228.180121 -229.133315 -230.225561 -231.118280 -231.997600 -233.110813 -234.026006 -234.932514 -235.883211 -236.653727 -237.547671 -238.342297 -239.093462 -239.679012 -240.376735 -241.055839 -241.739998 -242.524911 -243.247630 -243.945800 -244.562608 -245.244039 -246.016393 -246.730550 -247.578032 -248.255730 -249.024353 -250.425750 -251.211509 -252.067599 -253.588664 -254.668061 -256.023089 -258.067141 -259.303456 -260.727381 -261.797864 -262.850162 -263.979978 -264.878259 -265.874133 -266.807086 -267.603410 -268.214895 -268.827654 -269.602199 -270.131067 -270.743324 -271.375327 -271.931437 -272.677102 -273.184619 -273.598949 -274.153052 -274.623680
0.000013 0.002411 0.003570 0.004726 0.005811 0.006958 0.008311 0.009516 0.010686 0.011783 0.012840 0.013868 0.014901 0.015872 0.016824 0.017787 0.018741 0.019895 0.020864 0.021823 0.022765 0.023758 0.024803 0.025949 0.027178 0.028513 0.029950 0.031458 0.033065 0.034821 0.036431 0.037937 0.039373 0.040679 0.041895 0.043024 0.044081 0.045126 0.046198 0.047084 0.047924 0.048751 0.049598 0.050440 0.051274 0.052105 0.052929 0.053782 0.054604 0.055438 0.056255 0.057088 0.057939 0.058763 0.059603 0.060414 0.061248 0.062091 0.062911 0.063802 0.064686 0.065535 0.066400 0.068437 0.069430 0.070304 0.071117 0.071917 0.072717 0.073573 0.074553 0.075543 0.076615 0.077829 0.080172 0.081644 0.084363 0.085781 0.087604 0.089057 0.090318 0.091491 0.092652 0.093862 0.095189 0.096412 0.097532 0.098670 0.099894 0.100951 0.102125 0.103350 0.104591 0.105976 0.107414 0.108904 0.110141 0.111276 0.112355 0.113384 0.114338 0.115252 0.116104 0.116892 0.117716 0.118550 0.119401 0.120214 0.121000 0.121800 0.122667 0.123588 0.124631 0.125688 0.126956 0.128187 0.129269 0.130248 0.131132 0.132012 0.132815 0.133601 0.134417 0.135203 0.136015 0.136811 0.137619 0.138567 0.139385 0.140188 0.140971 0.141755 0.142590 0.143418 0.144220 0.145075 0.146050 0.147039 0.148171 0.149379 0.150656 0.151737 0.152752 0.153691 0.154694 0.155535 0.156341 0.157122 0.157912 0.158885 0.159728
Elapsed_time: 0.159728
Score: -274.623680
151
962.614825 613.115547 295.890788 241.842963 209.691402 172.413402 153.114056 130.923707 109.107972 89.337719 72.050478 56.509451 40.129250 28.375009 18.168638 8.019728 -1.242910 -9.433967 -17.397655 -23.962423 -30.232333 -37.206462 -44.144282 -50.418881 -56.831533 -64.040240 -70.646308 -76.061325 -80.198757 -84.296921 -88.814099 -93.158729 -97.545471 -101.795336 -105.779891 -109.457696 -113.034680 -116.380865 -119.129940 -122.162768 -124.810288 -127.438307 -129.804504 -132.090062 -134.994971 -138.075300 -140.878209 -143.089831 -145.701893 -148.137540 -150.657325 -152.573275 -154.510343 -156.626572 -158.697075 -160.610748 -162.402990 -164.250931 -166.163173 -167.758675 -169.085059 -170.230615 -171.399475 -172.347780 -173.407703 -174.682478 -175.903067 -177.316560 -178.522806 -179.986847 -181.551538 -182.761679 -184.110412 -185.724715 -186.972868 -188.149430 -189.779316 -190.920868 -192.037394 -193.950975 -195.163767 -196.315267 -198.104932 -199.573384 -201.225434 -202.938285 -204.901017 -206.765491 -208.747356 -211.117236 -212.951560 -214.673174 -216.462448 -217.919025 -219.397486 -220.796126 -222.135352 -223.589454 -225.084351 -226.574193 -228.025646 -229.235547 -230.341950 -231.451290 -232.205290 -232.924719 -233.531278 -234.073975 -234.745043 -235.358009 -235.912182 -236.470266 -237.037182 -237.546851 -238.048118 -238.482217 -238.994329 -239.422894 -239.871720 -240.330344 -240.855947 -241.304183 -241.770865 -242.204734 -242.638113 -243.232912 -243.771107 -244.252817 -245.006383 -245.458539 -246.030989 -246.906843 -247.362037 -247.748326 -248.536475 -249.029196 -249.747951 -250.427622 -251.155985 -251.616361 -252.401584 -252.861962 -253.608927 -254.139850 -254.656703 -255.291584 -256.002412 -256.387496 -256.932043 -257.293909 -257.728221
0.000016 0.003287 0.004832 0.006234 0.007637 0.009072 0.010493 0.011769 0.013856 0.014992 0.016126 0.017678 0.018795 0.019808 0.020807 0.021772 0.022877 0.023959 0.024983 0.025918 0.026843 0.027775 0.029485 0.030472 0.031448 0.032550 0.033799 0.035071 0.036357 0.037669 0.038836 0.039944 0.040967 0.041933 0.042863 0.043886 0.044882 0.045741 0.046629 0.047572 0.048620 0.049732 0.050913 0.052129 0.053495 0.054860 0.055982 0.057140 0.058302 0.059472 0.060630 0.061834 0.063087 0.064212 0.065351 0.066416 0.067445 0.068402 0.069324 0.070182 0.071060 0.071891 0.072872 0.073707 0.074558 0.075363 0.076164 0.077113 0.078076 0.079032 0.080029 0.081156 0.082346 0.083630 0.084906 0.086392 0.087727 0.088916 0.090229 0.091515 0.092808 0.094159 0.095398 0.096525 0.097626 0.098649 0.099596 0.100515 0.101391 0.102186 0.103021 0.103881 0.104712 0.105515 0.106324 0.107199 0.108141 0.109171 0.110296 0.111478 0.112667 0.113957 0.115096 0.116239 0.117455 0.118614 0.119768 0.120804 0.121774 0.122692 0.123670 0.124537 0.125416 0.126326 0.127798 0.129056 0.130005 0.130923 0.131895 0.132722 0.133574 0.134418 0.135210 0.136000 0.136981 0.138065 0.139063 0.140110 0.141273 0.142551 0.143845 0.145141 0.146410 0.147664 0.148932 0.150228 0.151466 0.152801 0.154021 0.155190 0.156353 0.157614 0.158849 0.160055 0.161270 0.162453 0.163779 0.165031 0.166207 0.167413 0.168607
Elapsed_time: 0.168607
Score: -257.728221
151
954.555826 604.936533 281.375452 226.238632 196.135667 165.290590 149.251487 130.977851 109.415122 90.142785 74.902104 61.473600 51.410057 43.271914 34.364018 28.649807 22.093038 13.338797 5.476869 -1.822604 -8.239507 -15.336705 -21.144940 -26.455821 -31.167432 -37.552089 -42.482324 -48.257615 -52.974568 -58.481032 -63.283187 -68.356545 -72.518812 -76.541384 -80.816084 -84.963075 -88.512675 -91.823310 -94.757566 -97.852220 -101.165231 -103.894219 -106.551569 -110.606925 -113.648568 -116.931569 -120.969908 -124.044605 -128.484296 -133.569606 -137.803525 -140.405060 -144.404398 -147.116199 -150.564014 -153.028297 -155.937137 -158.586460 -161.401739 -163.233025 -165.115695 -166.712788 -168.664259 -170.837459 -172.543158 -174.715513 -176.560903 -178.130720 -179.736787 -181.470868 -183.059078 -184.538815 -185.892040 -187.232612 -188.582801 -189.970227 -191.273936 -192.595576 -193.996476 -195.177259 -196.319911 -197.653623 -198.635272 -199.745606 -201.437024 -202.219857 -203.199443 -204.484432 -205.504490 -206.923920 -208.596968 -209.726946 -211.048295 -212.399486 -213.869723 -215.806761 -217.074466 -218.456349 -220.398503 -222.026084 -223.856976 -226.074274 -227.909863 -229.431218 -231.261171 -232.807332 -234.470271 -236.282232 -237.852113 -239.407988 -240.746665 -241.906635 -242.926485 -243.926115 -245.354844 -246.478594 -247.672708 -249.074454 -250.025949 -251.003453 -252.232090 -253.173723 -254.160016 -255.595300 -256.635943 -257.654347 -259.131167 -260.196361 -261.386322 -262.434460 -263.452342 -264.467799 -265.512467 -266.535510 -267.577091 -268.611515 -269.689052 -270.728287 -271.487272 -272.178139 -272.877079 -273.345845 -273.901108 -274.535498 -275.040855 -275.562864 -276.284320 -276.789336 -277.245280 -277.977736 -278.319103
0.000018 0.003642 0.005344 0.007713 0.009901 0.013326 0.017321 0.019019 0.020513 0.021858 0.023093 0.024313 0.025868 0.027112 0.028174 0.029310 0.030582 0.032055 0.033762 0.035438 0.037009 0.038493 0.040096 0.041625 0.043204 0.044726 0.046187 0.047671 0.049071 0.050506 0.051904 0.053355 0.054762 0.056108 0.057562 0.058985 0.060336 0.061772 0.063247 0.064513 0.065804 0.067179 0.068629 0.069969 0.071291 0.072572 0.073854 0.075106 0.076249 0.077368 0.078596 0.079937 0.081215 0.082397 0.083685 0.084878 0.086035 0.087480 0.088743 0.090024 0.091270 0.092439 0.093542 0.094646 0.095679 0.096813 0.098049 0.099412 0.100658 0.101967 0.103726 0.104872 0.106040 0.107345 0.108658 0.109924 0.111175 0.112433 0.113727 0.115012 0.116234 0.117707 0.119070 0.120302 0.121526 0.122926 0.124099 0.125247 0.126470 0.127732 0.128956 0.130279 0.131511 0.132733 0.133927 0.135242 0.136485 0.137687 0.138915 0.140135 0.141353 0.142727 0.143912 0.145079 0.146331 0.147573 0.148784 0.150052 0.151304 0.152548 0.153792 0.155088 0.156314 0.157587 0.158942 0.160169 0.161382 0.162612 0.163881 0.165283 0.166590 0.167859 0.169335 0.170900 0.172312 0.174011 0.175457 0.176955 0.178312 0.179653 0.181383 0.183166 0.184458 0.185746 0.187179 0.188414 0.189678 0.190809 0.191833 0.192806 0.193812 0.194664 0.195452 0.196236 0.197278 0.198111 0.198940 0.200018 0.200795 0.201750 0.202714
Elapsed_time: 0.202714
Score: -278.319103
151
992.652372 628.826339 288.631167 230.269164 198.321347 160.020240 140.178659 114.544132 92.386910 66.957360 46.104679 30.997951 11.779876 -1.062017 -11.323978 -19.942211 -28.839131 -37.767032 -46.055999 -53.868682 -60.741064 -66.719749 -72.328646 -77.574409 -81.214447 -84.389594 -87.802945 -90.919485 -94.214446 -97.621053 -100.995250 -104.437003 -107.700696 -110.644071 -112.853990 -114.998123 -117.115306 -119.197398 -121.799667 -124.211063 -126.313761 -128.944237 -130.986028 -132.891566 -136.636895 -138.431956 -140.624290 -142.517242 -144.285298 -146.503109 -148.610696 -150.179119 -152.133730 -153.477941 -154.989795 -156.679508 -157.893131 -159.564752 -161.412313 -163.457232 -165.288140 -167.088608 -168.802591 -170.394919 -171.919554 -173.571157 -175.416369 -177.010545 -178.496260 -180.673198 -182.495874 -184.358502 -186.750086 -188.319360 -189.788660 -191.799922 -193.084131 -194.609852 -196.104321 -197.440926 -198.766713 -200.339522 -201.705109 -202.897272 -204.575832 -205.667780 -206.830327 -207.950992 -208.861660 -210.050970 -211.268699 -212.437242 -213.588696 -214.914440 -216.372831 -217.753459 -218.953273 -220.295248 -221.743843 -223.349363 -224.570473 -225.864908 -227.339358 -228.614480 -230.030667 -232.145299 -233.598123 -235.123010 -237.577675 -239.149268 -240.791319 -242.836740 -244.244361 -245.858901 -247.356797 -248.844404 -250.223543 -251.655515 -253.048486 -254.347568 -255.548727 -256.788401 -258.372425 -259.636747 -260.780066 -261.955103 -262.805126 -263.870936 -264.967852 -266.004519 -266.980039 -267.990164 -268.982052 -269.835348 -270.627564 -271.575259 -272.314784 -272.980133 -273.976826 -274.647899 -275.380846 -276.323530 -276.918615 -277.555246 -278.581322 -279.231317 -279.728720 -280.803574 -281.420747 -282.169705 -283.167282
0.000023 0.003825 0.005815 0.009216 0.011321 0.013653 0.015711 0.017335 0.018859 0.020176 0.021384 0.022489 0.023485 0.024421 0.025341 0.026296 0.027202 0.028088 0.029085 0.030299 0.031308 0.032272 0.033155 0.034094 0.034978 0.035862 0.036848 0.037758 0.038854 0.039721 0.040656 0.041668 0.042772 0.043749 0.044753 0.045607 0.046489 0.047405 0.048244 0.049124 0.049964 0.050896 0.051874 0.052854 0.053697 0.054551 0.055367 0.056192 0.057025 0.057838 0.058696 0.059566 0.060393 0.061227 0.062554 0.063405 0.064213 0.065023 0.065868 0.066781 0.067655 0.068500 0.069590 0.070495 0.071329 0.072188 0.073028 0.073856 0.074746 0.075559 0.076363 0.077181 0.078036 0.078846 0.079660 0.080484 0.081299 0.082177 0.083015 0.083822 0.084617 0.085560 0.086586 0.087400 0.088363 0.089238 0.090149 0.090974 0.091785 0.092586 0.093396 0.094220 0.095010 0.095811 0.096613 0.097429 0.098285 0.099162 0.099991 0.101027 0.101851 0.102687 0.103499 0.104367 0.105196 0.105985 0.106861 0.107738 0.108736 0.109574 0.110428 0.111210 0.111990 0.112781 0.113574 0.114430 0.115306 0.116244 0.117239 0.118561 0.119717 0.120803 0.121792 0.122814 0.123693 0.124558 0.125356 0.126188 0.126968 0.127780 0.128608 0.129401 0.130250 0.131028 0.131804 0.132611 0.133460 0.134384 0.135391 0.136408 0.137503 0.138819 0.140027 0.141202 0.142416 0.143597 0.144781 0.145925 0.147082 0.148221 0.149396
Elapsed_time: 0.149396
Score: -283.167282
151
1039.903796 663.924395 293.542566 231.003887 198.184227 162.781166 153.796928 127.736229 112.798666 93.127578 76.307091 67.356028 55.557496 47.844284 40.717748 33.391256 24.873333 15.940957 5.499343 -5.396723 -15.253127 -23.498524 -31.945225 -38.691115 -45.010288 -51.389860 -58.494406 -64.544387 -69.869502 -75.009132 -81.120652 -86.187841 -90.636894 -95.837320 -101.533808 -106.970445 -111.972113 -116.339598 -120.071079 -123.552159 -127.188435 -129.789186 -132.168586 -134.795904 -137.004425 -139.393594 -142.036985 -144.962712 -147.583730 -150.225765 -153.636198 -157.259183 -161.196374 -165.275517 -168.500889 -171.732650 -175.430120 -179.352756 -183.229078 -187.205987 -190.807598 -194.075999 -196.702729 -199.545203 -201.949584 -204.213637 -206.446033 -208.516032 -210.476582 -212.361217 -213.973161 -215.209297 -216.391297 -217.604244 -218.722936 -219.860493 -221.051508 -221.979622 -222.914448 -224.038071 -224.834427 -225.601290 -226.525862 -227.266703 -228.219376 -229.260306 -230.208892 -231.097020 -232.114337 -233.006321 -233.782718 -234.804721 -235.557715 -236.419912 -237.345939 -238.163623 -239.224429 -240.199300 -241.093914 -241.966153 -242.775891 -243.580434 -244.467509 -245.147419 -245.794522 -246.662495 -247.294207 -247.969741 -248.866079 -249.454919 -250.099928 -250.969970 -251.542265 -252.145492 -252.960367 -253.472561 -254.060622 -254.814673 -255.413720 -256.053064 -256.902557 -257.485157 -258.158431 -259.086218 -259.801338 -260.601107 -261.495848 -262.333695 -263.227092 -264.091361 -265.132533 -265.935799 -266.867472 -267.739764 -268.440591 -269.021962 -269.798285 -270.424840 -270.997040 -271.765749 -272.317019 -273.074881 -273.978023 -274.762844 -275.353137 -276.170171 -276.710492 -277.263018 -278.215948 -278.735606 -279.375926
0.000018 0.003510 0.005157 0.006866 0.009415 0.011507 0.013275 0.015010 0.016795 0.018780 0.021118 0.023157 0.024750 0.026170 0.027707 0.028947 0.030210 0.031572 0.033049 0.034705 0.036285 0.037817 0.039479 0.041029 0.042513 0.044111 0.045641 0.047041 0.048630 0.050121 0.051631 0.053004 0.054480 0.055930 0.057346 0.058751 0.060184 0.062401 0.063833 0.065654 0.067240 0.068834 0.070382 0.071892 0.073350 0.074859 0.076124 0.077531 0.078895 0.079958 0.081043 0.082257 0.083607 0.084986 0.086296 0.087641 0.089011 0.090307 0.091681 0.093005 0.094294 0.095609 0.096760 0.097999 0.099010 0.100057 0.101184 0.102371 0.103728 0.104948 0.106175 0.107457 0.108712 0.109943 0.111179 0.112405 0.113642 0.114944 0.116166 0.117429 0.118507 0.119581 0.120651 0.121830 0.123121 0.124404 0.125669 0.126884 0.128351 0.129621 0.130837 0.132109 0.133413 0.134653 0.135879 0.137092 0.138295 0.139526 0.140717 0.141932 0.143149 0.144335 0.145494 0.146646 0.148004 0.149194 0.150353 0.151529 0.152699 0.153874 0.155840 0.157032 0.158236 0.159493 0.160633 0.161789 0.163112 0.164312 0.165519 0.166656 0.168121 0.169224 0.170354 0.171897 0.173070 0.174275 0.175457 0.176631 0.177839 0.179029 0.180175 0.181358 0.182491 0.183674 0.184822 0.185987 0.187484 0.188601 0.189557 0.190618 0.191782 0.192924 0.194077 0.195074 0.196017 0.196919 0.197907 0.198702 0.199496 0.200288 0.201094
Elapsed_time: 0.201094
Score: -279.375926
