5
141
370.388334 281.089748 249.392645 218.635773 191.841244 165.354537 127.388130 86.501058 50.471405 20.528381 1.632789 -11.045456 -20.582447 -27.026698 -32.049361 -37.092599 -42.165255 -47.809307 -54.923558 -63.090764 -71.012211 -77.406581 -82.469058 -85.753371 -88.069741 -89.903731 -91.276242 -92.649686 -93.730489 -94.596237 -95.426087 -96.332462 -97.067803 -97.677107 -98.184067 -98.583505 -98.884148 -99.171405 -99.372758 -99.567131 -99.823239 -100.041235 -100.284648 -100.519041 -100.717312 -100.923440 -101.129845 -101.309414 -101.448718 -101.606088 -101.734656 -101.853709 -101.970192 -102.045985 -102.123442 -102.181697 -102.225292 -102.266498 -102.303682 -102.326826 -102.345563 -102.368044 -102.379794 -102.391709 -102.408376 -102.416761 -102.427793 -102.435150 -102.441787 -102.446811 -102.452601 -102.457539 -102.460971 -102.465158 -102.467310 -102.469496 -102.471191 -102.472087 -102.473371 -102.474174 -102.474823 -102.475509 -102.475926 -102.476343 -102.476677 -102.476956 -102.477271 -102.477533 -102.477723 -102.477930 -102.478099 -102.478317 -102.478444 -102.478576 -102.478704 -102.478869 -102.478944 -102.479042 -102.479123 -102.479218 -102.479275 -102.479331 -102.479372 -102.479428 -102.479459 -102.479489 -102.479518 -102.479553 -102.479569 -102.479593 -102.479611 -102.479634 -102.479650 -102.479665 -102.479681 -102.479700 -102.479712 -102.479724 -102.479735 -102.479749 -102.479757 -102.479768 -102.479776 -102.479788 -102.479797 -102.479804 -102.479814 -102.479822 -102.479826 -102.479833 -102.479837 -102.479842 -102.479848 -102.479851 -102.479855 -102.479862 -102.479864 -102.479868 -102.479869 -102.479873 -102.479875
0.205060 0.223229 0.231846 0.241749 0.250277 0.258770 0.267486 0.277612 0.287881 0.296023 0.304076 0.312062 0.319984 0.327891 0.335906 0.343900 0.352830 0.360985 0.368851 0.377100 0.385041 0.393842 0.401918 0.409629 0.417406 0.425100 0.432867 0.440601 0.448296 0.456066 0.464307 0.472834 0.482761 0.493584 0.502006 0.509789 0.519076 0.527599 0.535368 0.543112 0.550928 0.558634 0.567171 0.574860 0.582655 0.590406 0.598050 0.606431 0.615061 0.622805 0.631094 0.639158 0.647460 0.655492 0.663317 0.671045 0.678775 0.686477 0.694818 0.703690 0.711515 0.719311 0.727035 0.735721 0.744263 0.752077 0.759916 0.767676 0.775517 0.783404 0.791610 0.799318 0.807029 0.814766 0.822956 0.831497 0.839197 0.847083 0.855557 0.865233 0.872843 0.880439 0.888133 0.895823 0.905425 0.913871 0.921557 0.929347 0.937054 0.944702 0.952391 0.961087 0.970939 0.978659 0.986381 0.996081 1.003773 1.011401 1.019080 1.026775 1.034450 1.042226 1.050074 1.059038 1.068394 1.076136 1.084134 1.094458 1.102404 1.110609 1.118504 1.126571 1.134357 1.142143 1.149803 1.157475 1.165197 1.172827 1.181277 1.188915 1.196526 1.204121 1.213175 1.221101 1.228797 1.236534 1.244236 1.252099 1.259702 1.267719 1.275408 1.283009 1.290662 1.298260 1.305915 1.313499 1.321092 1.328696 1.336637 1.344256 1.353806
Elapsed_time: 1.353806
Score: -102.479875
151
353.955164 268.173758 235.843186 206.845036 180.486723 154.488952 117.297774 76.184624 42.167452 17.647446 2.574132 -10.347465 -19.431155 -25.891163 -30.816029 -35.983152 -40.961368 -45.817740 -51.515577 -57.381156 -64.618051 -72.088022 -78.128893 -82.599886 -86.342206 -88.734388 -90.449274 -91.791753 -92.776340 -93.724934 -94.713837 -95.492608 -96.161059 -96.833911 -97.220336 -97.583768 -97.898829 -98.184990 -98.490505 -98.786812 -99.005202 -99.300132 -99.483415 -99.796428 -100.049111 -100.246842 -100.526972 -100.786586 -100.968632 -101.103277 -101.262950 -101.386291 -101.491773 -101.586416 -101.658510 -101.768239 -101.843621 -101.888987 -101.922755 -101.973244 -101.997489 -102.031023 -102.051043 -102.067919 -102.090888 -102.110506 -102.129448 -102.144373 -102.158624 -102.171928 -102.185427 -102.194095 -102.203602 -102.211351 -102.219629 -102.223794 -102.228469 -102.233128 -102.238691 -102.242599 -102.246506 -102.251591 -102.257033 -102.261624 -102.265988 -102.271086 -102.275440 -102.278840 -102.283459 -102.287312 -102.293247 -102.298003 -102.303202 -102.309346 -102.315171 -102.321605 -102.329140 -102.336141 -102.347450 -102.376179 -102.398097 -102.422057 -102.435151 -102.446551 -102.456483 -102.462644 -102.467917 -102.471933 -102.474340 -102.477348 -102.477779 -102.481519 -102.482628 -102.484411 -102.486460 -102.487861 -102.489457 -102.490259 -102.491193 -102.491922 -102.492981 -102.493688 -102.494449 -102.495074 -102.495644 -102.496404 -102.496845 -102.497447 -102.498159 -102.498876 -102.499230 -102.499911 -102.500192 -102.500564 -102.500782 -102.501022 -102.501192 -102.501435 -102.501537 -102.501649 -102.501771 -102.501888 -102.501949 -102.502025 -102.502073 -102.502123 -102.502185 -102.502217 -102.502274 -102.502308 -102.502332
0.213983 0.233504 0.242153 0.250550 0.259001 0.267539 0.275993 0.284330 0.292532 0.300684 0.308712 0.316713 0.324646 0.332600 0.340797 0.348715 0.357960 0.368761 0.379490 0.388360 0.398341 0.407292 0.415283 0.423208 0.431403 0.439594 0.447380 0.455962 0.463929 0.472283 0.480686 0.488558 0.497430 0.505203 0.513883 0.521451 0.529040 0.536681 0.544276 0.551880 0.559816 0.568714 0.578053 0.588459 0.599571 0.607338 0.614989 0.622830 0.632186 0.641172 0.649171 0.656975 0.666170 0.674090 0.681731 0.689596 0.697518 0.705254 0.713565 0.721553 0.729364 0.738895 0.746622 0.754191 0.762654 0.770194 0.778080 0.785638 0.793317 0.801027 0.808694 0.816334 0.824624 0.832216 0.839793 0.847426 0.855462 0.864737 0.873250 0.880770 0.888307 0.895849 0.903529 0.911103 0.920859 0.929592 0.937242 0.946819 0.955137 0.965045 0.972804 0.980758 0.990117 0.998132 1.007241 1.015448 1.024448 1.033110 1.042324 1.050401 1.057974 1.065666 1.073442 1.081974 1.089788 1.097294 1.104925 1.112731 1.120639 1.128155 1.135691 1.143641 1.152475 1.159910 1.167602 1.176300 1.184829 1.192375 1.199907 1.215700 1.223573 1.232193 1.241430 1.248937 1.256424 1.263972 1.271460 1.279055 1.288628 1.298295 1.305916 1.313411 1.320934 1.328657 1.336755 1.346855 1.354448 1.363230 1.374143 1.384286 1.392434 1.400792 1.411250 1.421358 1.430728 1.438280 1.445816 1.454025 1.463640 1.473195 1.483404
Elapsed_time: 1.483404
Score: -102.502332
151
382.976404 295.695019 264.053701 232.360898 203.147839 175.603307 135.458649 92.306172 56.056336 28.878441 11.229040 -0.597563 -8.991377 -14.277377 -19.841760 -25.863020 -31.989656 -39.108318 -47.835720 -58.372881 -68.431636 -76.927511 -82.192802 -86.287835 -89.244021 -91.275132 -93.162487 -94.732967 -96.056314 -97.189623 -98.142020 -98.794000 -99.360525 -99.811952 -100.145658 -100.377122 -100.604223 -100.783515 -100.943535 -101.078033 -101.186386 -101.298867 -101.301764 -101.411531 -101.487794 -101.560912 -101.644044 -101.697587 -101.751274 -101.806270 -101.850553 -101.903735 -101.955785 -102.002207 -102.047783 -102.098187 -102.146077 -102.189411 -102.221364 -102.252956 -102.276637 -102.293101 -102.307060 -102.320096 -102.329149 -102.337508 -102.346333 -102.352337 -102.358203 -102.363740 -102.367400 -102.371643 -102.375195 -102.377817 -102.379727 -102.381735 -102.382759 -102.383693 -102.384702 -102.385361 -102.386183 -102.386790 -102.387375 -102.388049 -102.388652 -102.389234 -102.389767 -102.390282 -102.390904 -102.391426 -102.391836 -102.392339 -102.392686 -102.393088 -102.393308 -102.393573 -102.393621 -102.394041 -102.394148 -102.394312 -102.394506 -102.394551 -102.394742 -102.394794 -102.394893 -102.394954 -102.395056 -102.395103 -102.395151 -102.395210 -102.395257 -102.395296 -102.395339 -102.395379 -102.395439 -102.395490 -102.395548 -102.395603 -102.395671 -102.395759 -102.395866 -102.396045 -102.396563 -102.397797 -102.397879 -102.398654 -102.399406 -102.401461 -102.407119 -102.417137 -102.425707 -102.433171 -102.443470 -102.448168 -102.452935 -102.457284 -102.460765 -102.464004 -102.466222 -102.467800 -102.469017 -102.469858 -102.470531 -102.470965 -102.471526 -102.471885 -102.472385 -102.472739 -102.473110 -102.473586 -102.474072
0.208195 0.227309 0.235971 0.244472 0.253106 0.261734 0.270281 0.278726 0.287173 0.295383 0.306001 0.316890 0.327819 0.336956 0.347038 0.357455 0.366137 0.374052 0.381927 0.389721 0.397565 0.405275 0.412971 0.420666 0.428410 0.436096 0.443774 0.451377 0.459025 0.466704 0.474457 0.483944 0.491634 0.499237 0.507147 0.515066 0.524528 0.533200 0.542167 0.549919 0.557665 0.566680 0.574393 0.582899 0.590750 0.601146 0.608823 0.616428 0.624209 0.632860 0.643470 0.653980 0.663874 0.674160 0.683737 0.693694 0.702248 0.711248 0.720477 0.728380 0.736985 0.744867 0.752910 0.760681 0.768343 0.776640 0.784586 0.792452 0.800450 0.808084 0.815925 0.823516 0.832313 0.839919 0.848026 0.858958 0.867405 0.875226 0.883111 0.890970 0.898524 0.906771 0.915082 0.922940 0.930650 0.939593 0.947457 0.955009 0.962575 0.970159 0.977694 0.985324 0.992912 1.001531 1.009552 1.017296 1.025708 1.033672 1.041258 1.048838 1.056524 1.064127 1.071750 1.079416 1.088016 1.097054 1.104674 1.112535 1.120135 1.129038 1.136768 1.144478 1.152548 1.161758 1.170651 1.178304 1.185963 1.193923 1.201556 1.209160 1.216762 1.224319 1.231938 1.272254 1.288970 1.297133 1.312287 1.319906 1.327555 1.335249 1.342927 1.351106 1.358720 1.375067 1.382914 1.390876 1.399851 1.407855 1.416647 1.424241 1.431873 1.440041 1.448182 1.456931 1.464643 1.472206 1.479831 1.487396 1.494950 1.502488 1.510044
Elapsed_time: 1.510044
Score: -102.474072
151
336.735080 249.134730 218.590918 191.516675 166.068348 141.405221 102.649441 62.981642 29.862402 10.342216 -2.570365 -11.481238 -17.360548 -21.031165 -24.393884 -27.039156 -29.340878 -32.126972 -35.477237 -40.030561 -45.479377 -51.951197 -57.856826 -63.292085 -68.262957 -71.760222 -74.706675 -77.280788 -79.290628 -81.170975 -82.959581 -84.763045 -86.446455 -88.038251 -89.572764 -90.845233 -92.062456 -93.356437 -93.867046 -94.632434 -95.547442 -96.213309 -96.982274 -97.609929 -98.168406 -98.634622 -99.104632 -99.560578 -99.959000 -100.310385 -100.560134 -100.776636 -100.956257 -101.092574 -101.242583 -101.369434 -101.474549 -101.568445 -101.645133 -101.705684 -101.763339 -101.823182 -101.878497 -101.919978 -101.980301 -102.019087 -102.064495 -102.099578 -102.121483 -102.152532 -102.178512 -102.192740 -102.212648 -102.222898 -102.234210 -102.242116 -102.247754 -102.253375 -102.260428 -102.263244 -102.268518 -102.271210 -102.276065 -102.279404 -102.282570 -102.288574 -102.291709 -102.297179 -102.302400 -102.309450 -102.315083 -102.322012 -102.329092 -102.334426 -102.340038 -102.349354 -102.354232 -102.360430 -102.367804 -102.375363 -102.380521 -102.386419 -102.392312 -102.398938 -102.404979 -102.409616 -102.415250 -102.421295 -102.428098 -102.435618 -102.441354 -102.450579 -102.461916 -102.472250 -102.478570 -102.482436 -102.486650 -102.488703 -102.490472 -102.491816 -102.493001 -102.493566 -102.495186 -102.495623 -102.496315 -102.497078 -102.497850 -102.498341 -102.498854 -102.499197 -102.499521 -102.499990 -102.500237 -102.500440 -102.500798 -102.500961 -102.501241 -102.501368 -102.501533 -102.501636 -102.501728 -102.501830 -102.501962 -102.502028 -102.502110 -102.502158 -102.502233 -102.502272 -102.502305 -102.502350 -102.502388
0.214336 0.233344 0.241961 0.250458 0.259159 0.268691 0.277292 0.285785 0.294001 0.303346 0.311375 0.319503 0.327452 0.336430 0.344899 0.356481 0.367098 0.375015 0.382962 0.391147 0.399959 0.408042 0.416153 0.424445 0.432225 0.440021 0.447779 0.455525 0.463242 0.471033 0.478783 0.486502 0.494192 0.502279 0.510075 0.518403 0.528661 0.538819 0.548135 0.555818 0.563529 0.571321 0.578945 0.586751 0.594465 0.603272 0.612631 0.620886 0.628634 0.637583 0.645726 0.654364 0.665391 0.675296 0.682940 0.690588 0.698212 0.705827 0.713516 0.721916 0.729680 0.738637 0.746388 0.754048 0.761615 0.769225 0.776799 0.784394 0.791980 0.799617 0.807208 0.814792 0.822373 0.830093 0.838101 0.845752 0.853445 0.861117 0.868820 0.876467 0.884071 0.891734 0.899437 0.907045 0.916216 0.924372 0.939477 0.947065 0.955093 0.962882 0.972985 0.983741 0.994407 1.004573 1.015030 1.025222 1.033017 1.040774 1.050538 1.060123 1.069529 1.077193 1.085983 1.094342 1.101973 1.109651 1.119160 1.127102 1.136645 1.144720 1.160153 1.167931 1.175486 1.183050 1.190685 1.198260 1.205775 1.213366 1.220983 1.230719 1.241600 1.252499 1.261967 1.269568 1.277316 1.285295 1.296081 1.306808 1.315421 1.324557 1.334315 1.343553 1.351624 1.359239 1.366915 1.374557 1.382466 1.390177 1.397809 1.405728 1.414046 1.421667 1.430743 1.438736 1.446554 1.454219 1.462271 1.470769 1.478845 1.487553 1.495317
Elapsed_time: 1.495317
Score: -102.502388
141
368.723867 282.768405 250.387509 219.598745 195.890293 170.974175 136.141931 99.238564 61.981846 33.038923 18.403343 9.309047 1.926709 -2.140376 -5.188225 -7.775908 -10.380140 -13.677914 -17.328367 -22.308945 -27.956204 -34.738758 -42.312057 -49.351641 -55.703426 -62.770508 -68.610952 -73.366529 -76.402063 -80.015543 -82.628665 -85.242073 -87.760295 -89.651408 -91.898396 -93.599528 -94.669345 -95.380440 -96.120203 -96.929565 -97.489758 -98.001768 -98.504303 -98.891429 -99.329372 -99.727680 -100.040112 -100.325208 -100.632635 -100.841316 -101.019864 -101.234177 -101.378352 -101.536491 -101.688425 -101.780062 -101.870857 -101.968827 -102.025665 -102.078612 -102.155760 -102.191816 -102.229531 -102.280009 -102.304267 -102.332206 -102.360044 -102.381405 -102.392839 -102.415411 -102.420862 -102.433297 -102.440330 -102.446723 -102.455520 -102.459206 -102.465171 -102.468523 -102.472566 -102.474459 -102.476809 -102.478757 -102.480534 -102.483687 -102.485379 -102.487003 -102.488442 -102.489915 -102.491463 -102.492953 -102.494052 -102.494977 -102.495997 -102.497020 -102.497666 -102.498349 -102.498478 -102.499379 -102.499585 -102.499880 -102.500250 -102.500541 -102.500752 -102.500951 -102.501132 -102.501354 -102.501510 -102.501655 -102.501805 -102.501898 -102.502031 -102.502080 -102.502153 -102.502179 -102.502270 -102.502299 -102.502333 -102.502379 -102.502401 -102.502423 -102.502440 -102.502460 -102.502475 -102.502486 -102.502496 -102.502504 -102.502511 -102.502523 -102.502527 -102.502533 -102.502538 -102.502544 -102.502547 -102.502551 -102.502553 -102.502557 -102.502559 -102.502561 -102.502563 -102.502566 -102.502567
0.208403 0.226508 0.235545 0.244044 0.252514 0.260981 0.269324 0.277675 0.285902 0.294046 0.302126 0.310110 0.318073 0.326025 0.333929 0.341793 0.349688 0.357677 0.365700 0.373604 0.381441 0.389304 0.397151 0.405004 0.412871 0.421029 0.429007 0.436924 0.445265 0.453864 0.462396 0.471866 0.480667 0.490675 0.498562 0.506276 0.513959 0.522379 0.530060 0.537807 0.545469 0.553127 0.560791 0.568504 0.576208 0.585067 0.593242 0.600874 0.608563 0.617628 0.625455 0.633085 0.640710 0.648409 0.656066 0.663742 0.671342 0.679191 0.688948 0.698114 0.707360 0.715557 0.723461 0.731108 0.739927 0.747691 0.755441 0.763212 0.770939 0.778679 0.786394 0.794147 0.801836 0.809436 0.817099 0.833295 0.841035 0.848717 0.856322 0.864045 0.871714 0.879336 0.887064 0.894642 0.912769 0.920584 0.928379 0.936536 0.945486 0.953515 0.961155 0.968793 0.976398 0.984053 0.991647 0.999243 1.006933 1.014862 1.022552 1.032657 1.041451 1.049072 1.056976 1.065508 1.075498 1.083211 1.090868 1.098600 1.106262 1.113945 1.121621 1.129553 1.137449 1.145250 1.152954 1.160660 1.168328 1.175945 1.191408 1.200505 1.209382 1.217194 1.225341 1.234935 1.243745 1.251985 1.260919 1.269249 1.278240 1.285916 1.293714 1.301312 1.309033 1.316811 1.324927 1.332548 1.340378 1.348397 1.356027 1.363823 1.371591
Elapsed_time: 1.371591
Score: -102.502567
