5
151
71.802659 53.413917 45.991377 39.169168 33.715743 29.939084 25.597634 21.877741 17.531116 13.744450 10.368858 6.250919 3.899983 0.538295 -1.949910 -5.827899 -8.063820 -11.170947 -13.313364 -16.008115 -17.974077 -20.340858 -22.418901 -24.303706 -26.404081 -28.143628 -30.315662 -31.787146 -34.033445 -35.808790 -37.506216 -39.436445 -41.202590 -42.906267 -44.336186 -45.962804 -47.191094 -48.908609 -50.300187 -51.603577 -52.969489 -54.446171 -55.643545 -57.180844 -58.283211 -60.041325 -61.271090 -62.864234 -64.054221 -65.634771 -66.610882 -68.157544 -69.078409 -70.489005 -71.606257 -73.131315 -73.456758 -75.296266 -75.673041 -77.194559 -77.509696 -79.171301 -79.701204 -81.261829 -82.022307 -83.592217 -84.141087 -85.593094 -86.159240 -87.590145 -87.968311 -89.505832 -89.962099 -91.118335 -91.885051 -93.014822 -93.593631 -94.848696 -95.404508 -96.711595 -97.108084 -98.351421 -98.811173 -99.823063 -100.418774 -101.465912 -102.114417 -103.094703 -103.683361 -104.665130 -105.167920 -106.097683 -106.590830 -107.564508 -107.998654 -108.970861 -109.448465 -110.289370 -110.756823 -111.574411 -112.058573 -112.883846 -113.364137 -114.181171 -114.662161 -115.426369 -115.925369 -116.713149 -117.182393 -117.933940 -118.380402 -119.103298 -119.543595 -120.297365 -120.758681 -121.514363 -121.960588 -122.721877 -123.186074 -123.920296 -124.411779 -125.121560 -125.633593 -126.318965 -126.850535 -127.508402 -128.059889 -128.695260 -129.258383 -129.875085 -130.427140 -131.036297 -131.583315 -132.157215 -132.688938 -133.216476 -133.713417 -134.188241 -134.629320 -135.043483 -135.419199 -135.761216 -136.067412 -136.338309 -136.573178 -136.774609 -136.945457 -137.086988 -137.199705 -137.283949 -137.339968
0.033878 0.037560 0.038594 0.039597 0.040610 0.041631 0.042657 0.043685 0.044686 0.045723 0.046730 0.047739 0.048773 0.049788 0.050797 0.051798 0.052796 0.053812 0.054822 0.055832 0.056834 0.057841 0.058861 0.059870 0.060888 0.061898 0.062900 0.063932 0.064931 0.065939 0.066954 0.067956 0.068960 0.069970 0.071101 0.072153 0.073188 0.074255 0.075291 0.076297 0.077450 0.078460 0.079531 0.080561 0.081691 0.082687 0.083681 0.084700 0.085702 0.086704 0.087698 0.088694 0.090109 0.091251 0.092473 0.093598 0.094950 0.096131 0.097216 0.098237 0.099243 0.100275 0.101282 0.102445 0.103509 0.104532 0.105581 0.106613 0.107620 0.108619 0.109615 0.110631 0.111623 0.112643 0.113644 0.114638 0.115635 0.116633 0.117633 0.118633 0.119692 0.120697 0.121688 0.122779 0.123798 0.124796 0.125802 0.126806 0.127831 0.128874 0.129882 0.130923 0.132033 0.133139 0.134231 0.135368 0.136488 0.137596 0.138945 0.140088 0.141259 0.142375 0.143376 0.144381 0.145371 0.146382 0.147382 0.148487 0.149477 0.150471 0.151724 0.152838 0.154013 0.155078 0.156075 0.157095 0.158096 0.159116 0.160129 0.161587 0.162667 0.164261 0.165487 0.166496 0.167722 0.168775 0.169831 0.170837 0.172969 0.174280 0.176123 0.177213 0.178912 0.179964 0.181033 0.182102 0.183131 0.184137 0.185143 0.186238 0.187416 0.188428 0.189426 0.190426 0.191449 0.192464 0.193461 0.194463 0.195462 0.196494 0.197507
Elapsed_time: 0.197507
Score: -137.339968
151
78.847052 53.012635 40.834251 36.304405 27.185771 25.355300 19.560023 17.590659 11.926117 9.834313 4.862170 3.341388 -0.831210 -2.021220 -6.006977 -6.678721 -10.715751 -11.242243 -14.919480 -15.175461 -18.811972 -18.987375 -22.743089 -22.535462 -25.977181 -25.666054 -28.514938 -28.423331 -31.581685 -31.539025 -34.922495 -34.831605 -38.045446 -37.985004 -40.864956 -40.770717 -43.561362 -43.351273 -46.078772 -45.765878 -48.346279 -47.974888 -50.575801 -50.443834 -52.943165 -52.832050 -55.362325 -55.178024 -57.391374 -57.293016 -59.427359 -59.470099 -61.514746 -61.697646 -63.500422 -63.529096 -65.275460 -65.257853 -67.073833 -66.983638 -68.816961 -68.788653 -70.521670 -70.400303 -72.153393 -72.002322 -73.805546 -73.691157 -75.568954 -75.388556 -77.272968 -77.247158 -78.941558 -78.865671 -80.456211 -80.419122 -81.913734 -81.953259 -83.337044 -83.480528 -84.758891 -84.969089 -86.180457 -86.446700 -87.658216 -87.915037 -89.086630 -89.262585 -90.453747 -90.680219 -91.852292 -92.084176 -93.248267 -93.564617 -94.646062 -94.989894 -96.031385 -96.433870 -97.450323 -97.958065 -98.985509 -99.451593 -100.471728 -100.957639 -102.026584 -102.424968 -103.443975 -103.853207 -104.890013 -105.342127 -106.365426 -106.930690 -107.890134 -108.459063 -109.418332 -109.982147 -110.935976 -111.582633 -112.519216 -113.130229 -114.097614 -114.767239 -115.697785 -116.394530 -117.281523 -118.018168 -118.821369 -119.560570 -120.350823 -121.096751 -121.842861 -122.560994 -123.272774 -123.950963 -124.603588 -125.222671 -125.801624 -126.343398 -126.843694 -127.308266 -127.730957 -128.113869 -128.453395 -128.753792 -129.017067 -129.244551 -129.437460 -129.597097 -129.724212 -129.819215 -129.882390
0.036717 0.040739 0.041762 0.042775 0.043797 0.044804 0.045829 0.046841 0.047853 0.048866 0.049877 0.050904 0.051906 0.053108 0.054208 0.055261 0.056323 0.057367 0.058440 0.059448 0.060449 0.061471 0.062472 0.063506 0.064525 0.065543 0.066572 0.067587 0.068618 0.069633 0.070644 0.071677 0.072680 0.073714 0.074727 0.075742 0.076964 0.078089 0.079176 0.080219 0.081269 0.082289 0.083453 0.084827 0.086412 0.087846 0.089137 0.090287 0.091362 0.092373 0.093514 0.094559 0.095582 0.096837 0.098038 0.099059 0.100260 0.101287 0.102327 0.103328 0.104330 0.105431 0.106831 0.108198 0.109731 0.111282 0.112846 0.114425 0.115984 0.117506 0.118928 0.120329 0.121805 0.123379 0.124910 0.126411 0.128130 0.129919 0.131441 0.132812 0.134259 0.135964 0.137650 0.139381 0.141015 0.142547 0.144116 0.145690 0.147308 0.148888 0.150426 0.151931 0.153412 0.154925 0.156405 0.158768 0.160331 0.161704 0.162896 0.163961 0.165088 0.166143 0.167855 0.169082 0.170181 0.171413 0.172752 0.174252 0.175670 0.176941 0.180317 0.182396 0.183489 0.184565 0.185728 0.187031 0.188177 0.189195 0.190358 0.191371 0.192657 0.193724 0.194776 0.195792 0.196821 0.197817 0.198839 0.200179 0.201218 0.202250 0.203306 0.204312 0.205440 0.206530 0.207574 0.208576 0.209653 0.210811 0.211868 0.213136 0.214377 0.215930 0.217587 0.219152 0.220522 0.221779 0.222927 0.224072 0.225420 0.226935 0.228383
Elapsed_time: 0.228383
Score: -129.882390
151
55.204398 41.226486 36.616768 32.617707 28.849740 26.007487 22.716865 20.504644 16.400259 14.491227 10.575741 9.347909 5.418200 4.589195 0.777797 0.048867 -3.637257 -4.229706 -7.719003 -8.230725 -11.589050 -12.282465 -15.203518 -16.324459 -19.484084 -20.472003 -23.682099 -24.455190 -27.543873 -28.110987 -31.023498 -31.429438 -34.199076 -34.556680 -37.413270 -37.585703 -40.300091 -40.188646 -42.857217 -42.655595 -45.422362 -45.178225 -47.786075 -47.757445 -50.228652 -50.176878 -52.446861 -52.473288 -54.877342 -54.889556 -57.335929 -57.474657 -60.005102 -60.207059 -62.641584 -63.006466 -65.235002 -65.871874 -67.993498 -68.422956 -70.260928 -70.656266 -72.523274 -72.948741 -74.848596 -75.188821 -77.028414 -77.550537 -79.319830 -80.048173 -81.429800 -82.207324 -83.824788 -84.551472 -85.885093 -86.653943 -87.849723 -88.429310 -89.785846 -90.193661 -91.680202 -91.924074 -93.480388 -93.944827 -95.467534 -96.032783 -97.233256 -97.828824 -99.003039 -99.649152 -100.582784 -101.277060 -102.187462 -102.778748 -103.803177 -104.434490 -105.455803 -106.027615 -107.003093 -107.709722 -108.741752 -109.345354 -110.364596 -110.943172 -111.951492 -112.540734 -113.434723 -114.095904 -115.055655 -115.696457 -116.674338 -117.231097 -118.156445 -118.768159 -119.602454 -120.224576 -121.055137 -121.781154 -122.610411 -123.362448 -124.168448 -124.944037 -125.766651 -126.568908 -127.403894 -128.190682 -128.994732 -129.763044 -130.528595 -131.275436 -132.011047 -132.715775 -133.414937 -134.068447 -134.703766 -135.299271 -135.870103 -136.400211 -136.895701 -137.345756 -137.755452 -138.122111 -138.447254 -138.732650 -138.982206 -139.198296 -139.382319 -139.534908 -139.656490 -139.747391 -139.807854
0.049931 0.055754 0.057087 0.058326 0.059745 0.061418 0.062962 0.064572 0.066124 0.068530 0.070195 0.071993 0.074024 0.075999 0.077954 0.080358 0.082424 0.084376 0.086310 0.088220 0.089919 0.091387 0.092698 0.093808 0.094824 0.095835 0.096848 0.097959 0.098997 0.100061 0.101077 0.102259 0.103484 0.104913 0.106495 0.108032 0.109589 0.111189 0.112539 0.113754 0.114948 0.115952 0.116960 0.117962 0.119023 0.120034 0.121172 0.122183 0.123195 0.124206 0.125206 0.126219 0.127230 0.128246 0.129255 0.130264 0.131281 0.132296 0.133312 0.134447 0.135449 0.136472 0.137483 0.138584 0.139611 0.140674 0.141791 0.142852 0.143883 0.144913 0.145924 0.147117 0.148382 0.149403 0.150402 0.151407 0.152426 0.153435 0.154444 0.155445 0.156557 0.157922 0.159450 0.160856 0.162256 0.163647 0.164878 0.165998 0.167038 0.168086 0.169341 0.170871 0.172130 0.173470 0.174799 0.176380 0.178071 0.179664 0.181143 0.182765 0.184376 0.185951 0.187462 0.188805 0.189993 0.191067 0.192198 0.193251 0.194249 0.195348 0.196839 0.198331 0.199810 0.201360 0.202762 0.204387 0.206110 0.208105 0.209728 0.211375 0.212992 0.214689 0.216293 0.217875 0.219407 0.220875 0.222430 0.223979 0.225619 0.227254 0.228854 0.230431 0.232073 0.233625 0.235179 0.236688 0.238143 0.239834 0.241453 0.243076 0.244713 0.246263 0.247815 0.249462 0.250795 0.252351 0.253957 0.255428 0.256934 0.258436 0.259886
Elapsed_time: 0.259886
Score: -139.807854
151
91.398324 63.873960 45.931344 41.008869 30.183385 26.878683 19.767180 17.031606 11.773692 10.164409 4.915385 3.126122 -0.534972 -2.358759 -5.214818 -7.052582 -9.847141 -11.882562 -14.270656 -16.269398 -18.510011 -20.639681 -22.881115 -24.918428 -26.846718 -28.870968 -30.711584 -32.762977 -34.549685 -36.400057 -37.825751 -39.603786 -41.119842 -42.683736 -44.139351 -45.855547 -47.143469 -48.788542 -50.067737 -51.530896 -52.729826 -54.064694 -55.265986 -56.826167 -58.036580 -59.345895 -60.409481 -61.550365 -62.536342 -63.821184 -64.812083 -66.236494 -67.400752 -68.740058 -69.844091 -71.134242 -71.687711 -73.141036 -73.667261 -74.980787 -75.550936 -76.744717 -77.393930 -78.591898 -79.314893 -80.298515 -81.074108 -82.142267 -82.882049 -83.969845 -84.857758 -85.831187 -86.682395 -87.522373 -88.351252 -89.237653 -90.086178 -90.904815 -91.766380 -92.625027 -93.403376 -94.426922 -95.040347 -95.970625 -96.586694 -97.473596 -98.197127 -99.041923 -99.817104 -100.601557 -101.379271 -102.159150 -102.878783 -103.593150 -104.229053 -104.966180 -105.636587 -106.362696 -107.008026 -107.790197 -108.417119 -109.117200 -109.778881 -110.444257 -111.111128 -111.733353 -112.354163 -113.026692 -113.681098 -114.327612 -114.986754 -115.661082 -116.309063 -116.985102 -117.652827 -118.313126 -118.960932 -119.593840 -120.244572 -120.878671 -121.512873 -122.138320 -122.763479 -123.366497 -123.965913 -124.556794 -125.137505 -125.729755 -126.280994 -126.864941 -127.404840 -127.965607 -128.495366 -129.031513 -129.531522 -130.032150 -130.501450 -130.952244 -131.377634 -131.777026 -132.144275 -132.475953 -132.776792 -133.044764 -133.276883 -133.476212 -133.645069 -133.784765 -133.895924 -133.978952 -134.034143
0.049372 0.055137 0.056683 0.058241 0.060405 0.061894 0.063563 0.064579 0.065579 0.066579 0.067580 0.069286 0.071078 0.073001 0.074835 0.076710 0.078722 0.080575 0.082342 0.083846 0.085444 0.086758 0.088317 0.090023 0.091738 0.093437 0.095094 0.096645 0.098164 0.099487 0.101024 0.102585 0.104311 0.105869 0.107370 0.108872 0.110364 0.111627 0.113063 0.114571 0.116035 0.117535 0.118981 0.120447 0.121874 0.123551 0.125034 0.126505 0.127917 0.129313 0.130689 0.131925 0.133009 0.134021 0.135032 0.136273 0.137309 0.138375 0.139379 0.140799 0.142120 0.143648 0.145123 0.146631 0.147952 0.149283 0.150557 0.151969 0.153201 0.154670 0.156240 0.157637 0.158807 0.159850 0.162014 0.164101 0.165143 0.166156 0.167169 0.168168 0.169170 0.170243 0.171341 0.172350 0.173363 0.174589 0.175595 0.176745 0.177758 0.178762 0.179758 0.180853 0.181864 0.182946 0.183963 0.184973 0.185982 0.186988 0.187999 0.189009 0.190035 0.191051 0.192056 0.193050 0.194056 0.195073 0.196069 0.197062 0.198061 0.199099 0.200165 0.201184 0.202201 0.203204 0.204279 0.205303 0.206309 0.207315 0.208333 0.209340 0.210352 0.211359 0.212371 0.213377 0.214380 0.215380 0.216393 0.217407 0.218436 0.219441 0.220456 0.221472 0.222484 0.223546 0.224548 0.225553 0.226560 0.227580 0.228596 0.229605 0.230610 0.231615 0.232626 0.233642 0.234651 0.235663 0.236684 0.237688 0.238693 0.239715 0.240725
Elapsed_time: 0.240725
Score: -134.034143
151
82.830244 54.562864 43.126985 36.585904 29.276597 24.301571 18.017966 14.162423 9.324244 6.984664 3.452463 1.264574 -2.573796 -4.082394 -7.862651 -8.931649 -12.297030 -13.487999 -16.759138 -18.266295 -21.498175 -22.630785 -25.750126 -26.855585 -29.334724 -30.257571 -32.486497 -33.414337 -35.788632 -36.608404 -39.032981 -39.982918 -42.544049 -43.200459 -45.800743 -46.377382 -48.926801 -49.424013 -52.020085 -52.614158 -54.983423 -55.378992 -57.542861 -57.916666 -60.024536 -60.344034 -62.439423 -62.829228 -64.976265 -65.529479 -67.663814 -67.935854 -69.959011 -70.271476 -72.215390 -72.757734 -74.812195 -75.173709 -77.098054 -77.489265 -79.308524 -79.653255 -81.302547 -81.680034 -83.322816 -83.771323 -85.342959 -85.749061 -87.343667 -87.935878 -89.268608 -90.135606 -91.100961 -91.898930 -92.997336 -93.587699 -94.592203 -95.204520 -96.110993 -96.742480 -97.634631 -98.277767 -99.091846 -99.732207 -100.530836 -101.146226 -101.891565 -102.504922 -103.258914 -103.832953 -104.594485 -105.125656 -105.895141 -106.423790 -107.180861 -107.667718 -108.428161 -108.921339 -109.699715 -110.216139 -110.948254 -111.472280 -112.166060 -112.647811 -113.300650 -113.793011 -114.464421 -114.962278 -115.668225 -116.182676 -116.906528 -117.440952 -118.148811 -118.717450 -119.454351 -120.036322 -120.772353 -121.394176 -122.106326 -122.741280 -123.459889 -124.093120 -124.809169 -125.426611 -126.120275 -126.734700 -127.412561 -128.009899 -128.655984 -129.241427 -129.851425 -130.420124 -130.998871 -131.542385 -132.079893 -132.590416 -133.075900 -133.538448 -133.971277 -134.372221 -134.740575 -135.074050 -135.371745 -135.633272 -135.859999 -136.054755 -136.219980 -136.356805 -136.465738 -136.547132 -136.601247
0.043767 0.049554 0.050773 0.051883 0.053029 0.054091 0.055091 0.056210 0.057501 0.058856 0.060167 0.061590 0.063156 0.064708 0.066318 0.067875 0.069423 0.070925 0.072500 0.073911 0.075377 0.076855 0.078328 0.079846 0.081347 0.082815 0.084306 0.085775 0.087244 0.088706 0.090100 0.091661 0.093099 0.094536 0.096049 0.097697 0.099295 0.100904 0.102706 0.104523 0.106114 0.107746 0.109301 0.110916 0.112425 0.114002 0.115474 0.117221 0.118755 0.120235 0.121695 0.123173 0.124539 0.125981 0.127704 0.129168 0.130723 0.132219 0.133752 0.135219 0.136745 0.138215 0.139666 0.141142 0.142729 0.144226 0.145707 0.147189 0.148626 0.150059 0.151458 0.152897 0.154295 0.155878 0.157264 0.158702 0.160106 0.161528 0.162977 0.164385 0.165782 0.167178 0.168819 0.170224 0.171673 0.173132 0.174562 0.175980 0.177211 0.178567 0.179944 0.181161 0.182572 0.183977 0.185374 0.186745 0.188067 0.189138 0.190232 0.191253 0.192264 0.193278 0.194385 0.195411 0.196464 0.197473 0.198511 0.199612 0.201128 0.202499 0.203694 0.204749 0.205746 0.206917 0.207960 0.209139 0.210206 0.211207 0.212205 0.213336 0.214354 0.215368 0.216366 0.217377 0.218395 0.219553 0.220558 0.221564 0.222581 0.223591 0.224605 0.225626 0.226642 0.227652 0.228660 0.229733 0.230745 0.231761 0.232916 0.233918 0.234921 0.235929 0.236938 0.237957 0.239186 0.240195 0.241197 0.242213 0.243227 0.244238 0.245237
Elapsed_time: 0.245237
Score: -136.601247
