5
151
8391.185759 1064.648128 1018.283077 973.625530 930.121168 888.406978 848.838562 812.336933 779.205601 748.958816 721.303851 696.064743 672.143843 650.174561 629.708020 610.600638 592.357494 575.298187 558.604025 543.043007 528.095399 514.169875 500.876605 488.057031 475.891489 464.297082 453.431333 442.678519 432.437078 422.524893 412.920578 403.538414 394.393980 385.617857 377.139791 368.824940 360.823171 353.004482 345.390545 337.799637 330.548305 323.544763 316.531988 309.678054 302.828100 296.160545 289.607896 283.255636 276.939895 270.634582 264.567931 258.595950 252.757767 247.116112 241.624365 236.275710 230.987573 225.788403 220.755946 215.853769 211.040413 206.372994 201.871932 197.496147 193.237797 189.094739 185.055421 181.036198 177.045352 173.119315 169.221284 165.428064 161.751013 158.096405 154.478673 150.906592 147.399218 143.924765 140.576142 137.276888 134.066491 130.903394 127.806961 124.765802 121.761318 118.803668 115.892077 113.084752 110.288921 107.562316 104.902704 102.256971 99.667738 97.109970 94.606971 92.143753 89.725935 87.365886 85.067766 82.827435 80.627782 78.469750 76.351898 74.285232 72.265291 70.282860 68.352677 66.477123 64.654454 62.865579 61.124345 59.431877 57.794460 56.187613 54.622284 53.110860 51.641807 50.211606 48.835679 47.504313 46.218396 44.977173 43.778170 42.628760 41.516515 40.454415 39.432261 38.448931 37.507118 36.605589 35.743147 34.923267 34.142731 33.403128 32.704937 32.045121 31.424461 30.842578 30.301350 29.799903 29.336298 28.911430 28.525489 28.178389 27.870786 27.602264 27.372828 27.182122 27.029391 26.914643 26.838290
0.000050 0.027369 0.036736 0.047305 0.058454 0.070628 0.082023 0.091390 0.101287 0.110387 0.119454 0.128566 0.137674 0.148004 0.157476 0.166538 0.175707 0.184745 0.193790 0.202837 0.211905 0.221079 0.230318 0.239358 0.249363 0.259838 0.268998 0.279365 0.288442 0.298779 0.307807 0.317046 0.326711 0.335858 0.344879 0.353912 0.363160 0.373325 0.382491 0.391517 0.400566 0.409671 0.419092 0.428183 0.437445 0.446463 0.455583 0.464762 0.474549 0.483662 0.492753 0.502551 0.511816 0.521076 0.530269 0.539464 0.548597 0.557696 0.566798 0.575900 0.585113 0.594218 0.603385 0.612432 0.621605 0.630779 0.639868 0.649622 0.659001 0.668109 0.677292 0.686356 0.695886 0.705202 0.714334 0.723353 0.732513 0.742592 0.751878 0.761013 0.770231 0.779491 0.789440 0.799366 0.808657 0.819354 0.829272 0.840938 0.854128 0.863227 0.872432 0.881455 0.890530 0.899816 0.908844 0.917945 0.928546 0.937749 0.948351 0.958407 0.968803 0.977939 0.987102 0.996368 1.005552 1.015366 1.025412 1.035106 1.044158 1.053344 1.062761 1.072934 1.082100 1.092292 1.101364 1.110608 1.119707 1.128843 1.137903 1.147287 1.156586 1.166438 1.176436 1.185511 1.194552 1.205160 1.215017 1.224084 1.233104 1.242206 1.251246 1.260969 1.270125 1.280349 1.289614 1.299055 1.308348 1.317956 1.327714 1.338314 1.348591 1.357833 1.366909 1.376006 1.385074 1.394390 1.405227 1.416624 1.428403 1.437527 1.448236
Elapsed_time: 1.448236
Score: 26.838290
151
8537.157043 1071.677781 1026.333943 981.928400 938.299870 895.566042 854.750885 816.272393 780.444685 746.654598 714.574038 684.612172 656.887489 630.699902 606.428923 583.625082 562.519206 542.805900 524.330015 506.962356 490.877166 475.505598 461.502072 447.847896 435.443103 423.308675 412.202466 401.361500 391.438851 381.857206 372.977621 364.491171 356.477830 348.793562 341.531644 334.488954 327.916226 321.611989 315.658792 309.862458 304.453568 299.105262 294.082472 289.104150 284.655893 280.194755 276.053912 271.937960 267.995193 264.154422 260.391853 256.796912 253.196847 249.769402 246.399510 243.169095 239.964590 236.880875 233.766917 230.770358 227.784648 224.987445 222.194980 219.473043 216.743077 214.116986 211.421723 208.817064 206.237078 203.781681 201.272100 198.818089 196.419230 194.081736 191.773910 189.460616 187.219141 185.018528 182.883013 180.757759 178.634487 176.445796 174.317578 172.251522 170.176376 168.089610 166.049633 164.049936 162.056217 160.116172 158.171841 156.277531 154.393695 152.538967 150.709070 148.912293 147.145416 145.374796 143.655399 141.932973 140.241938 138.603019 136.975391 135.410331 133.838080 132.330983 130.814929 129.339007 127.879806 126.451161 125.019351 123.629529 122.266470 120.935049 119.618294 118.329178 117.084008 115.854528 114.661157 113.484572 112.335072 111.203711 110.116180 109.052875 108.029514 107.030321 106.070267 105.140029 104.248474 103.385262 102.560959 101.767140 101.007286 100.279964 99.593651 98.944960 98.334131 97.759617 97.223471 96.725254 96.267239 95.848437 95.467628 95.124498 94.819147 94.552004 94.323216 94.132829 93.980617 93.866541 93.790540
0.000039 0.027538 0.036674 0.046442 0.055476 0.064574 0.077004 0.086311 0.096233 0.105935 0.115042 0.124447 0.133743 0.142839 0.151900 0.161074 0.170198 0.179975 0.189067 0.198379 0.207796 0.216946 0.227599 0.236706 0.245807 0.255133 0.265817 0.276410 0.285620 0.294957 0.304111 0.314623 0.323849 0.333801 0.346364 0.356345 0.365398 0.374715 0.383914 0.393029 0.402117 0.411160 0.420198 0.429437 0.438530 0.448028 0.457665 0.466988 0.476137 0.485547 0.498178 0.507613 0.516615 0.525676 0.534731 0.543786 0.554423 0.563893 0.576756 0.588343 0.597491 0.606960 0.616025 0.625076 0.634134 0.643147 0.652277 0.661286 0.670406 0.679454 0.688564 0.697679 0.708622 0.720945 0.731735 0.743001 0.753839 0.764422 0.773498 0.782782 0.792199 0.801501 0.811451 0.820633 0.830049 0.839251 0.849033 0.858827 0.868453 0.878153 0.887636 0.896737 0.906161 0.916663 0.925771 0.935015 0.944139 0.953605 0.963817 0.973355 0.982410 0.991509 1.000577 1.010250 1.019727 1.029552 1.038845 1.047991 1.058887 1.067931 1.077658 1.088257 1.097419 1.106435 1.115532 1.124649 1.137304 1.146439 1.156038 1.165202 1.174491 1.183543 1.192599 1.201654 1.211905 1.220981 1.231261 1.240394 1.249801 1.260180 1.269372 1.279722 1.288863 1.299198 1.308321 1.317450 1.327226 1.336734 1.345900 1.355061 1.364170 1.373873 1.384489 1.395296 1.405281 1.416273 1.425431 1.435736 1.445407 1.454574 1.465006
Elapsed_time: 1.465006
Score: 93.790540
151
9215.588027 1075.371772 1031.984861 990.403769 949.767194 910.614576 873.206350 838.923176 807.214168 778.318449 751.148507 726.313580 702.655502 680.334902 658.833836 638.451565 618.771239 600.221663 582.283248 565.138779 548.758418 533.168359 518.314824 504.163651 490.511072 477.164655 464.474244 452.027371 439.961864 428.201291 416.837627 405.791545 395.016856 384.902298 375.040576 365.637925 356.489111 347.570926 338.867180 330.575553 322.569848 314.808957 307.457330 300.285343 293.469534 287.021950 280.812359 274.803688 269.093637 263.614573 258.230359 253.003012 247.919677 243.054931 238.340254 233.818502 229.552533 225.489653 221.436678 217.628220 213.967957 210.404184 207.014143 203.766585 200.494097 197.392743 194.364873 191.416602 188.576777 185.827139 183.193756 180.627517 178.171197 175.780509 173.440548 171.188799 168.969292 166.815216 164.725392 162.697680 160.682352 158.738559 156.778105 154.911059 153.058203 151.290491 149.498166 147.777504 146.053724 144.397307 142.755104 141.169868 139.621723 138.085680 136.597844 135.122736 133.659879 132.229722 130.818742 129.419915 128.056941 126.723258 125.425368 124.154368 122.918045 121.695945 120.527332 119.363696 118.250053 117.135901 116.044396 114.958286 113.898502 112.840577 111.799772 110.782189 109.786406 108.814798 107.868035 106.951456 106.074242 105.214194 104.376021 103.556281 102.767657 101.996996 101.255430 100.530152 99.834739 99.157266 98.514957 97.893390 97.299282 96.727225 96.184242 95.665928 95.178884 94.723184 94.300467 93.907412 93.541886 93.205464 92.898788 92.623086 92.378445 92.165217 91.982859 91.831382 91.710416 91.619821 91.559504
0.000044 0.029368 0.038410 0.047680 0.058311 0.067846 0.078958 0.088034 0.097083 0.106138 0.115173 0.124488 0.133937 0.142948 0.151963 0.162495 0.174756 0.183827 0.192889 0.201927 0.211103 0.220818 0.230229 0.239306 0.248521 0.257750 0.269010 0.278232 0.287634 0.296946 0.306140 0.315206 0.324274 0.333383 0.342673 0.351831 0.361048 0.370223 0.379470 0.389082 0.399612 0.410839 0.423932 0.436088 0.448129 0.460037 0.470961 0.480136 0.490160 0.499397 0.509516 0.518699 0.529830 0.541675 0.551018 0.561133 0.570231 0.579373 0.588662 0.598266 0.608316 0.619077 0.628308 0.637827 0.648093 0.657251 0.666403 0.675545 0.684709 0.695318 0.704416 0.714330 0.723443 0.733488 0.743783 0.754153 0.764439 0.773586 0.783362 0.793878 0.803110 0.812185 0.821213 0.830260 0.839323 0.848899 0.858984 0.868206 0.878644 0.887814 0.896886 0.906161 0.917279 0.926407 0.937353 0.946547 0.955601 0.964676 0.973737 0.982782 0.991890 1.001450 1.011133 1.020252 1.029550 1.039034 1.048838 1.058187 1.067463 1.077386 1.086522 1.096156 1.106864 1.115951 1.125047 1.134131 1.144036 1.153353 1.162738 1.172600 1.181625 1.190705 1.199722 1.208980 1.220313 1.233197 1.243187 1.253751 1.265185 1.274370 1.286459 1.297491 1.307006 1.316271 1.326720 1.338349 1.347640 1.356706 1.365740 1.374950 1.384593 1.393764 1.403086 1.412661 1.421730 1.431323 1.443356 1.452570 1.464879 1.477016 1.489442
Elapsed_time: 1.489442
Score: 91.559504
151
9389.565252 1072.793326 1027.391098 982.733215 939.566369 898.133810 859.646074 824.158685 792.112592 762.493248 734.966130 709.641989 686.213116 664.451632 644.184646 625.208094 607.372651 590.516299 574.246831 559.006436 544.196399 530.423647 516.873066 504.137811 491.750972 480.078297 468.814081 457.813568 447.410535 437.727542 428.082564 418.809907 409.913638 401.091420 392.914415 384.994781 377.415860 370.183297 363.089606 356.277177 349.736515 343.161387 336.874233 330.673063 324.707897 318.827039 313.136641 307.599365 302.257757 297.135676 292.115050 287.214317 282.436905 277.780310 273.207748 268.803221 264.478650 260.360461 256.376293 252.552735 248.871957 245.207647 241.701354 238.261360 234.917129 231.695448 228.488680 225.386850 222.343973 219.389458 216.516662 213.823178 211.163793 208.613289 206.016058 203.514180 201.017778 198.602337 196.227852 193.895488 191.593157 189.397573 187.218498 185.080656 183.030856 181.079287 179.175745 177.369828 175.655920 173.957395 172.342699 170.790636 169.293838 167.842081 166.386488 164.958463 163.518716 162.126879 160.744154 159.400530 158.036757 156.753175 155.479856 154.271760 153.079074 151.957599 150.851069 149.794982 148.730427 147.726664 146.741793 145.784450 144.851062 143.922723 142.995676 142.111618 141.236988 140.388127 139.564099 138.754910 137.991152 137.238494 136.518855 135.803948 135.127593 134.453027 133.822433 133.205847 132.617976 132.048988 131.496586 130.969160 130.462393 129.982384 129.523110 129.090040 128.680185 128.293759 127.929475 127.591811 127.281849 126.996387 126.736198 126.501246 126.292230 126.109202 125.952191 125.821459 125.716938 125.638631 125.586492
0.000033 0.028855 0.037971 0.047910 0.057018 0.066294 0.075861 0.085509 0.095061 0.104185 0.113519 0.123988 0.133806 0.144125 0.154239 0.163379 0.172526 0.181623 0.190637 0.199727 0.208780 0.218193 0.227564 0.236703 0.245758 0.255522 0.264588 0.274503 0.283754 0.292919 0.302174 0.311402 0.320558 0.329643 0.338691 0.347697 0.357105 0.366402 0.375589 0.384695 0.393756 0.402775 0.411909 0.421223 0.431459 0.441062 0.450061 0.459343 0.470651 0.483447 0.492468 0.501518 0.510537 0.519671 0.528733 0.537901 0.546962 0.556676 0.565838 0.575819 0.586026 0.595724 0.605706 0.614781 0.623979 0.633112 0.642403 0.651526 0.660621 0.671669 0.680860 0.689954 0.699495 0.708773 0.717792 0.726905 0.738017 0.750745 0.761739 0.773847 0.785443 0.795086 0.805196 0.815200 0.824754 0.833913 0.843114 0.852506 0.862042 0.872251 0.881440 0.891538 0.900845 0.910287 0.919323 0.928342 0.937438 0.946477 0.955544 0.964619 0.973617 0.982855 0.992522 1.001643 1.010741 1.020976 1.030109 1.039159 1.048600 1.059018 1.068657 1.078955 1.088464 1.097593 1.107780 1.116966 1.126464 1.135826 1.144892 1.154176 1.163907 1.173239 1.183044 1.194541 1.206551 1.215780 1.227201 1.237067 1.246252 1.255430 1.264496 1.273710 1.282867 1.292119 1.301269 1.310368 1.319501 1.329705 1.340855 1.350393 1.359622 1.369970 1.379103 1.388172 1.397269 1.406348 1.415406 1.424957 1.435115 1.444883 1.454531
Elapsed_time: 1.454531
Score: 125.586492
151
9475.275987 1075.912740 1032.619618 989.858392 948.065730 907.226280 867.701510 830.399539 795.691027 763.574224 733.869802 705.829610 679.383104 654.824875 631.760760 609.929767 589.326911 570.196232 552.030494 534.667043 518.231093 502.611268 487.620454 473.451516 459.792196 446.829887 434.372683 422.542848 410.933367 400.035129 389.466479 379.432889 369.807111 360.698754 352.058367 343.929862 336.201748 328.925564 321.903486 315.273935 309.041707 303.196428 297.540614 292.240887 287.069557 282.132321 277.451567 273.022355 268.758779 264.652194 260.654872 256.942681 253.332809 249.904399 246.525608 243.331922 240.225004 237.353981 234.590613 231.964878 229.413952 226.980878 224.669742 222.447461 220.410180 218.395061 216.457095 214.439054 212.569733 210.667112 208.943594 207.257064 205.667231 204.113975 202.681854 201.239565 199.841325 198.473616 197.169042 195.862953 194.630469 193.401064 192.237736 191.033346 189.861825 188.675825 187.569994 186.445190 185.375394 184.301513 183.277293 182.255898 181.259868 180.264428 179.292206 178.327470 177.410969 176.477768 175.616452 174.779041 173.955404 173.162055 172.351599 171.580154 170.806509 170.066826 169.339959 168.637581 167.949372 167.261710 166.590468 165.898239 165.237127 164.571522 163.927091 163.269333 162.623980 161.981575 161.357508 160.748640 160.161508 159.571455 159.004749 158.438227 157.884458 157.349947 156.823948 156.322266 155.828427 155.355685 154.887423 154.441747 154.007162 153.593240 153.199293 152.825400 152.468580 152.131895 151.815569 151.521195 151.249926 151.001724 150.775998 150.572864 150.392124 150.234196 150.098878 149.986144 149.896093 149.828624 149.783683
0.000042 0.028005 0.037477 0.047525 0.056595 0.066016 0.075102 0.084203 0.093251 0.102360 0.111418 0.120498 0.129648 0.138731 0.148785 0.157884 0.166949 0.176032 0.185087 0.195063 0.204082 0.213206 0.222673 0.232212 0.241672 0.251219 0.260486 0.269699 0.278830 0.289112 0.300192 0.312117 0.321218 0.330267 0.339423 0.350135 0.359255 0.370053 0.379093 0.389233 0.400376 0.415881 0.424895 0.433976 0.443015 0.452097 0.461101 0.470321 0.482693 0.492313 0.504096 0.515020 0.525265 0.534308 0.543320 0.552407 0.562312 0.572405 0.582895 0.594652 0.605951 0.616814 0.625883 0.635666 0.645184 0.654625 0.664358 0.673654 0.682915 0.692210 0.701290 0.710343 0.719465 0.728859 0.738785 0.747954 0.757044 0.766317 0.775527 0.784608 0.794111 0.803895 0.813912 0.824736 0.833729 0.842778 0.851846 0.861787 0.870930 0.882026 0.891109 0.901502 0.911992 0.922757 0.933131 0.944159 0.953825 0.966148 0.977237 0.986308 0.995337 1.004370 1.013375 1.022379 1.031477 1.040531 1.050397 1.059972 1.069393 1.078866 1.088016 1.101011 1.110305 1.119386 1.128636 1.140182 1.149410 1.158669 1.168466 1.177650 1.186667 1.196156 1.207109 1.216148 1.225180 1.234769 1.243831 1.252921 1.262004 1.271112 1.280294 1.289747 1.299976 1.309835 1.319778 1.329990 1.340558 1.350905 1.359942 1.368971 1.378494 1.390642 1.404247 1.414554 1.423945 1.433011 1.442092 1.451127 1.460266 1.469292 1.478336
Elapsed_time: 1.478336
Score: 149.783683
