5
151
71.802659 39.589457 31.302179 20.428429 10.510018 -1.392885 -18.380037 -38.763782 -54.622814 -71.061865 -87.622353 -102.094499 -113.875007 -122.238376 -130.497387 -136.035073 -140.584937 -144.264039 -147.812506 -151.293670 -154.137112 -156.503413 -158.488837 -160.519678 -162.704598 -164.680550 -166.808727 -169.233997 -171.246114 -173.209799 -175.648550 -177.220073 -178.561487 -179.942962 -181.095346 -182.460215 -183.769223 -185.160885 -186.680823 -188.422748 -190.290317 -192.340800 -193.775502 -195.142261 -196.909125 -198.505570 -200.639704 -202.412806 -204.159688 -205.653488 -207.199955 -208.865213 -210.235616 -211.119790 -211.830522 -212.800268 -213.425270 -214.061845 -214.618297 -215.074034 -215.661795 -216.327429 -217.073789 -217.745494 -218.521633 -219.343666 -220.046534 -220.792117 -221.501308 -222.307377 -222.949658 -223.710717 -224.509690 -225.188646 -225.973949 -226.900099 -227.665273 -228.459118 -229.403668 -230.195971 -231.045765 -231.784604 -232.632223 -233.443597 -234.397654 -235.512382 -236.426078 -237.321171 -238.260990 -239.031531 -239.863004 -240.823787 -241.583001 -242.337062 -243.255705 -243.987202 -244.799914 -245.532074 -246.293782 -246.957826 -247.664437 -248.323735 -248.829054 -249.295946 -249.924113 -250.336452 -250.725297 -251.313627 -251.681493 -252.268589 -252.721388 -253.336183 -253.806046 -254.274987 -254.827712 -255.516455 -256.013224 -256.546636 -256.988623 -257.605784 -258.044264 -258.465691 -258.967925 -259.569878 -260.076638 -260.683247 -261.061053 -261.682961 -262.231982 -262.748132 -263.661148 -263.980624 -264.902388 -265.304467 -265.887567 -266.452586 -267.235202 -267.808962 -268.368485 -269.100947 -269.976492 -270.756784 -271.698627 -272.455432 -273.289811 -274.533460 -275.484823 -276.254917 -278.062712 -278.852741 -279.939631
0.037717 0.039862 0.040849 0.041789 0.042749 0.043680 0.044731 0.045677 0.046612 0.047574 0.048474 0.049548 0.050383 0.051262 0.052307 0.053324 0.054416 0.055625 0.056911 0.058033 0.059112 0.060095 0.061090 0.062689 0.063604 0.064945 0.066131 0.067214 0.068456 0.069755 0.071051 0.072380 0.073659 0.074967 0.076225 0.077481 0.078791 0.080094 0.081576 0.083234 0.084894 0.086401 0.087908 0.089478 0.090854 0.092236 0.093568 0.094831 0.095989 0.097091 0.098226 0.099479 0.100727 0.102061 0.103454 0.104988 0.106430 0.107882 0.109330 0.110643 0.111928 0.113350 0.114869 0.116166 0.117548 0.118831 0.120057 0.121303 0.122520 0.123731 0.124999 0.126268 0.127565 0.128952 0.130400 0.131841 0.133306 0.134804 0.136246 0.137622 0.138961 0.140519 0.141892 0.143177 0.144601 0.145904 0.147191 0.148497 0.149750 0.150960 0.152174 0.153419 0.154616 0.155897 0.157161 0.158369 0.159558 0.160866 0.162124 0.163337 0.164561 0.165789 0.167092 0.168296 0.169493 0.170786 0.172002 0.173214 0.174523 0.175677 0.176705 0.177673 0.178618 0.179573 0.180536 0.181548 0.182669 0.183815 0.185083 0.186284 0.187413 0.188570 0.189700 0.190789 0.191793 0.192742 0.193615 0.194581 0.195410 0.196192 0.196986 0.197865 0.198710 0.199489 0.200277 0.201129 0.201926 0.202799 0.203803 0.204952 0.206102 0.207103 0.208065 0.208991 0.209836 0.210646 0.211422 0.212243 0.213108 0.213904 0.215259
Elapsed_time: 0.215259
Score: -279.939631
151
78.847052 45.240196 37.334375 25.196308 16.693889 4.118102 -9.714683 -27.535769 -42.857194 -58.856227 -74.188071 -87.602514 -97.409837 -105.332254 -112.737070 -117.462209 -121.585008 -124.637045 -127.544749 -130.564382 -133.502093 -136.949060 -140.315426 -144.071823 -148.423190 -151.973632 -155.367859 -158.363500 -161.005728 -163.309286 -165.336381 -167.805293 -169.872826 -172.330493 -175.207162 -177.386622 -179.227133 -181.629245 -183.914901 -186.335846 -189.250380 -191.552979 -194.093592 -196.583823 -198.807601 -200.857760 -203.141995 -205.024251 -207.031522 -208.714542 -210.880301 -212.874530 -214.748986 -216.298596 -217.711483 -219.479354 -221.458375 -223.215023 -225.252103 -226.853138 -228.699310 -230.410406 -232.002020 -233.861442 -235.837393 -237.243299 -238.592207 -239.561495 -240.536997 -241.262354 -242.029274 -243.114326 -244.316215 -245.067163 -246.067394 -246.934789 -247.986605 -249.572246 -250.711458 -252.265727 -253.582771 -254.853080 -256.032001 -257.353545 -258.756128 -260.050961 -261.290831 -262.833829 -264.030454 -265.319529 -266.915044 -268.124938 -269.536322 -270.909748 -272.049091 -272.909628 -273.858283 -274.640451 -275.370391 -276.257325 -276.869964 -277.510431 -278.227039 -278.810383 -279.563854 -280.336894 -281.027817 -281.622301 -282.293066 -282.789575 -283.255441 -283.714158 -284.185033 -284.655103 -285.100591 -285.560418 -285.954218 -286.435889 -286.808481 -287.161896 -287.569825 -288.011804 -288.392680 -288.749185 -289.112710 -289.476911 -289.795370 -290.113206 -290.401794 -290.682603 -290.978403 -291.218934 -291.443953 -291.735248 -291.906348 -292.092205 -292.383897 -292.556600 -292.815889 -293.088021 -293.352725 -293.598328 -293.854642 -294.097233 -294.338958 -294.619007 -294.879744 -295.117050 -295.443207 -295.667017 -295.948172
0.037997 0.040036 0.041005 0.041954 0.042897 0.043847 0.044766 0.045692 0.046577 0.047442 0.048319 0.049162 0.050024 0.050868 0.051709 0.052549 0.053393 0.054224 0.055057 0.055887 0.056723 0.057539 0.058407 0.059220 0.060041 0.060867 0.061682 0.062500 0.063305 0.064129 0.064953 0.065776 0.066638 0.067452 0.068261 0.069162 0.070149 0.072968 0.075357 0.076692 0.077638 0.079498 0.080687 0.081500 0.082326 0.083123 0.083939 0.084742 0.085549 0.086356 0.087164 0.087976 0.088779 0.089603 0.090553 0.091449 0.092273 0.093064 0.093896 0.094701 0.095503 0.096405 0.097195 0.098022 0.098822 0.099619 0.100418 0.101204 0.102005 0.102789 0.103573 0.104371 0.105163 0.105962 0.106749 0.107551 0.108346 0.109132 0.109940 0.110738 0.111534 0.112347 0.113138 0.113947 0.114732 0.115526 0.116323 0.117123 0.117936 0.118737 0.119557 0.120340 0.121122 0.121926 0.122714 0.123521 0.124304 0.125097 0.125894 0.126746 0.127563 0.128341 0.129125 0.129924 0.130722 0.131535 0.132312 0.133098 0.133883 0.134665 0.135464 0.136258 0.137052 0.137845 0.138641 0.139448 0.140233 0.141028 0.141836 0.142629 0.143427 0.144213 0.145010 0.145800 0.146592 0.147387 0.148191 0.148974 0.149757 0.150548 0.151324 0.152119 0.152896 0.153686 0.154481 0.155266 0.156055 0.156906 0.157719 0.158517 0.159314 0.160109 0.160885 0.161674 0.162495 0.163302 0.164089 0.164875 0.165664 0.166450 0.167226
Elapsed_time: 0.167226
Score: -295.948172
151
55.204398 22.642494 14.651160 4.608774 -5.362275 -16.170533 -29.440340 -46.066160 -60.310226 -74.092205 -86.464078 -97.214517 -106.876175 -114.952456 -121.203848 -125.442643 -128.761464 -132.399168 -135.409262 -138.703847 -142.001163 -145.144317 -148.215565 -152.044509 -156.749165 -160.139311 -162.968131 -166.943765 -169.862021 -173.065856 -176.702331 -179.356021 -182.229775 -184.688450 -187.024174 -189.084458 -191.291957 -193.529774 -195.263554 -196.725839 -198.613314 -199.965694 -201.354853 -202.759425 -203.976881 -205.722525 -207.538726 -209.191251 -210.712815 -212.505525 -214.055167 -215.628670 -216.917004 -218.384469 -219.728643 -221.101367 -221.995385 -223.111163 -223.730046 -224.863721 -225.465052 -226.210363 -227.237819 -228.022039 -228.724374 -229.373972 -229.998114 -230.730972 -231.296444 -231.782007 -232.207526 -232.851662 -233.474601 -234.063629 -234.756537 -235.298990 -235.896226 -236.533660 -237.101290 -237.848636 -238.678710 -239.494612 -240.089139 -240.815729 -241.438823 -242.017044 -242.874300 -243.531458 -244.343957 -245.179242 -245.826263 -246.424169 -247.395538 -248.006563 -248.716449 -249.591996 -250.153747 -250.945998 -251.648220 -252.150795 -252.702519 -253.181977 -253.606643 -254.107817 -254.560357 -255.124562 -255.681379 -256.078934 -256.559378 -257.025261 -257.414538 -257.777214 -258.119110 -258.543096 -258.936880 -259.353329 -259.749947 -260.224585 -260.620740 -260.959486 -261.375833 -261.745445 -262.151362 -262.625127 -263.012628 -263.422062 -263.726781 -264.054363 -264.385424 -264.767621 -265.135566 -265.450531 -265.790838 -266.133795 -266.400635 -266.633903 -266.957152 -267.159825 -267.351695 -267.608186 -267.816744 -268.068797 -268.393561 -268.576645 -268.828223 -268.998998 -269.266865 -269.435141 -269.638682 -269.996243 -270.146938
0.032465 0.034729 0.035941 0.037261 0.038666 0.040086 0.041395 0.042700 0.043891 0.045007 0.046126 0.047366 0.048579 0.049934 0.051238 0.052408 0.053529 0.054610 0.055608 0.056548 0.057459 0.058285 0.059120 0.060039 0.060865 0.062170 0.063059 0.063896 0.064725 0.065577 0.066492 0.067493 0.068589 0.069820 0.071064 0.072247 0.073594 0.074829 0.076290 0.077736 0.078954 0.080125 0.081226 0.082265 0.083253 0.084243 0.085327 0.086456 0.087668 0.089125 0.090436 0.091652 0.092876 0.094126 0.095370 0.096604 0.097813 0.099034 0.100272 0.101497 0.102695 0.103884 0.105118 0.106335 0.107503 0.108528 0.109507 0.110416 0.111271 0.112118 0.112948 0.113790 0.114603 0.115503 0.116550 0.117649 0.118826 0.120129 0.121466 0.122706 0.124026 0.125264 0.126467 0.127680 0.128896 0.130153 0.131407 0.132800 0.134141 0.135775 0.137085 0.138584 0.139983 0.141326 0.142581 0.143874 0.145139 0.146419 0.147686 0.148899 0.150136 0.151465 0.152746 0.154029 0.155312 0.156526 0.157738 0.158939 0.160146 0.161497 0.162750 0.163981 0.165229 0.166471 0.167765 0.168990 0.170224 0.171453 0.172687 0.173983 0.175202 0.176491 0.177821 0.179023 0.180225 0.181481 0.182687 0.183883 0.185086 0.186296 0.187496 0.188723 0.189952 0.191154 0.192563 0.193838 0.195121 0.196269 0.197369 0.198485 0.199427 0.200294 0.201125 0.202076 0.202926 0.203716 0.204558 0.205513 0.206512 0.207519 0.208534
Elapsed_time: 0.208534
Score: -270.146938
151
91.398324 57.409933 49.593627 36.863618 23.557883 8.907986 -8.224622 -30.819372 -49.075457 -64.184623 -80.618975 -92.336786 -102.375497 -110.007325 -116.211458 -120.777069 -124.710369 -128.657946 -132.026506 -135.215864 -138.432936 -141.634470 -144.673666 -147.572468 -150.229623 -152.781852 -155.643966 -158.051429 -160.260111 -162.684823 -164.681495 -166.631772 -167.906211 -169.352726 -171.038755 -172.838082 -174.403445 -175.874569 -177.707583 -179.883257 -182.049680 -183.845257 -185.598319 -187.259245 -188.644173 -189.794438 -190.760424 -191.725683 -192.551414 -193.328562 -194.067017 -194.762008 -195.560937 -196.322308 -197.075157 -197.774073 -198.508525 -199.216072 -200.012418 -200.809562 -201.644399 -202.595513 -203.384242 -204.197466 -204.995675 -205.568602 -206.082025 -206.792199 -207.261666 -207.778801 -208.560053 -209.129355 -209.873785 -210.031234 -211.208061 -211.587077 -212.140954 -212.828263 -213.593924 -214.302014 -215.065011 -215.690535 -216.645231 -217.472661 -218.541395 -219.296538 -220.263263 -221.040774 -222.055194 -222.732782 -223.372476 -223.824928 -224.717783 -225.178840 -225.765520 -226.593171 -227.088799 -227.819688 -228.247909 -228.734475 -229.208357 -229.928336 -230.329436 -230.759498 -231.505835 -232.216674 -232.664300 -233.466142 -234.002481 -234.604682 -235.416060 -235.896800 -236.548086 -237.310483 -237.922656 -238.699629 -239.524212 -240.290079 -241.137177 -241.762217 -242.448813 -243.401103 -244.236102 -244.738259 -245.693841 -246.247655 -247.013628 -247.841378 -248.405093 -248.918405 -249.878653 -250.327163 -251.076757 -251.962627 -253.007163 -253.897291 -254.800400 -255.442153 -255.991160 -256.775988 -257.181328 -257.646325 -258.542270 -258.984594 -259.455724 -260.332495 -260.891048 -261.814503 -262.800865 -263.576570 -264.691092
0.045973 0.049458 0.050913 0.052206 0.053412 0.054526 0.055561 0.056478 0.057365 0.058229 0.059098 0.059979 0.060889 0.061721 0.062546 0.063394 0.064231 0.065151 0.066096 0.067079 0.068126 0.069285 0.070588 0.071911 0.073242 0.074585 0.075934 0.077247 0.078680 0.079982 0.081222 0.082381 0.083455 0.084533 0.085481 0.086403 0.087269 0.088099 0.088913 0.089727 0.090558 0.091376 0.092174 0.093002 0.093798 0.094635 0.095446 0.096248 0.097055 0.097849 0.098677 0.099496 0.100308 0.101115 0.101918 0.102731 0.103532 0.104336 0.105140 0.105967 0.106763 0.107637 0.108430 0.109231 0.110140 0.110957 0.111812 0.112669 0.113461 0.114263 0.115094 0.115902 0.116715 0.117516 0.118314 0.119116 0.119905 0.120717 0.121547 0.122380 0.123220 0.124012 0.124863 0.125774 0.126730 0.127652 0.128483 0.129290 0.130092 0.130908 0.131849 0.132663 0.133458 0.134256 0.135198 0.136117 0.137013 0.137934 0.138730 0.139559 0.140362 0.141249 0.142305 0.143211 0.144010 0.144795 0.145592 0.146392 0.147325 0.148122 0.148909 0.149727 0.150519 0.151414 0.152202 0.152996 0.153790 0.154570 0.155453 0.156305 0.157129 0.157911 0.158700 0.159522 0.160324 0.161118 0.162048 0.162898 0.163693 0.164504 0.165399 0.166258 0.167253 0.168048 0.168859 0.169654 0.170453 0.171345 0.172224 0.173020 0.173797 0.174629 0.175494 0.176285 0.177062 0.177845 0.178635 0.179444 0.180284 0.181314 0.182269
Elapsed_time: 0.182269
Score: -264.691092
151
82.830244 48.689407 40.529847 27.040164 13.165624 -0.274152 -19.635674 -42.901820 -61.671552 -79.045641 -89.710393 -100.515342 -107.422768 -113.393786 -117.759235 -121.717059 -124.091793 -126.817348 -128.927572 -131.431968 -133.807142 -136.958796 -139.388395 -142.174663 -146.152636 -149.366353 -152.093375 -154.791329 -156.718505 -159.048044 -161.742479 -163.910165 -165.560955 -167.718212 -169.163509 -170.638152 -172.344859 -173.738425 -175.646028 -177.539915 -179.418937 -181.598262 -183.818437 -185.920353 -187.938783 -189.783873 -191.899358 -194.487300 -196.643394 -198.711865 -200.432238 -202.293619 -204.206276 -205.876950 -207.319584 -208.611122 -210.428676 -212.404174 -214.349376 -216.143957 -217.749031 -218.996577 -220.097783 -221.369475 -222.499185 -223.726181 -224.914656 -225.777046 -226.823524 -227.850165 -228.727385 -229.528129 -230.487328 -231.304564 -232.206317 -233.113128 -234.031554 -234.880280 -235.784956 -236.823972 -237.533089 -238.374987 -239.085425 -239.554140 -239.914608 -240.387595 -240.775123 -241.214813 -241.815396 -242.354490 -242.995614 -243.835314 -244.544321 -245.600716 -246.552673 -247.507243 -248.437576 -249.249182 -250.009593 -250.660919 -251.536777 -252.425070 -253.561578 -254.787605 -255.798565 -257.202788 -258.431098 -259.721084 -260.777112 -261.841852 -262.989498 -263.954597 -265.131706 -266.039256 -266.910183 -267.838218 -268.492464 -269.069369 -269.948660 -270.429056 -271.021459 -271.651112 -272.187879 -272.601645 -273.355209 -273.802035 -274.284400 -274.774780 -275.150774 -275.469223 -276.058664 -276.323964 -276.748421 -277.168223 -277.715124 -278.138425 -278.546160 -278.960678 -279.449255 -279.892975 -280.361896 -280.801893 -281.375854 -281.780533 -282.196225 -282.570992 -282.941061 -283.224809 -283.640873 -283.958193 -284.232170
0.038549 0.041546 0.043186 0.044851 0.046304 0.047641 0.048884 0.050003 0.051040 0.051990 0.052884 0.053739 0.054583 0.055418 0.056243 0.057076 0.057916 0.058748 0.059579 0.060396 0.061224 0.062053 0.062876 0.063692 0.064532 0.065354 0.066193 0.067001 0.067832 0.068638 0.069445 0.070294 0.071115 0.071979 0.072786 0.073594 0.074498 0.075319 0.076168 0.076979 0.077801 0.078621 0.079433 0.080257 0.081057 0.081877 0.082702 0.083539 0.084336 0.085152 0.085952 0.086787 0.087591 0.088385 0.089201 0.090008 0.090843 0.091642 0.092436 0.093260 0.094051 0.094877 0.095680 0.096482 0.097285 0.098086 0.098912 0.099704 0.100514 0.101313 0.102115 0.102915 0.104002 0.104842 0.105643 0.106428 0.107229 0.108175 0.108984 0.109786 0.110571 0.111427 0.112247 0.113031 0.113826 0.114633 0.115587 0.116391 0.117347 0.118234 0.119158 0.120168 0.121252 0.122400 0.123559 0.124694 0.125874 0.127013 0.128355 0.129504 0.130690 0.131866 0.133717 0.135428 0.137261 0.139265 0.141961 0.143458 0.144775 0.145999 0.147187 0.148658 0.149941 0.151305 0.152580 0.153762 0.154862 0.155973 0.156959 0.158054 0.159193 0.160288 0.161330 0.162271 0.163300 0.164528 0.165702 0.166983 0.168247 0.169504 0.170646 0.171744 0.172748 0.173708 0.174587 0.175437 0.176233 0.177015 0.177788 0.178569 0.179357 0.180140 0.180908 0.181686 0.182453 0.183221 0.184006 0.184774 0.185563 0.186345 0.187122
Elapsed_time: 0.187122
Score: -284.232170
