5
151
848.621504 284.403233 262.892484 242.890238 224.418616 207.739270 192.329674 178.716701 166.254671 155.068725 144.616555 135.076868 126.204346 117.827296 110.019190 102.837545 96.123925 89.931903 83.956519 78.374133 73.106170 68.051343 63.223426 58.715256 54.279886 50.275833 46.273725 42.551774 38.795133 35.444555 31.939203 28.804545 25.651891 22.758285 19.801060 17.012783 14.285403 11.724211 9.225979 6.829463 4.457692 2.247421 0.079086 -1.953863 -3.968682 -5.769451 -7.591325 -9.270599 -10.987298 -12.617440 -14.269928 -15.792489 -17.345808 -18.763090 -20.259519 -21.569380 -22.938815 -24.206752 -25.526955 -26.804233 -28.122902 -29.371296 -30.663147 -31.877284 -33.000465 -34.112396 -35.193959 -36.261981 -37.285196 -38.271462 -39.265402 -40.223018 -41.146926 -42.062643 -42.940945 -43.831077 -44.705835 -45.598958 -46.469610 -47.356125 -48.171499 -49.010205 -49.783733 -50.594041 -51.390548 -52.183525 -52.942100 -53.717849 -54.453114 -55.191441 -55.912561 -56.626009 -57.338899 -58.031651 -58.704267 -59.388379 -60.040802 -60.701721 -61.344794 -61.977535 -62.591682 -63.188889 -63.783057 -64.364504 -64.944555 -65.514085 -66.076574 -66.628948 -67.172820 -67.716356 -68.254605 -68.793738 -69.330344 -69.869902 -70.393129 -70.900905 -71.389048 -71.859423 -72.318863 -72.761131 -73.197136 -73.614479 -74.023829 -74.411537 -74.790849 -75.151342 -75.502700 -75.838037 -76.164277 -76.475114 -76.777067 -77.059943 -77.333444 -77.587902 -77.832884 -78.059146 -78.275957 -78.476740 -78.666727 -78.842231 -79.005202 -79.153229 -79.288210 -79.409003 -79.516460 -79.610344 -79.690765 -79.757654 -79.811075 -79.851081 -79.877717
0.000022 0.004552 0.005566 0.007076 0.008360 0.009464 0.011010 0.012577 0.014117 0.015245 0.016254 0.017912 0.019172 0.020571 0.021671 0.023015 0.024494 0.025685 0.026795 0.027804 0.028821 0.029906 0.030988 0.032154 0.033186 0.034200 0.035213 0.036250 0.037299 0.038306 0.039334 0.040332 0.041333 0.042377 0.043387 0.044414 0.045866 0.047423 0.048434 0.049442 0.050449 0.051455 0.052484 0.053525 0.054545 0.055595 0.056603 0.057809 0.058833 0.059865 0.060904 0.061928 0.063004 0.064148 0.065192 0.066226 0.067251 0.068270 0.069277 0.070472 0.071489 0.072488 0.073511 0.074508 0.075556 0.076565 0.077574 0.078575 0.079586 0.080672 0.081683 0.082688 0.083753 0.084748 0.085881 0.087001 0.088153 0.089155 0.090165 0.091170 0.092186 0.093282 0.094332 0.095383 0.096442 0.097454 0.098560 0.099880 0.101342 0.102612 0.103820 0.104976 0.106427 0.107851 0.109173 0.110288 0.111341 0.112345 0.113352 0.114358 0.115366 0.116508 0.117518 0.118535 0.119549 0.120560 0.121665 0.122943 0.124446 0.126155 0.127815 0.129271 0.130574 0.131746 0.132809 0.133816 0.134832 0.135827 0.137053 0.138061 0.139070 0.140097 0.141144 0.142209 0.143241 0.144247 0.145260 0.146290 0.147656 0.148990 0.150210 0.151293 0.152306 0.153308 0.154370 0.155481 0.156526 0.157696 0.159275 0.161001 0.162736 0.164282 0.165666 0.167035 0.168152 0.169164 0.170178 0.171185 0.172198 0.173211 0.174219
Elapsed_time: 0.174219
Score: -79.877717
151
962.614825 292.983891 273.562604 254.607892 236.614775 220.013928 204.749680 190.806495 178.360348 166.944673 156.392805 146.955754 138.086362 129.964551 122.200878 114.904136 107.911103 101.546011 95.501262 89.772237 84.324897 79.161085 74.310751 69.505948 64.982332 60.654681 56.479815 52.449908 48.556196 44.856196 41.139775 37.601170 34.086049 30.799846 27.559085 24.526770 21.511553 18.683620 15.838334 13.180500 10.528059 8.028393 5.602263 3.340061 1.127612 -0.958945 -2.981741 -5.027581 -7.009512 -8.968251 -10.853381 -12.726213 -14.487980 -16.214076 -17.862091 -19.486272 -21.033841 -22.564692 -24.032895 -25.491695 -26.897227 -28.283043 -29.631829 -30.948992 -32.287254 -33.547530 -34.827805 -36.020325 -37.193794 -38.323578 -39.468906 -40.583635 -41.698663 -42.776859 -43.841572 -44.896377 -45.936310 -46.951393 -47.920908 -48.885025 -49.807084 -50.714396 -51.595105 -52.479768 -53.333716 -54.203409 -55.038932 -55.889316 -56.711466 -57.545080 -58.342972 -59.147913 -59.918402 -60.699512 -61.458367 -62.211761 -62.948996 -63.686751 -64.418530 -65.132102 -65.839419 -66.530657 -67.210212 -67.871046 -68.526597 -69.167044 -69.793411 -70.399360 -70.998127 -71.576998 -72.146509 -72.692003 -73.232333 -73.759552 -74.284550 -74.800731 -75.312349 -75.811797 -76.298625 -76.768890 -77.225586 -77.675826 -78.117741 -78.543218 -78.954340 -79.349394 -79.726036 -80.089557 -80.436778 -80.771441 -81.092126 -81.397641 -81.689188 -81.966480 -82.229961 -82.479342 -82.715174 -82.936789 -83.144679 -83.338503 -83.517995 -83.682561 -83.832139 -83.966628 -84.086060 -84.190453 -84.279858 -84.354312 -84.413846 -84.458481 -84.488231
0.000013 0.003074 0.004108 0.005355 0.006395 0.007418 0.008431 0.009452 0.010466 0.011630 0.012650 0.013672 0.014748 0.015763 0.016782 0.017879 0.018983 0.020089 0.021133 0.022153 0.023175 0.024222 0.025249 0.026280 0.027386 0.028515 0.029524 0.030667 0.031747 0.032941 0.034085 0.035109 0.036125 0.037136 0.038143 0.039157 0.040186 0.041204 0.042235 0.043238 0.044244 0.045262 0.046561 0.047786 0.048879 0.049924 0.050958 0.051989 0.053019 0.054164 0.055500 0.056965 0.058356 0.059597 0.060709 0.061732 0.062727 0.063721 0.064775 0.065848 0.066851 0.067854 0.068866 0.069887 0.070955 0.071965 0.072978 0.073974 0.074995 0.076002 0.077048 0.078229 0.079621 0.081184 0.082818 0.084352 0.085986 0.087537 0.089063 0.090544 0.092322 0.094121 0.095678 0.097216 0.098738 0.100341 0.101834 0.103312 0.104768 0.106049 0.107228 0.108459 0.109940 0.111444 0.113182 0.114719 0.116252 0.117763 0.119232 0.120780 0.122257 0.123800 0.125288 0.126821 0.128296 0.130417 0.133310 0.134942 0.136372 0.137621 0.139085 0.140362 0.141512 0.142754 0.144117 0.145151 0.146159 0.147159 0.148168 0.149188 0.150196 0.151392 0.153046 0.154943 0.156745 0.158418 0.160041 0.161483 0.162813 0.164866 0.166143 0.167253 0.168346 0.169402 0.170457 0.171514 0.172586 0.173605 0.174630 0.175646 0.176658 0.177688 0.178700 0.179723 0.180742 0.181794 0.182819 0.183831 0.184852 0.185987 0.187027
Elapsed_time: 0.187027
Score: -84.488231
151
954.555826 285.319923 264.389148 245.448835 228.479072 213.361315 199.475707 186.422593 174.748356 163.687015 153.525211 144.302242 135.650766 127.933102 120.618785 113.969433 107.658348 101.759926 96.161295 90.833388 85.924836 81.241626 76.954003 72.791044 68.926892 65.161101 61.553799 58.104007 54.681837 51.584338 48.517513 45.624015 42.796448 40.057044 37.407583 34.926552 32.548043 30.281220 28.083037 25.913389 23.771984 21.714589 19.703694 17.791096 15.972987 14.201296 12.455526 10.739515 9.063446 7.447830 5.884476 4.391270 2.961677 1.614728 0.307538 -0.969490 -2.208496 -3.504830 -4.736165 -5.952658 -7.112742 -8.305560 -9.498637 -10.637968 -11.780548 -12.885412 -13.990468 -15.040012 -16.105865 -17.137411 -18.141748 -19.109882 -20.081539 -21.048914 -22.013646 -22.973833 -23.919372 -24.841879 -25.731224 -26.653273 -27.525321 -28.442572 -29.321499 -30.295261 -31.239329 -32.219426 -33.146837 -34.094948 -34.991324 -35.899469 -36.744604 -37.601112 -38.428984 -39.275061 -40.107275 -40.937618 -41.735423 -42.539437 -43.298330 -44.059723 -44.791906 -45.533939 -46.248974 -46.967183 -47.637472 -48.305080 -48.945595 -49.572448 -50.176704 -50.770526 -51.349192 -51.918892 -52.476624 -53.026858 -53.572411 -54.104045 -54.623784 -55.128663 -55.620056 -56.095444 -56.563139 -57.015234 -57.454580 -57.878448 -58.288119 -58.681731 -59.063957 -59.431502 -59.786660 -60.127248 -60.452811 -60.762401 -61.058995 -61.339738 -61.606432 -61.857879 -62.094424 -62.316550 -62.523772 -62.716373 -62.893838 -63.056660 -63.204520 -63.337305 -63.455071 -63.557911 -63.645952 -63.719234 -63.777801 -63.821686 -63.850920
0.000012 0.002989 0.004144 0.005150 0.006185 0.007249 0.008446 0.009688 0.010872 0.012028 0.013381 0.014642 0.015875 0.016983 0.018039 0.019063 0.020085 0.021104 0.022134 0.023150 0.024272 0.025324 0.026385 0.027463 0.028829 0.030374 0.032091 0.033779 0.035224 0.036670 0.039052 0.040785 0.042775 0.044514 0.045957 0.047243 0.048635 0.049985 0.051194 0.052253 0.053332 0.054672 0.056067 0.057309 0.058428 0.059428 0.060420 0.061413 0.062445 0.063448 0.064543 0.065715 0.067583 0.068578 0.069574 0.070592 0.071596 0.072713 0.074317 0.075707 0.077289 0.078957 0.080580 0.082178 0.083785 0.085358 0.086897 0.088421 0.089727 0.090980 0.092016 0.093036 0.094036 0.095025 0.096014 0.097031 0.098043 0.099042 0.100030 0.101026 0.102033 0.103045 0.104053 0.105053 0.106044 0.107046 0.108073 0.109212 0.110223 0.111219 0.112247 0.113254 0.114374 0.115391 0.116381 0.117518 0.118889 0.120387 0.121915 0.123372 0.124968 0.126435 0.127906 0.129365 0.130794 0.132185 0.134019 0.135508 0.137015 0.138528 0.139983 0.141449 0.142841 0.144491 0.145940 0.147435 0.148960 0.150307 0.151531 0.152835 0.154291 0.155763 0.157303 0.158726 0.160353 0.161530 0.162667 0.163912 0.165190 0.166631 0.168121 0.169575 0.170950 0.172341 0.173792 0.175231 0.176412 0.177483 0.178479 0.179474 0.180485 0.181501 0.182506 0.183528 0.184534 0.185570 0.186638 0.187789 0.189166 0.190379 0.191468
Elapsed_time: 0.191468
Score: -63.850920
151
992.652372 287.149270 265.877658 246.095836 227.942307 211.416805 196.572932 182.751289 170.248474 158.630687 147.833231 137.861580 128.571134 119.849578 111.665724 103.955665 96.730208 89.787005 83.236932 76.964630 71.205185 65.628284 60.389307 55.484691 50.855423 46.524013 42.325614 38.340829 34.415036 30.852115 27.241451 23.909822 20.629201 17.563803 14.535569 11.647141 8.806304 6.161135 3.556356 1.056021 -1.391968 -3.765998 -6.033498 -8.186483 -10.307696 -12.338344 -14.291870 -16.206049 -18.027006 -19.839098 -21.533639 -23.236145 -24.840312 -26.424246 -27.931028 -29.417663 -30.836232 -32.197469 -33.539695 -34.844284 -36.126257 -37.345470 -38.572836 -39.743399 -40.916737 -42.016226 -43.158914 -44.209804 -45.261252 -46.257174 -47.259305 -48.191981 -49.142117 -50.045096 -50.954406 -51.828393 -52.706181 -53.520327 -54.334783 -55.081654 -55.850904 -56.581813 -57.340779 -58.047593 -58.782664 -59.471334 -60.182770 -60.842463 -61.514470 -62.147444 -62.788719 -63.387365 -63.987178 -64.560098 -65.133117 -65.702808 -66.267090 -66.832812 -67.383829 -67.930180 -68.462691 -68.990642 -69.499261 -70.011657 -70.492065 -70.982730 -71.444646 -71.917059 -72.358659 -72.811247 -73.240410 -73.677751 -74.097017 -74.512185 -74.915949 -75.317469 -75.709767 -76.102884 -76.492190 -76.868264 -77.233018 -77.583647 -77.924914 -78.249999 -78.567133 -78.868425 -79.162578 -79.446050 -79.721850 -79.983448 -80.237319 -80.478414 -80.713152 -80.934589 -81.145694 -81.342129 -81.528168 -81.700205 -81.861800 -82.011005 -82.149258 -82.275379 -82.390052 -82.492854 -82.584147 -82.663675 -82.731784 -82.788389 -82.833583 -82.867396 -82.889897
0.000012 0.003004 0.004304 0.005354 0.006528 0.007534 0.008552 0.009589 0.010615 0.011635 0.012650 0.013666 0.014840 0.015920 0.016966 0.018011 0.019075 0.020124 0.021138 0.022167 0.023213 0.024268 0.025288 0.026308 0.027323 0.028348 0.029363 0.030581 0.031741 0.032833 0.033881 0.034922 0.035975 0.036973 0.038027 0.039255 0.040765 0.042132 0.043253 0.044435 0.045783 0.047384 0.048921 0.050457 0.052027 0.053491 0.054952 0.056454 0.057887 0.059150 0.060273 0.061294 0.062298 0.063302 0.065394 0.066410 0.067438 0.068440 0.069451 0.070463 0.071487 0.072542 0.073602 0.074932 0.075985 0.077089 0.078134 0.079175 0.080226 0.081226 0.082598 0.083595 0.084750 0.085893 0.087111 0.088560 0.090375 0.091847 0.093217 0.094409 0.095563 0.096580 0.097588 0.098753 0.099824 0.100854 0.102009 0.103362 0.104882 0.106441 0.108130 0.109759 0.111431 0.112979 0.114497 0.116037 0.117389 0.118690 0.119758 0.120804 0.121822 0.122916 0.124322 0.125580 0.126676 0.127687 0.128766 0.129795 0.130822 0.131881 0.132887 0.134687 0.135686 0.136779 0.137926 0.138982 0.139988 0.141000 0.142017 0.143023 0.144055 0.145070 0.146081 0.147283 0.148363 0.149383 0.150404 0.151445 0.152467 0.153496 0.154603 0.155616 0.156630 0.157764 0.158771 0.159801 0.160807 0.161814 0.162824 0.163832 0.164850 0.165894 0.166911 0.167979 0.169020 0.170148 0.171193 0.172201 0.173234 0.174244 0.175988
Elapsed_time: 0.175988
Score: -82.889897
151
1039.903796 288.281999 268.086794 248.759045 230.754872 214.160897 199.021987 185.260384 172.672489 161.241667 150.863953 141.305374 132.831753 124.893427 117.779452 111.099852 105.082033 99.358573 94.113424 89.194158 84.600343 80.143547 76.083538 72.123045 68.365832 64.679364 61.208611 57.809279 54.604970 51.483485 48.431012 45.456770 42.624079 39.818856 37.193371 34.593969 32.113340 29.561947 27.208221 24.852840 22.644188 20.405516 18.242095 16.141618 14.055999 12.037000 10.045561 8.137840 6.310229 4.473023 2.718959 0.949069 -0.718076 -2.372010 -3.984542 -5.597840 -7.192695 -8.710345 -10.193266 -11.632193 -13.027667 -14.424906 -15.775819 -17.113115 -18.368131 -19.632085 -20.835647 -22.038395 -23.177310 -24.314609 -25.429599 -26.544165 -27.644875 -28.726386 -29.797358 -30.830509 -31.910136 -32.929584 -33.971857 -34.969756 -35.979571 -36.943175 -37.913550 -38.813858 -39.756897 -40.666409 -41.601891 -42.518310 -43.457336 -44.355178 -45.249461 -46.107027 -46.964720 -47.796069 -48.636485 -49.439128 -50.244705 -51.032012 -51.801003 -52.550353 -53.277323 -53.983216 -54.680986 -55.368412 -56.050323 -56.719193 -57.375687 -58.016281 -58.651211 -59.259473 -59.870135 -60.457587 -61.038629 -61.601024 -62.158696 -62.701918 -63.235479 -63.754364 -64.261187 -64.748517 -65.224297 -65.681320 -66.122830 -66.553141 -66.969004 -67.372018 -67.761635 -68.138451 -68.501495 -68.849854 -69.183233 -69.501598 -69.804297 -70.091894 -70.363998 -70.621770 -70.864621 -71.092582 -71.305215 -71.502399 -71.684398 -71.851424 -72.003383 -72.140215 -72.261823 -72.368215 -72.459383 -72.535329 -72.596069 -72.641613 -72.671972
0.000012 0.003047 0.004148 0.005846 0.006957 0.008159 0.009199 0.010363 0.011416 0.012445 0.013637 0.014761 0.016031 0.017086 0.018141 0.019174 0.020452 0.021597 0.022688 0.023733 0.024805 0.025867 0.026882 0.027903 0.028925 0.029960 0.030975 0.031989 0.033008 0.034016 0.035024 0.036078 0.037093 0.038106 0.039125 0.040239 0.041284 0.042311 0.043338 0.044337 0.045349 0.046359 0.047376 0.048380 0.049464 0.050704 0.052075 0.053306 0.054417 0.055429 0.056428 0.057435 0.058446 0.059446 0.060445 0.061445 0.062456 0.063486 0.064499 0.065499 0.066500 0.067507 0.068534 0.069541 0.070558 0.071603 0.072601 0.073621 0.074629 0.075630 0.076629 0.077834 0.078866 0.079874 0.080873 0.081885 0.082883 0.083885 0.084900 0.085899 0.086912 0.087936 0.088961 0.090247 0.091260 0.092409 0.093452 0.094463 0.095470 0.096482 0.097592 0.098635 0.099669 0.100701 0.101823 0.103182 0.104768 0.106469 0.108084 0.109975 0.111798 0.113409 0.114969 0.116542 0.118057 0.119529 0.121137 0.122856 0.124329 0.125830 0.127583 0.130016 0.131681 0.133272 0.134617 0.135940 0.137376 0.138449 0.139456 0.140476 0.141499 0.142546 0.143709 0.144721 0.146047 0.147058 0.148253 0.149274 0.150286 0.151337 0.152345 0.153375 0.154401 0.155458 0.156506 0.157690 0.158775 0.159784 0.160880 0.161883 0.162887 0.163939 0.165024 0.166050 0.167050 0.168052 0.169081 0.170090 0.171320 0.172319 0.173319
Elapsed_time: 0.173319
Score: -72.671972
