5
151
370.388334 349.268196 321.976671 321.967471 310.528867 306.587659 298.014944 297.060959 286.615827 285.478093 277.018565 277.112535 268.439181 266.967515 257.999878 256.222241 248.948169 247.790509 240.743582 240.357050 233.135124 232.135364 225.430711 224.304449 217.992166 216.937125 210.717321 209.487207 203.184702 201.506058 195.565655 193.759617 187.616916 186.284676 180.134686 178.613180 172.384984 170.741766 164.884748 163.092780 157.577571 155.815114 150.374102 148.796361 143.447199 141.861979 136.619313 135.154464 129.726633 128.605818 123.404817 122.213004 116.969894 115.924528 110.952195 110.056461 105.105377 104.182052 99.086372 98.120807 93.404575 92.547518 87.844463 86.990130 82.322051 81.457273 77.251463 76.349287 72.218784 71.141393 67.468924 66.414146 62.888815 61.563678 58.527416 57.080893 54.116888 52.735085 49.776448 48.549944 45.515094 44.293189 41.226427 40.078583 36.965091 35.825160 32.842367 31.654346 28.703143 27.458699 24.746473 23.502174 20.911922 19.636966 17.202848 16.057829 13.671171 12.699303 10.330207 9.471778 7.135299 6.303086 3.929939 3.049095 0.816523 -0.072513 -2.234226 -3.155718 -5.238503 -6.182445 -8.150642 -9.210405 -11.061012 -12.214522 -14.102820 -15.226572 -17.038555 -18.173764 -19.917371 -21.165737 -23.015999 -24.314882 -26.155795 -27.403038 -29.181772 -30.362448 -32.114354 -33.189070 -34.919112 -36.128873 -37.850489 -39.119201 -40.763321 -41.977357 -43.507226 -44.699215 -46.127642 -47.324439 -48.635495 -49.796206 -51.013237 -52.094859 -53.173809 -54.159110 -55.072980 -55.896451 -56.622194 -57.232733 -57.708790 -58.045197 -58.262687
0.203526 0.240510 0.249694 0.259931 0.269581 0.278882 0.290276 0.299515 0.309232 0.318659 0.328008 0.337201 0.346306 0.355373 0.366182 0.376123 0.385240 0.394748 0.404002 0.416129 0.425181 0.434247 0.443270 0.452257 0.461359 0.470430 0.482367 0.493934 0.503045 0.514292 0.523991 0.535995 0.545107 0.555612 0.565801 0.574809 0.583862 0.592945 0.602051 0.611204 0.621362 0.630523 0.639890 0.650621 0.659640 0.668665 0.677679 0.686688 0.695730 0.704756 0.713846 0.725718 0.734836 0.743899 0.753115 0.762203 0.771284 0.780446 0.790462 0.800360 0.809508 0.820256 0.831342 0.840633 0.849811 0.860236 0.870083 0.879172 0.888311 0.898432 0.909074 0.918291 0.927375 0.936894 0.947813 0.957523 0.970553 0.980161 0.989262 0.998701 1.007742 1.016872 1.026323 1.038245 1.049160 1.058168 1.067247 1.076525 1.085562 1.094626 1.104094 1.115656 1.128209 1.139268 1.149460 1.159394 1.168568 1.177975 1.187126 1.196880 1.206541 1.215558 1.224908 1.234842 1.243898 1.253007 1.263379 1.272593 1.282399 1.291795 1.300949 1.310702 1.319751 1.328884 1.338020 1.347157 1.356595 1.366267 1.375539 1.385185 1.394330 1.403513 1.412671 1.421838 1.430954 1.440829 1.450092 1.459462 1.468544 1.477658 1.486954 1.496067 1.505125 1.514253 1.523287 1.532359 1.541414 1.550460 1.559595 1.568950 1.579672 1.589747 1.599272 1.608366 1.617772 1.627309 1.637549 1.646593 1.657619 1.666779 1.676316
Elapsed_time: 1.676316
Score: -58.262687
151
353.955164 336.171303 305.967404 315.813357 294.299400 302.871935 282.176807 290.030644 269.298613 277.338850 258.259838 265.739533 248.464087 255.553252 238.962836 246.241404 230.444342 237.694410 221.958354 229.250667 214.413968 221.185034 206.106119 212.865414 198.198660 205.087985 190.720154 197.988296 184.155563 191.044163 177.887986 184.213630 171.291335 177.476431 164.682227 170.639354 158.017767 163.824956 152.052678 157.600813 146.113732 151.564205 140.465584 145.660035 134.748891 139.600437 129.119181 134.069857 123.744999 128.362965 118.173100 122.544420 112.693462 117.037270 107.490365 111.057912 102.047047 105.265837 96.415421 99.597720 91.035505 94.232430 86.258500 89.486076 81.790079 84.949745 77.497537 80.556686 73.119508 76.313684 69.195306 72.374240 65.641785 68.595455 62.102102 64.781331 58.684949 61.279987 55.550125 58.040326 52.317416 54.487344 48.937750 50.954967 45.818408 47.568222 42.705625 44.250879 39.614329 41.051150 36.588347 37.805094 33.441871 34.517126 30.180179 31.114728 27.015808 27.936038 24.034610 24.795475 21.186112 21.869627 18.492917 18.864000 15.637727 15.977165 12.913749 13.095290 10.155842 10.144276 7.356502 7.064286 4.439693 3.936520 1.496295 0.809779 -1.660870 -2.507969 -4.891424 -5.836152 -8.123461 -9.085368 -11.243376 -12.201521 -14.138520 -15.133409 -17.223197 -18.401195 -20.464845 -21.815024 -23.880631 -25.324887 -27.160760 -28.624613 -30.259264 -31.656265 -33.166184 -34.503904 -35.916857 -37.187057 -38.481268 -39.698388 -40.876201 -41.968377 -42.975774 -43.885081 -44.680537 -45.349691 -45.873315 -46.250160 -46.495664
0.202598 0.235557 0.244862 0.255011 0.264189 0.273243 0.282365 0.291473 0.300846 0.310589 0.319667 0.328711 0.337876 0.347128 0.356240 0.365388 0.374536 0.383695 0.392805 0.401894 0.411011 0.420137 0.429293 0.438698 0.450115 0.461453 0.470700 0.481372 0.493969 0.502966 0.511994 0.521033 0.530500 0.540785 0.550030 0.561305 0.571081 0.580150 0.590152 0.600372 0.609369 0.618791 0.627860 0.636917 0.646020 0.655861 0.665094 0.674162 0.683484 0.692637 0.701688 0.710755 0.719777 0.728815 0.737879 0.746914 0.755949 0.765227 0.774431 0.784602 0.794038 0.803129 0.813059 0.822221 0.832470 0.842705 0.851921 0.861351 0.871616 0.882140 0.891438 0.900694 0.909973 0.919047 0.928431 0.937792 0.950807 0.959916 0.968943 0.978015 0.987018 0.996104 1.005207 1.014447 1.026808 1.035871 1.044900 1.053957 1.063018 1.072112 1.081154 1.090212 1.102174 1.112076 1.121379 1.130578 1.139664 1.148806 1.158025 1.167486 1.176592 1.186290 1.200299 1.214348 1.225128 1.234152 1.243384 1.252732 1.264692 1.274749 1.285053 1.295482 1.304532 1.313542 1.322583 1.333157 1.342363 1.351888 1.361798 1.370927 1.380260 1.390646 1.400046 1.410642 1.419773 1.429418 1.438523 1.447946 1.458390 1.469249 1.478278 1.488839 1.497882 1.506914 1.515953 1.524953 1.534000 1.543031 1.552088 1.561317 1.572078 1.581123 1.590222 1.600942 1.610002 1.619335 1.628619 1.637839 1.647088 1.656564 1.665913
Elapsed_time: 1.665913
Score: -46.495664
151
382.976404 344.515074 320.236045 317.802546 302.135746 302.810760 286.870158 288.978971 273.999440 276.271862 261.635385 264.512324 250.575169 253.002578 239.804720 241.488810 229.541311 231.078316 220.014210 221.243553 210.985932 212.381395 203.240553 204.482815 195.875920 197.432561 188.935536 190.135924 181.939639 182.850756 174.722965 175.389908 167.406113 168.158793 160.361731 161.089945 153.739197 154.435597 147.222718 147.981266 140.948652 141.436256 134.638103 135.098191 128.634287 129.074474 122.812257 123.175899 117.139502 117.500560 111.706881 112.062967 106.370272 106.938124 101.465380 102.125841 96.827352 97.434885 92.336402 92.987751 87.979385 88.528564 83.700469 84.222574 79.338476 79.970522 75.219265 75.650774 71.160581 71.538009 67.118979 67.356206 62.970724 63.060950 58.887908 58.938682 54.632745 54.563329 50.695479 50.576943 46.853029 46.539547 43.072155 42.739823 39.444778 39.092742 35.850823 35.282647 32.148744 31.565615 28.486637 27.900220 24.937104 24.467103 21.617936 21.216028 18.523782 18.070744 15.468888 14.928860 12.561594 12.224914 9.704319 9.463563 6.888897 6.721394 4.335427 4.121502 1.778097 1.522228 -0.755953 -1.159844 -3.491324 -4.151969 -6.386852 -7.331252 -9.614499 -10.683823 -12.768533 -14.047322 -16.010059 -17.355796 -19.291343 -20.703757 -22.802494 -24.423896 -26.510654 -28.129565 -30.105806 -31.663025 -33.454737 -34.973571 -36.554509 -38.020372 -39.556213 -40.951785 -42.399665 -43.735305 -45.097778 -46.371762 -47.611795 -48.772123 -49.874586 -50.896113 -51.832079 -52.679330 -53.411557 -54.027754 -54.507583 -54.854337 -55.080431
0.200152 0.234569 0.244836 0.254678 0.263903 0.273200 0.284613 0.295995 0.305139 0.315572 0.325456 0.334540 0.343656 0.352875 0.362279 0.371788 0.384758 0.393815 0.403046 0.412365 0.423451 0.432837 0.442897 0.452981 0.462213 0.472467 0.481572 0.491341 0.500436 0.510114 0.522099 0.531322 0.541799 0.551030 0.561724 0.570809 0.580498 0.589658 0.598722 0.607811 0.617011 0.626217 0.635469 0.644925 0.653975 0.663521 0.672631 0.681847 0.692160 0.703208 0.713363 0.722489 0.732271 0.743101 0.753801 0.762874 0.772082 0.782031 0.791386 0.801403 0.810586 0.820256 0.830164 0.840192 0.849771 0.859280 0.869742 0.879389 0.888830 0.897918 0.907259 0.919714 0.928870 0.940290 0.954175 0.969062 0.981539 0.990942 1.000019 1.009085 1.018196 1.027349 1.036532 1.045662 1.054733 1.063939 1.073196 1.082358 1.091478 1.101989 1.111065 1.120199 1.129475 1.139188 1.148248 1.157584 1.167211 1.176447 1.185661 1.194803 1.203860 1.213078 1.224008 1.234999 1.244092 1.253280 1.262364 1.271501 1.280539 1.290401 1.299536 1.308676 1.317724 1.327690 1.338337 1.347539 1.356647 1.365805 1.374997 1.385749 1.395924 1.405970 1.416274 1.426053 1.436921 1.446267 1.455321 1.464347 1.473370 1.482409 1.491452 1.500491 1.509545 1.518616 1.527631 1.536687 1.545728 1.554829 1.563895 1.572983 1.581986 1.591199 1.600254 1.609298 1.618854 1.628435 1.637495 1.647306 1.656573 1.670354 1.680535
Elapsed_time: 1.680535
Score: -55.080431
151
336.735080 245.376151 214.701194 199.575477 185.076948 175.744968 165.357466 158.758303 150.188605 145.787852 139.077721 136.009524 129.995360 127.608101 122.093741 120.507645 115.622142 114.059182 109.728104 108.073103 103.903504 102.704410 98.535542 97.536204 93.573794 92.821489 89.096860 88.343660 84.569885 84.245247 80.732972 80.351682 77.122469 76.930216 73.833754 73.609173 70.603960 70.117766 67.052882 66.801035 63.778047 63.319904 60.273248 59.855562 56.867802 56.686582 53.529841 53.057371 50.244402 49.683859 47.218633 46.478434 44.120904 43.487695 41.225717 40.574422 38.501596 37.789745 35.821631 35.087094 33.125399 32.501098 30.642412 30.161074 28.438903 27.953074 26.201779 25.566367 23.977325 23.307846 21.750690 21.069250 19.349682 18.653881 16.925946 16.079180 14.488991 13.713406 12.255717 11.511810 10.205912 9.565531 8.325390 7.792881 6.484623 5.988419 4.733567 4.168726 2.884258 2.278355 0.985127 0.553216 -0.666682 -1.043194 -2.229580 -2.694505 -3.794618 -4.338136 -5.360809 -5.906232 -6.882124 -7.443323 -8.449046 -9.016641 -10.089326 -10.811178 -11.937276 -12.870745 -14.064073 -15.090856 -16.320173 -17.444343 -18.646834 -19.748081 -20.919788 -21.987716 -23.079560 -24.102193 -25.178185 -26.148462 -27.177118 -28.110905 -29.098219 -30.032445 -31.021293 -31.973252 -32.969487 -33.916854 -34.876063 -35.789526 -36.711198 -37.600242 -38.490615 -39.336246 -40.179021 -40.975005 -41.747698 -42.478146 -43.173900 -43.823160 -44.425735 -44.983999 -45.488398 -45.940001 -46.331117 -46.659214 -46.929956 -47.152646 -47.329745 -47.461231 -47.548319
0.203390 0.249520 0.260822 0.271558 0.281031 0.290249 0.300711 0.309754 0.318953 0.328404 0.337507 0.346669 0.355741 0.364834 0.375305 0.385635 0.394847 0.404617 0.413868 0.424144 0.434687 0.445272 0.455379 0.465233 0.474586 0.483687 0.492728 0.501765 0.510795 0.520705 0.532243 0.541493 0.551729 0.562638 0.574122 0.583237 0.592290 0.601487 0.610743 0.619863 0.628911 0.640117 0.650438 0.659958 0.669299 0.678455 0.687495 0.696600 0.705670 0.714884 0.725169 0.734349 0.743481 0.752581 0.761657 0.770771 0.779837 0.788974 0.798073 0.807175 0.816551 0.825664 0.834800 0.843881 0.853636 0.862745 0.871915 0.882116 0.891327 0.900382 0.910052 0.920997 0.931289 0.940708 0.949933 0.959035 0.968349 0.977542 0.986691 0.995787 1.004833 1.013868 1.023110 1.032231 1.041434 1.050509 1.059551 1.070169 1.079998 1.089349 1.100019 1.109100 1.119198 1.128732 1.137789 1.147024 1.156610 1.166079 1.177652 1.187305 1.197699 1.206825 1.215873 1.226368 1.235566 1.246597 1.255830 1.264953 1.274181 1.283399 1.292766 1.302487 1.312196 1.322249 1.331288 1.340373 1.349895 1.358950 1.368053 1.378477 1.388597 1.398576 1.407764 1.417015 1.428050 1.437166 1.447089 1.456759 1.465798 1.474843 1.484020 1.495205 1.504269 1.513355 1.522701 1.531892 1.540981 1.550195 1.559286 1.568442 1.578424 1.587611 1.596764 1.605927 1.615853 1.624982 1.634044 1.643987 1.653841 1.663007 1.672177
Elapsed_time: 1.672177
Score: -47.548319
151
368.723867 345.047194 319.776619 327.249267 304.134928 310.839962 288.872968 294.950817 274.949324 281.510979 262.866703 269.830413 251.920600 259.541425 242.760959 250.449091 234.520517 241.991579 226.487153 233.533415 218.499208 225.443253 211.214013 218.088108 204.333546 211.070572 197.499090 203.954845 190.605313 196.627580 183.635368 189.671737 176.977417 183.187399 170.796082 176.596106 164.459809 169.918019 158.439943 163.962613 152.901694 158.429557 147.761911 152.911603 142.249821 147.331142 137.221230 142.100625 132.061308 136.758075 126.927445 131.272821 121.792301 126.066270 116.786916 120.926318 111.818762 115.855955 107.124733 110.607594 102.007150 105.607059 97.342357 100.955127 92.885512 96.495015 88.564484 92.054477 84.248260 87.805797 80.125896 83.552117 75.902717 79.414521 71.757041 75.506317 67.845537 71.417973 64.016602 67.307203 60.231230 63.138698 56.567130 59.331100 53.030256 55.630186 49.659829 51.849062 46.332918 48.351540 43.098523 44.827726 39.820262 41.540900 36.789558 38.486517 34.049146 35.535305 31.352134 32.667851 28.564566 29.751645 25.884667 26.782506 23.260910 23.882075 20.378507 20.819538 17.560149 17.974459 14.928528 15.178378 12.306405 12.431089 9.670486 9.767713 7.243678 7.164953 4.774549 4.451710 2.140357 1.523112 -0.817904 -1.593382 -3.943631 -4.800528 -7.041261 -7.987857 -9.949240 -11.026507 -12.783106 -13.957645 -15.568026 -16.793161 -18.189119 -19.327363 -20.609651 -21.725828 -22.899715 -23.962940 -25.053771 -26.048656 -27.027003 -27.926650 -28.762315 -29.519121 -30.181130 -30.743506 -31.183488 -31.497624 -31.698395
0.207776 0.242743 0.251818 0.260969 0.270169 0.284713 0.293840 0.302892 0.312065 0.322572 0.331653 0.340776 0.349886 0.359046 0.368197 0.377542 0.386645 0.395768 0.405267 0.414421 0.428259 0.437495 0.446828 0.455895 0.464920 0.473958 0.483005 0.492107 0.501142 0.510319 0.519370 0.528437 0.537470 0.546526 0.555913 0.566317 0.578994 0.588478 0.600708 0.609772 0.619032 0.628672 0.639641 0.648713 0.657833 0.666898 0.676025 0.685328 0.696415 0.706450 0.715555 0.724852 0.734111 0.743447 0.753398 0.762884 0.772127 0.781232 0.791081 0.800158 0.809363 0.818467 0.827690 0.836786 0.845910 0.855207 0.866028 0.875528 0.885217 0.894922 0.906261 0.917319 0.927066 0.936384 0.945752 0.955417 0.966143 0.975537 0.984581 0.993744 1.002832 1.012237 1.021300 1.030361 1.039389 1.048509 1.059518 1.071969 1.083404 1.095405 1.106133 1.115485 1.124502 1.133700 1.143819 1.154575 1.163667 1.173633 1.182848 1.192308 1.201481 1.211741 1.220865 1.230374 1.239613 1.249404 1.258808 1.268467 1.277655 1.288214 1.297343 1.306510 1.316298 1.325412 1.335927 1.345099 1.355800 1.366076 1.375359 1.386389 1.397642 1.406649 1.415716 1.424775 1.433904 1.442951 1.452057 1.462453 1.471561 1.481028 1.490960 1.500241 1.509665 1.518856 1.529166 1.538198 1.547281 1.556299 1.565341 1.574365 1.583450 1.592451 1.601661 1.612130 1.622909 1.635121 1.644224 1.653261 1.662342 1.671365 1.680415
Elapsed_time: 1.680415
Score: -31.698395
