5
151
18884.289771 14400.937016 3346.217311 1698.505432 1207.770669 1091.911878 1015.696310 949.522396 868.066399 801.339613 719.299406 653.515036 606.906819 569.165851 517.876289 480.153337 443.610107 411.127682 378.697649 348.246376 322.007273 304.510991 281.383794 265.929892 250.934981 241.620121 231.673057 223.943566 216.069405 209.172897 201.932781 194.998663 187.409942 182.246506 174.942044 171.565515 165.425174 162.137408 157.840691 153.157243 149.017120 145.131034 141.298484 137.620701 133.496553 126.897704 121.699042 115.211472 109.319591 104.404380 100.518148 96.489823 93.386691 91.040586 89.080657 87.803222 86.024551 83.975344 82.953966 81.914764 80.434002 80.192813 79.644360 78.122966 77.251592 76.311875 75.940468 75.313420 74.494304 73.805558 73.143254 72.389971 72.026110 71.717474 71.347664 70.987050 70.427658 70.024893 69.584260 69.209438 68.877769 68.615103 68.172813 67.814173 67.525567 67.260713 66.936370 66.669416 66.392986 66.056026 65.710510 65.275372 64.669204 64.001985 63.240831 62.030459 60.657995 59.198089 57.377434 55.365685 52.526522 48.943273 45.241222 41.425145 37.312214 33.810872 29.867771 26.979212 23.833062 21.060312 19.073546 17.622169 16.286275 14.842722 13.909523 13.095616 12.337323 11.649903 10.871259 10.128637 9.523073 8.980503 8.538288 8.054912 7.542878 7.120233 6.653907 6.200540 5.817523 5.450512 5.177426 4.983835 4.822345 4.680713 4.556497 4.468093 4.394867 4.322365 4.257766 4.201840 4.177448 4.168495 4.152021 4.107641 4.056193 4.012631 3.962099 3.913676 3.867817 3.830347 3.785497
0.000054 0.036539 0.052592 0.065973 0.082859 0.095484 0.108468 0.122945 0.135019 0.146651 0.158112 0.169821 0.180888 0.193812 0.205190 0.216729 0.229190 0.240548 0.253112 0.264114 0.275085 0.286735 0.297532 0.308653 0.319735 0.331433 0.342068 0.352711 0.364277 0.375659 0.389917 0.401240 0.411680 0.423746 0.434595 0.445149 0.455910 0.466406 0.476754 0.488244 0.498596 0.508886 0.519968 0.532024 0.543120 0.553441 0.565920 0.577639 0.589312 0.599518 0.609983 0.620438 0.630781 0.640837 0.650910 0.661042 0.672693 0.682839 0.692927 0.703560 0.713873 0.735593 0.747217 0.757442 0.768161 0.779166 0.799901 0.809957 0.820896 0.831440 0.842618 0.855124 0.865136 0.875109 0.885248 0.896028 0.906980 0.917190 0.927743 0.937895 0.947949 0.957958 0.967885 0.977844 0.987831 0.997912 1.007884 1.018941 1.028878 1.038818 1.048903 1.059114 1.069140 1.080227 1.090508 1.102257 1.112268 1.122170 1.132148 1.142179 1.152217 1.162339 1.172539 1.183523 1.193447 1.203458 1.214568 1.224441 1.234304 1.244186 1.255646 1.267238 1.277606 1.288600 1.299130 1.311055 1.322042 1.333207 1.342895 1.352626 1.362458 1.372057 1.381704 1.391454 1.401313 1.412955 1.423271 1.433067 1.443676 1.453897 1.463750 1.473924 1.484363 1.494091 1.504199 1.514163 1.524191 1.533781 1.543546 1.554172 1.564202 1.575173 1.585552 1.595634 1.605905 1.617008 1.626606 1.636596 1.647220 1.657834 1.667827
Elapsed_time: 1.667827
Score: 3.785497
151
18564.936694 14093.718714 3320.041008 1699.678136 1206.132170 1083.194553 982.606492 899.144209 811.856646 752.571148 697.438836 651.910445 622.021036 600.953081 590.043030 537.740590 506.099584 465.837431 437.186504 412.656462 384.280760 363.275551 342.823969 321.780608 305.549104 292.567869 279.516539 268.103612 266.627678 254.660017 247.818173 240.343295 234.686049 229.802964 225.374394 220.393549 215.829380 211.937555 208.620784 205.244914 201.681538 198.641113 195.908414 192.467311 189.400391 186.115526 182.140344 178.305630 173.493975 168.332649 164.362167 161.300252 158.062471 155.308593 152.800969 150.234054 148.127423 145.959509 143.990953 142.045677 139.853901 137.618885 135.422394 133.368637 131.020097 128.663272 126.258317 123.420517 120.484762 116.841545 113.114507 109.878384 107.244955 104.196307 101.504839 98.979207 96.653909 94.464486 92.011948 88.889775 85.915277 82.515281 78.502944 74.770983 70.850647 66.865588 64.263925 60.820641 56.629737 53.425204 49.467371 44.682390 40.920733 37.558236 34.309600 31.008220 28.297569 25.396836 23.190263 21.161661 18.846459 16.984708 15.554573 14.195018 13.903118 13.502915 12.113808 11.040691 9.787018 8.850173 8.145418 7.570921 7.087423 6.697774 6.464296 6.239038 6.057598 5.820837 5.564133 5.362394 5.231901 5.060164 4.935545 4.803867 4.704513 4.620461 4.533623 4.438468 4.380880 4.324883 4.296235 4.261482 4.208247 4.162116 4.118258 4.105473 4.036138 3.998147 3.969371 3.925287 3.897985 3.849272 3.820654 3.793485 3.767819 3.737180 3.718295 3.708020 3.700656 3.691010 3.684155
0.000040 0.026722 0.039884 0.053477 0.066526 0.080094 0.092686 0.104588 0.116288 0.128125 0.139569 0.150876 0.162573 0.173695 0.185673 0.197251 0.208512 0.220125 0.231706 0.243760 0.255045 0.266391 0.278775 0.289833 0.301976 0.313436 0.324261 0.335787 0.346529 0.357191 0.367725 0.378413 0.388919 0.399414 0.409977 0.420433 0.430925 0.445153 0.455704 0.466270 0.477577 0.489826 0.500623 0.511073 0.521872 0.533079 0.546308 0.556771 0.567199 0.577522 0.587731 0.599443 0.610679 0.622265 0.638799 0.649228 0.660033 0.670760 0.681038 0.691372 0.701672 0.711862 0.724903 0.735373 0.746703 0.758136 0.768248 0.778269 0.788282 0.798278 0.808449 0.818485 0.830562 0.840597 0.850577 0.860843 0.871378 0.883424 0.893389 0.903378 0.913443 0.924015 0.937385 0.948647 0.959464 0.969646 0.979965 0.993360 1.003806 1.014195 1.025728 1.037570 1.048340 1.061644 1.071613 1.081466 1.091274 1.101665 1.111871 1.121672 1.131459 1.141209 1.151018 1.160687 1.180241 1.191625 1.201343 1.211092 1.220882 1.231273 1.242365 1.252560 1.262245 1.271924 1.281774 1.291780 1.304123 1.313786 1.323425 1.333102 1.343838 1.353706 1.363671 1.373262 1.382856 1.392516 1.402161 1.413437 1.423505 1.433462 1.452937 1.462553 1.472219 1.482098 1.491739 1.501435 1.511636 1.521252 1.530859 1.540512 1.550148 1.559759 1.569450 1.579073 1.588963 1.598726 1.609619 1.619327 1.629019 1.638999 1.648606
Elapsed_time: 1.648606
Score: 3.684155
151
20711.960297 15830.540153 3696.243494 1802.663360 1235.622596 1112.100537 1038.602087 945.604811 864.628243 803.127396 726.123767 661.301869 604.241908 557.540174 515.887886 480.675258 451.713796 424.926977 397.508126 370.665220 346.955500 326.803187 307.104874 288.137375 271.020513 255.757458 239.490639 224.509106 210.540054 199.147464 188.495704 179.816523 172.505266 166.561707 161.335369 154.836038 149.447178 143.808805 137.667360 131.501046 126.443731 120.119622 113.966965 107.761626 100.787044 96.222908 90.726405 85.285423 80.466392 75.496673 69.732069 65.454730 61.260158 56.835083 53.108925 49.010172 45.029358 41.059729 37.369491 33.578621 29.873468 26.445580 23.052756 20.064066 17.364618 15.203397 13.447708 11.757967 10.694529 9.661804 8.770697 8.109790 7.516414 6.946893 6.534287 6.279158 5.989518 5.703694 5.541527 5.342440 5.121566 5.066180 4.994206 4.792295 4.660132 4.506496 4.366567 4.267466 4.178961 4.112375 4.045363 3.998360 3.953902 3.932736 3.901469 3.869328 3.843037 3.831586 3.816579 3.791005 3.773675 3.755389 3.728289 3.715877 3.705147 3.696064 3.688177 3.677659 3.666982 3.661762 3.653882 3.649098 3.643828 3.637350 3.631775 3.626617 3.622554 3.618911 3.615992 3.613299 3.610650 3.608444 3.605733 3.603715 3.601821 3.599443 3.597130 3.594683 3.592680 3.591103 3.589774 3.588640 3.587524 3.586602 3.585631 3.585150 3.584105 3.583745 3.583186 3.582761 3.582422 3.582152 3.581943 3.581697 3.581450 3.581227 3.581085 3.580896 3.580755 3.580608 3.580440
0.000037 0.027248 0.040834 0.053839 0.067437 0.080219 0.093423 0.106549 0.118869 0.130599 0.143111 0.154499 0.167928 0.179640 0.191227 0.203135 0.215933 0.227139 0.238316 0.249458 0.260871 0.271826 0.282729 0.293670 0.304496 0.315245 0.325955 0.336643 0.347303 0.358597 0.371567 0.382785 0.393229 0.403553 0.413845 0.424207 0.434871 0.445113 0.455468 0.466070 0.476243 0.486393 0.496532 0.508359 0.518461 0.528596 0.539615 0.550325 0.560266 0.571035 0.581157 0.591063 0.600969 0.611222 0.621101 0.631049 0.641752 0.652377 0.662328 0.673074 0.683067 0.692986 0.703349 0.714075 0.724206 0.736558 0.746909 0.756981 0.768379 0.778092 0.787996 0.798328 0.809669 0.819649 0.829419 0.839195 0.848983 0.858730 0.868463 0.878234 0.887978 0.907493 0.917389 0.927218 0.937216 0.947273 0.959410 0.970513 0.980303 0.990122 0.999898 1.009660 1.019431 1.029188 1.038992 1.048710 1.058854 1.080945 1.094150 1.105948 1.117138 1.126963 1.136798 1.146855 1.156663 1.166423 1.176205 1.185976 1.195775 1.205577 1.215470 1.226011 1.236288 1.246882 1.256594 1.266390 1.277290 1.291016 1.304404 1.318155 1.330748 1.340764 1.350848 1.360816 1.370809 1.380797 1.390786 1.400608 1.410399 1.420815 1.431193 1.441043 1.452358 1.462802 1.476549 1.486236 1.496350 1.506874 1.516867 1.526576 1.536435 1.546330 1.556788 1.566907 1.576737 1.586675 1.597057 1.607628 1.617722 1.627955 1.639750
Elapsed_time: 1.639750
Score: 3.580440
151
20625.593017 15777.774889 3672.989766 1793.088272 1219.591589 1077.071363 982.493976 896.985944 820.924835 764.757993 691.922125 634.145476 582.349838 536.922201 495.674524 458.321212 426.780527 391.996732 372.041509 350.949800 337.503558 322.835330 314.146852 302.023958 294.560455 286.970499 281.221371 274.415001 267.532504 263.734964 259.560983 253.731876 249.041672 244.534834 240.144522 236.250663 231.965344 227.692202 223.514662 219.639711 216.333283 212.678161 208.812702 205.635282 202.308942 198.407134 195.014391 191.196900 187.430783 183.569910 179.440860 175.435078 172.433444 169.724038 166.800952 163.904351 161.004256 159.284466 156.533989 154.218448 152.358552 150.611624 149.489748 148.591789 147.508218 146.800060 146.005965 145.043814 144.289473 143.234052 142.203182 141.329624 140.540676 139.503331 138.680867 138.019219 137.408667 136.761864 135.930514 135.057345 134.223105 133.229359 132.046832 130.307671 128.858961 127.170762 124.950514 122.968520 120.331571 116.816572 113.347255 109.658183 106.315017 102.851939 99.571442 96.643050 94.479106 92.493213 90.822416 89.239163 87.712970 86.314261 84.972698 83.278023 81.306947 78.894031 76.654658 74.274376 72.237366 69.381996 65.261445 61.451138 57.612617 53.654601 50.273287 47.168115 43.849768 40.949275 38.434019 35.939486 33.223301 30.847530 28.480741 27.210114 24.683177 22.744017 20.678380 18.904653 17.019264 15.548329 14.101185 12.734194 11.555700 10.680705 9.797831 9.019830 8.404799 7.851208 7.329399 6.891556 6.522321 6.262576 6.025514 5.824081 5.614285 5.455681 5.300884 5.140380 5.038788 4.929090 4.777242
0.000037 0.027506 0.040687 0.053682 0.066521 0.079086 0.091216 0.102970 0.115413 0.127101 0.138949 0.150399 0.162649 0.174333 0.185655 0.196857 0.207981 0.219033 0.230151 0.242238 0.254499 0.265420 0.276954 0.288014 0.299865 0.312518 0.323538 0.334377 0.345510 0.356383 0.368463 0.379127 0.389944 0.401619 0.413417 0.425272 0.436266 0.446940 0.457735 0.468405 0.478981 0.489895 0.500566 0.512198 0.524382 0.536110 0.549222 0.559838 0.570383 0.581772 0.592655 0.604059 0.614692 0.625081 0.635605 0.646017 0.656455 0.666959 0.677422 0.690200 0.700929 0.711447 0.722690 0.733336 0.743847 0.754582 0.766165 0.778141 0.789172 0.800049 0.811780 0.823268 0.834115 0.844585 0.856013 0.867413 0.880129 0.890518 0.901430 0.912595 0.924818 0.935858 0.946048 0.956199 0.966534 0.976675 0.987963 0.999099 1.011495 1.021943 1.032135 1.042115 1.052088 1.062096 1.072072 1.082103 1.092238 1.102810 1.112865 1.122892 1.132851 1.142786 1.152777 1.162730 1.172675 1.182889 1.192911 1.203711 1.213621 1.223556 1.233953 1.246461 1.256415 1.266349 1.276285 1.286926 1.296937 1.306944 1.317932 1.328540 1.338358 1.348262 1.358121 1.367930 1.377689 1.387505 1.397243 1.407032 1.416847 1.426726 1.436655 1.447804 1.458595 1.468357 1.478201 1.487997 1.497718 1.507467 1.517435 1.527139 1.536891 1.546749 1.558884 1.569549 1.580529 1.590646 1.600756 1.610524 1.620222 1.629957 1.639817
Elapsed_time: 1.639817
Score: 4.777242
151
20824.198564 15913.461608 3652.068770 1800.877782 1231.928534 1093.863325 1002.038960 915.751709 844.166363 789.599850 723.874090 674.769258 634.547637 599.614135 566.214781 536.427406 509.163316 481.181005 459.322815 434.870576 413.431180 389.341627 366.697626 345.350923 329.836831 311.831041 297.055046 280.855728 268.275341 256.478328 246.681947 236.781343 227.603273 224.429569 216.193648 205.767072 198.428926 191.221347 183.038590 174.973915 168.974036 162.439237 154.746501 148.693040 142.297939 137.206596 133.182565 128.696312 125.190607 122.116622 119.594741 116.654675 113.675946 110.756935 108.366272 106.067930 103.528521 101.118292 98.485075 96.383640 94.260916 91.688781 89.980562 88.111429 85.994491 84.716001 83.245289 81.818664 80.789732 79.855228 79.358650 78.661030 77.846782 77.313724 76.882976 76.548595 76.203938 76.183315 76.074739 75.879131 75.732315 75.560794 75.433836 75.330208 75.221156 75.125138 75.016763 74.920994 74.851155 74.793684 74.720309 74.653812 74.588169 74.545935 74.511780 74.485660 74.459909 74.436485 74.417315 74.399994 74.384539 74.370357 74.358899 74.346964 74.338889 74.329666 74.321814 74.315536 74.308079 74.300215 74.296026 74.289385 74.285615 74.276556 74.268043 74.261118 74.247938 74.236425 74.221707 74.211741 74.199240 74.186676 74.169736 74.154383 74.146145 74.137039 74.127904 74.120527 74.114152 74.108626 74.105050 74.101844 74.097257 74.094949 74.092259 74.089775 74.087764 74.084399 74.082209 74.080058 74.078217 74.075806 74.072537 74.067599 74.061481 74.056548 74.049994 74.046671 74.043928 74.040143 74.037674
0.000038 0.028075 0.041368 0.054689 0.067734 0.080514 0.092967 0.105386 0.117359 0.129144 0.141041 0.152622 0.163975 0.175402 0.186867 0.198331 0.209865 0.221330 0.232696 0.244656 0.255906 0.267094 0.278272 0.289327 0.300270 0.311209 0.322116 0.332859 0.344944 0.355634 0.366669 0.377990 0.388808 0.399691 0.410374 0.421090 0.431847 0.442593 0.453891 0.465447 0.475964 0.486941 0.497615 0.508374 0.518849 0.529652 0.541961 0.553186 0.563457 0.573676 0.583990 0.594716 0.605801 0.616408 0.626578 0.637788 0.648766 0.658883 0.669646 0.682894 0.696082 0.706323 0.716717 0.727125 0.737684 0.747972 0.758351 0.768462 0.778549 0.788688 0.799209 0.809360 0.819768 0.830073 0.840146 0.850388 0.861629 0.881904 0.892505 0.903667 0.913816 0.923951 0.934138 0.944270 0.955338 0.966486 0.976677 0.986778 0.996858 1.007125 1.017785 1.028111 1.038228 1.048696 1.058802 1.068834 1.078824 1.088819 1.098816 1.108821 1.119134 1.129239 1.142190 1.155787 1.168733 1.182488 1.193002 1.203035 1.213181 1.223251 1.233952 1.244290 1.254458 1.265844 1.276951 1.287056 1.297511 1.308418 1.320703 1.330998 1.341089 1.351140 1.361311 1.371350 1.382097 1.392269 1.403535 1.414210 1.424333 1.434815 1.444902 1.457474 1.471072 1.481774 1.491782 1.501825 1.511891 1.521913 1.532090 1.543439 1.555180 1.565309 1.576655 1.586984 1.598549 1.608688 1.620278 1.630399 1.641286 1.651437 1.661751
Elapsed_time: 1.661751
Score: 74.037674
