5
150
1155.951605 991.320042 943.801419 940.377290 910.689309 906.708138 881.555747 875.538731 853.793909 848.642016 827.888448 823.677237 804.500227 800.261867 782.273386 778.188162 760.962890 757.304745 740.746829 737.136912 721.678712 719.023656 704.755070 701.742796 688.196563 685.659344 671.602311 669.793236 656.343912 654.518561 641.299215 639.210427 626.794586 624.585186 612.539055 611.425943 599.180683 598.079382 586.106363 585.204537 573.395552 573.148896 560.985392 561.135561 549.375087 549.170253 537.988207 537.548128 526.675252 526.281612 515.605234 514.808452 504.285855 503.230335 493.031602 491.411546 481.659389 479.761247 470.696401 468.978739 461.026192 459.576688 451.914729 449.901925 442.705504 440.794782 433.597772 431.330694 424.715418 422.183294 415.598368 412.886500 406.146847 403.707475 396.802354 394.198201 387.832882 384.942691 378.741612 375.719211 370.154286 367.056893 361.417927 358.620251 352.313083 349.113582 342.520319 338.394937 331.672458 327.540316 321.625493 318.026584 312.294721 308.993287 303.449879 299.675593 294.394873 290.631580 285.392256 281.738621 276.257235 272.279767 266.584197 262.231020 256.825330 252.171618 246.623078 242.051058 236.992810 232.509439 227.066138 222.546794 217.084576 212.411508 206.953480 201.836528 196.320030 191.052895 185.288289 179.951693 174.036129 168.566127 162.918828 157.724786 152.384262 147.308475 142.182382 137.231242 132.185311 127.185661 122.181865 117.245568 112.388586 107.570082 102.868543 98.290696 93.798647 89.506584 85.343694 81.413196 77.680510 74.220245 71.012747 68.096386 65.471516 63.170471 61.195429 59.555682 58.251291 57.277406
1.290501 1.679636 1.763023 1.852589 1.937006 2.022163 2.106784 2.189307 2.291493 2.378115 2.462292 2.542575 2.634131 2.717939 2.803819 2.898502 2.984092 3.064073 3.154933 3.244086 3.328653 3.411291 3.502591 3.589539 3.678241 3.764341 3.865448 3.955381 4.037774 4.121959 4.202707 4.282851 4.382614 4.471738 4.566546 4.647946 4.728081 4.813827 4.902009 4.982613 5.084193 5.179814 5.261879 5.343911 5.430345 5.510228 5.597781 5.686604 5.775246 5.857009 5.942643 6.026999 6.112963 6.195355 6.284890 6.367415 6.449568 6.536882 6.620449 6.710506 6.796906 6.878616 6.959725 7.041015 7.125098 7.206723 7.296528 7.383895 7.476645 7.561960 7.646510 7.727436 7.814893 7.895778 7.985066 8.071317 8.153511 8.250728 8.342547 8.427575 8.520424 8.601037 8.691765 8.774935 8.864087 8.946969 9.034641 9.117409 9.204566 9.290078 9.379560 9.460930 9.551946 9.634749 9.716438 9.796896 9.888170 9.973895 10.069951 10.169608 10.252735 10.340329 10.423327 10.508334 10.596302 10.686770 10.780694 10.869967 10.955437 11.040419 11.120103 11.204942 11.284690 11.366067 11.451187 11.531258 11.615144 11.697289 11.781785 11.874242 11.963078 12.047060 12.135158 12.228568 12.322026 12.414266 12.508782 12.598954 12.686480 12.783197 12.871289 12.956256 13.039492 13.122592 13.220551 13.317838 13.400191 13.488812 13.581839 13.662812 13.758054 13.840128 13.928296 14.027333 14.107727 14.202509 14.286919 14.374113 14.461169 14.545835
Elapsed_time: 14.545835
Score: 57.277406
150
1164.439560 970.199395 917.697047 903.533009 877.650550 868.793681 848.564288 841.534950 824.859102 821.265087 805.092092 801.312526 787.728023 784.340266 771.505048 768.893705 756.863833 754.266220 742.116441 739.619655 728.098239 725.661457 714.933684 712.411738 701.741389 700.171881 689.973737 688.115738 678.415125 676.679891 667.642570 665.872717 656.628021 655.911612 647.138856 646.528243 637.153787 637.295198 627.514238 627.868881 618.497238 619.084427 609.908635 610.359045 601.434041 602.153444 593.177037 594.038294 584.996267 585.979065 576.628665 577.521527 568.156977 569.050590 560.248481 561.298296 552.848838 553.942679 545.831212 546.583061 538.388014 539.347904 531.611041 532.544613 525.224022 525.779697 518.773107 518.910266 512.105637 511.571263 504.938801 503.979695 497.297771 496.011143 489.541406 488.014948 481.483218 480.426400 474.178897 472.939766 466.637255 465.034991 459.159578 457.066406 451.440169 449.479649 444.179655 442.280794 437.389036 435.131445 430.542749 427.804034 423.451026 420.440331 415.912251 412.844094 408.348712 405.138385 400.395664 396.796670 392.089079 388.459896 383.356847 379.563273 373.820219 369.186445 363.599316 358.535541 353.288856 348.616097 343.747570 339.021351 334.111349 329.769973 324.928963 320.216291 315.135661 310.031501 304.411065 298.904871 293.009375 287.371694 281.540185 275.946310 270.265152 264.808543 259.435943 254.207563 248.852999 243.607675 238.247518 232.935866 227.747758 222.626561 217.673191 212.835638 208.115152 203.546260 199.151726 194.971493 191.042873 187.384901 184.011517 180.952858 178.213871 175.811465 173.748393 172.033645 170.667756 169.650196
1.287713 1.655964 1.738507 1.824060 1.904012 1.984949 2.065836 2.148181 2.228428 2.309247 2.393883 2.481708 2.569019 2.653835 2.737570 2.820308 2.902362 2.986025 3.069699 3.158027 3.238009 3.319485 3.403490 3.488829 3.571753 3.655028 3.739533 3.821896 3.902357 3.984802 4.067353 4.152918 4.239377 4.322519 4.405993 4.494208 4.582887 4.664474 4.748268 4.837712 4.927749 5.014652 5.101861 5.184349 5.271223 5.355154 5.439639 5.520669 5.604118 5.691413 5.771995 5.856163 5.944288 6.027543 6.109579 6.190145 6.274065 6.353980 6.435910 6.519542 6.601221 6.684853 6.768092 6.849173 6.934419 7.016826 7.103143 7.192879 7.285229 7.371614 7.452829 7.537825 7.617818 7.697603 7.780553 7.868042 7.952446 8.038597 8.120823 8.203921 8.287224 8.370855 8.451388 8.539753 8.630089 8.716506 8.798961 8.880306 8.968056 9.050193 9.145547 9.230256 9.312847 9.399418 9.482579 9.567611 9.651620 9.731796 9.819319 9.905627 9.991375 10.074756 10.155937 10.240110 10.324736 10.409957 10.495424 10.591434 10.675513 10.758109 10.839927 10.924018 11.010038 11.093373 11.176070 11.257729 11.340766 11.421638 11.509031 11.590613 11.672796 11.754886 11.834572 11.922540 12.006265 12.087210 12.171571 12.265016 12.344776 12.429709 12.515504 12.600375 12.682473 12.767079 12.857826 12.939766 13.020546 13.105466 13.188452 13.271877 13.356082 13.443697 13.530531 13.613410 13.698641 13.785588 13.869086 13.951480 14.035954 14.118110
Elapsed_time: 14.118110
Score: 169.650196
150
1232.255750 1047.831819 990.522338 985.132494 957.596097 955.180514 929.561773 930.069577 907.600699 908.045531 886.971331 887.698208 869.012105 870.093124 852.181369 853.625119 836.878240 838.309756 821.292115 823.039002 807.391116 809.104304 794.386077 796.726962 782.870864 785.609558 771.804317 774.931075 761.165023 764.484053 751.270900 754.823651 742.148186 746.043233 732.954829 737.090727 724.412400 729.118490 716.544408 721.235666 709.082261 712.997412 701.217036 705.189068 693.721159 697.158539 685.318393 688.746134 677.011995 680.899844 669.425757 673.002595 662.403965 665.853330 655.485059 658.783114 648.606097 651.552962 641.987701 644.181585 634.815194 636.529658 627.573696 629.355331 620.492537 622.710389 614.367833 615.916974 607.712622 608.524268 600.365196 600.861512 593.593770 593.107915 585.244862 584.170471 576.135142 575.012414 566.576269 565.680725 558.000650 556.820195 549.397219 548.280030 541.489639 540.926494 534.408943 533.718996 527.253300 525.971783 519.446462 517.495126 510.884429 508.620915 502.032090 499.897118 492.892753 490.220114 483.414403 480.477301 473.592161 470.236213 463.749510 460.324815 454.272330 450.588843 444.965501 441.442797 435.982147 432.580470 427.299599 423.826064 419.229819 415.627555 411.142432 407.899893 403.597206 400.511189 396.357061 393.176731 389.177974 386.308861 382.338038 379.114428 374.961512 371.157833 366.997641 362.980504 358.762560 354.623161 350.479219 346.407453 342.504522 338.610714 334.801630 331.045311 327.353848 323.777571 320.315970 317.020559 313.873101 310.947641 308.231423 305.758189 303.540191 301.584204 299.905181 298.502976 297.388872 296.560747
1.258968 1.632014 1.717863 1.800789 1.884589 1.968158 2.051879 2.134813 2.220646 2.302143 2.384193 2.467339 2.548284 2.631371 2.717180 2.799266 2.881576 2.961420 3.043539 3.126154 3.209857 3.290541 3.372774 3.456126 3.543379 3.628605 3.714405 3.794853 3.877603 3.958871 4.040203 4.122612 4.203855 4.285374 4.367047 4.449563 4.531459 4.617929 4.701254 4.782692 4.865284 4.947787 5.029172 5.108948 5.190990 5.272986 5.355808 5.435797 5.520570 5.603192 5.686330 5.773002 5.855377 5.941878 6.023467 6.110186 6.190738 6.273509 6.357008 6.439742 6.522884 6.609590 6.693447 6.776020 6.858681 6.939059 7.021914 7.107009 7.190111 7.276323 7.361074 7.445308 7.530805 7.611102 7.693552 7.777648 7.859616 7.939279 8.022727 8.107193 8.192965 8.276633 8.360827 8.444459 8.527596 8.615718 8.701589 8.791688 8.873788 8.954825 9.037739 9.124653 9.208015 9.289206 9.369799 9.454413 9.536268 9.620961 9.702689 9.784284 9.869898 9.952642 10.037911 10.120050 10.213587 10.296565 10.382083 10.464113 10.548431 10.647210 10.729019 10.816646 10.900423 10.985100 11.069202 11.151485 11.237775 11.320064 11.402575 11.492343 11.575986 11.663479 11.747370 11.829000 11.914302 11.997909 12.081011 12.169261 12.256513 12.341283 12.423009 12.516980 12.598735 12.683284 12.766738 12.850432 12.932878 13.013958 13.099157 13.179384 13.264747 13.346406 13.430020 13.513727 13.598094 13.681370 13.763049 13.849187 13.932976 14.017230
Elapsed_time: 14.017230
Score: 296.560747
150
1138.116369 964.810493 914.845304 912.014350 887.131149 878.811657 859.820902 852.655824 836.303060 829.898099 816.773991 811.193862 799.407522 795.239416 783.921612 779.723859 769.595849 765.051331 755.662221 751.868915 742.004110 738.927278 729.123718 725.680464 715.565552 712.503991 702.364863 698.586313 689.392473 686.279718 676.671174 673.939344 665.471932 662.802255 654.300705 652.046364 643.677600 640.816835 632.579374 630.699337 622.929855 620.548509 613.048298 611.167340 602.689191 601.173959 592.328741 590.786009 582.344480 581.190894 573.179059 571.511781 564.505672 562.992274 556.107595 554.640109 547.706073 546.051905 539.108567 537.384602 530.758585 528.426223 521.511934 518.462057 512.084469 509.235364 502.951338 500.818037 494.780378 492.982308 486.830555 484.500847 478.067431 475.855253 469.994522 467.636848 462.032997 459.776413 454.440122 451.987253 446.821078 444.416841 439.079100 436.348630 430.889622 427.436487 421.710983 418.019626 412.193259 408.341303 402.379078 397.830704 392.485078 388.171075 383.417210 378.773643 374.474060 369.953181 365.873439 361.756084 357.739683 353.456564 350.005000 345.305870 341.914100 337.465578 334.150377 329.650272 326.042260 321.254423 317.522478 312.493983 308.368442 303.454830 298.770240 293.987478 289.260465 284.358112 279.876495 275.245798 270.789571 266.231216 261.651620 257.062274 252.519670 247.713966 242.962788 238.062915 233.234917 228.331431 223.383932 218.516373 213.646591 208.843732 204.183758 199.543665 195.090451 190.676896 186.435958 182.378652 178.565112 174.953414 171.625820 168.577446 165.834418 163.411039 161.326116 159.587053 158.199623 157.163395
1.278344 1.641978 1.732522 1.812878 1.896231 1.978557 2.064080 2.150387 2.235066 2.320731 2.408483 2.493598 2.577977 2.660694 2.747690 2.834065 2.921666 3.009930 3.089908 3.174053 3.256458 3.339457 3.422192 3.504201 3.588514 3.675847 3.760950 3.845463 3.927847 4.020413 4.104142 4.190291 4.271763 4.355240 4.439916 4.526757 4.610714 4.693995 4.777103 4.863888 4.945973 5.029461 5.111144 5.199744 5.284980 5.364880 5.445067 5.525576 5.612990 5.699832 5.783620 5.870686 5.954511 6.040156 6.123571 6.205662 6.291502 6.372479 6.454314 6.540022 6.625885 6.707504 6.789302 6.872991 6.952776 7.033595 7.117255 7.198136 7.280653 7.371733 7.463461 7.546619 7.630413 7.712590 7.793379 7.875107 7.960759 8.052193 8.133518 8.218699 8.300055 8.381569 8.463061 8.547938 8.630517 8.714777 8.795951 8.880175 8.962737 9.057150 9.142634 9.234868 9.324058 9.409366 9.494059 9.577080 9.661592 9.744907 9.827512 9.909512 9.994388 10.076458 10.161846 10.245581 10.332928 10.418588 10.499980 10.585843 10.671705 10.754088 10.836742 10.919632 11.000283 11.083167 11.165695 11.251075 11.334401 11.418852 11.502076 11.585844 11.668742 11.752878 11.838298 11.922251 12.007803 12.088806 12.174617 12.256929 12.338408 12.421835 12.509008 12.589682 12.671131 12.753331 12.835714 12.915998 13.001392 13.082848 13.167705 13.250221 13.331690 13.417581 13.502140 13.584516 13.668264 13.749327 13.832918 13.916640 14.001423 14.092521
Elapsed_time: 14.092521
Score: 157.163395
150
1177.690370 995.181989 941.279870 940.972055 912.613943 912.684239 888.589403 890.177396 868.624852 870.908860 851.157831 853.118638 834.649816 837.381804 819.178339 822.088429 803.971813 807.024144 790.067714 793.354674 777.864684 781.195802 766.484375 769.073453 755.631066 757.979632 744.946335 747.809947 735.070160 737.840286 725.820562 728.732435 716.470887 719.060659 706.940188 709.202609 697.229001 699.433754 687.969544 689.352195 678.746493 679.678074 669.092667 669.597154 659.546652 659.705069 649.888298 650.298145 640.792200 640.419676 630.953407 630.456787 621.300592 620.285024 611.837210 611.038391 602.678530 601.768602 594.157903 593.407858 585.768012 584.863042 577.147588 576.094637 568.635358 567.225774 560.308199 558.831918 552.208750 550.483220 544.228290 542.158159 536.363900 533.731335 528.531094 525.649924 520.467677 517.084976 512.028126 508.317565 503.484177 500.134796 495.494516 492.079061 487.694604 484.010746 479.590977 476.310022 471.651441 468.110570 463.204052 459.423314 454.456578 450.875012 445.683119 442.697910 437.569970 434.390698 429.831484 427.148817 422.755791 419.789053 415.360673 412.478027 407.695846 404.394165 399.650487 395.700706 391.003430 386.976299 382.196524 378.298930 373.460407 369.480215 364.955131 361.158576 356.858379 353.171172 349.002746 345.093492 340.417225 336.400878 331.614534 327.215833 322.193871 317.681231 312.799661 308.336940 303.601777 299.277799 294.575323 290.347062 285.844776 281.683408 277.436886 273.324281 269.126331 265.195728 261.316624 257.674504 254.176874 250.931459 247.944709 245.230936 242.807939 240.697304 238.895497 237.403131 236.217147 235.336096
1.274933 1.651896 1.745441 1.832043 1.915917 1.995797 2.078444 2.164761 2.245269 2.328851 2.413049 2.497265 2.580623 2.662520 2.747590 2.827414 2.909448 2.992942 3.078476 3.160560 3.249887 3.338370 3.422547 3.507394 3.591555 3.673731 3.755526 3.835639 3.919893 3.999686 4.082306 4.164523 4.246333 4.332484 4.418936 4.502768 4.586457 4.674980 4.757120 4.838716 4.920490 5.008212 5.088308 5.171976 5.253858 5.340701 5.423662 5.508554 5.590059 5.689055 5.780502 5.866338 5.953256 6.038373 6.121799 6.205515 6.289567 6.378548 6.463723 6.544785 6.634701 6.715113 6.800611 6.883956 6.975414 7.062057 7.148258 7.230669 7.315111 7.400055 7.480095 7.569768 7.652405 7.735591 7.817988 7.904329 7.987809 8.074157 8.156578 8.241943 8.321964 8.403846 8.488783 8.571377 8.653354 8.735916 8.819157 8.899262 8.988834 9.069729 9.155416 9.237657 9.321033 9.404940 9.498406 9.582057 9.662700 9.751833 9.835893 9.923135 10.008771 10.090916 10.172582 10.255565 10.341190 10.423969 10.510572 10.592571 10.676150 10.762361 10.846669 10.929404 11.016090 11.098695 11.183322 11.264264 11.348456 11.429551 11.513730 11.594777 11.679255 11.761876 11.845060 11.927501 12.010942 12.100501 12.188325 12.274280 12.355520 12.435516 12.524695 12.607778 12.691027 12.778467 12.871512 12.962342 13.055368 13.135774 13.218539 13.302693 13.387424 13.469814 13.551603 13.639274 13.723490 13.803766 13.883858 13.969360 14.053296 14.133983
Elapsed_time: 14.133983
Score: 235.336096
