5
151
591.237907 489.348042 464.282800 431.024023 407.545650 379.553113 345.049897 306.947739 284.603423 254.536791 244.701664 230.222016 220.668240 214.898022 211.222646 207.623204 203.980975 200.523989 197.009404 193.459212 189.875024 186.155856 182.840741 179.452569 176.528884 173.807742 171.641982 169.674695 167.567968 165.181529 163.047518 160.925720 158.643942 156.527677 154.693013 153.012608 151.492792 150.024321 148.526760 147.007491 145.626015 144.411937 143.345217 141.530036 140.070765 138.502332 136.235613 134.531935 132.079490 129.422299 126.971527 124.485955 121.929175 119.752313 117.877695 116.430823 114.905320 113.206406 111.610286 110.436492 108.640316 106.394352 104.192630 100.802722 97.385682 93.498910 89.666470 85.451378 81.420705 77.086035 72.533450 67.850235 63.721794 59.973241 56.059958 51.278720 46.895578 42.796208 38.187767 34.490476 30.851940 28.139658 25.271449 23.065951 21.084877 19.207438 17.666077 15.889156 14.287324 13.014232 12.031560 11.007423 10.095784 9.472312 8.830185 8.078097 7.584140 7.110737 6.678828 6.380552 6.114031 5.869979 5.633928 5.421041 5.198245 5.011984 4.874839 4.740427 4.670071 4.554596 4.447358 4.370687 4.293360 4.195409 4.124847 4.070942 4.048775 4.012506 3.982692 3.949243 3.901893 3.871524 3.870482 3.864580 3.856907 3.838181 3.823732 3.806866 3.793461 3.776251 3.767602 3.753637 3.752075 3.746597 3.736144 3.724855 3.717612 3.708016 3.696577 3.687542 3.686404 3.675168 3.668914 3.660728 3.651919 3.641952 3.635032 3.628315 3.623518 3.619135 3.614873
0.182755 0.204819 0.215380 0.225680 0.236447 0.247196 0.258046 0.268765 0.279702 0.290958 0.305215 0.315972 0.326644 0.337197 0.347783 0.358296 0.368825 0.379572 0.390451 0.403633 0.417783 0.431701 0.443037 0.453598 0.464204 0.475013 0.485865 0.496957 0.507441 0.517890 0.529257 0.539612 0.549981 0.560458 0.570760 0.581168 0.591496 0.601870 0.612190 0.622563 0.633558 0.643869 0.654240 0.664479 0.675736 0.686056 0.696526 0.707363 0.717534 0.727671 0.739227 0.749383 0.759578 0.770062 0.780313 0.790358 0.801316 0.811795 0.822064 0.832626 0.842927 0.853082 0.863794 0.874086 0.884359 0.895643 0.905921 0.916237 0.927351 0.937396 0.948308 0.958430 0.970506 0.980774 0.990726 1.000714 1.011985 1.022028 1.034491 1.046315 1.056781 1.066786 1.077006 1.086966 1.098030 1.108885 1.118793 1.130435 1.140340 1.150098 1.160259 1.170738 1.180618 1.190442 1.200256 1.210144 1.220543 1.230464 1.240126 1.249896 1.259760 1.270651 1.281400 1.291445 1.303893 1.313646 1.323309 1.332978 1.342674 1.352789 1.362620 1.372537 1.382442 1.394064 1.403851 1.413564 1.423971 1.433643 1.445815 1.457493 1.467148 1.476902 1.505988 1.518818 1.528584 1.538300 1.550719 1.560516 1.570508 1.580218 1.589924 1.599851 1.620804 1.646416 1.657735 1.669759 1.680031 1.692227 1.703886 1.716256 1.730092 1.739772 1.749567 1.759619 1.771251 1.781189 1.790920 1.800670 1.811790 1.823020 1.834248
Elapsed_time: 1.834248
Score: 3.614873
151
573.401366 476.054200 449.400461 426.182829 398.683582 374.349629 339.828276 290.790345 254.649175 223.356478 202.196420 192.814416 183.431055 175.682665 170.184880 165.664411 161.605611 156.705310 152.776074 148.543891 143.130303 138.942567 134.465282 129.987130 126.444048 123.248392 120.470566 117.776305 115.672418 113.604613 111.466658 109.712624 107.201461 104.820813 102.695792 101.022424 98.614669 96.635156 94.589247 92.678960 90.840713 88.700898 86.687063 85.246235 83.818350 82.453397 81.311983 80.463049 79.607072 78.945440 78.375921 77.966306 77.608684 77.357222 77.139385 76.926754 76.801295 76.670092 76.569589 76.481844 76.384141 76.290470 76.193096 76.103400 76.013058 75.934740 75.870389 75.786495 75.697706 75.612657 75.534833 75.469258 75.397838 75.340492 75.268715 75.227290 75.186923 75.143201 75.096223 75.060331 75.006432 74.954615 74.908572 74.860445 74.804873 74.774192 74.736567 74.703982 74.666395 74.634542 74.607728 74.580413 74.544929 74.513750 74.492063 74.464881 74.432743 74.405369 74.379392 74.351865 74.331562 74.308786 74.283064 74.265968 74.244043 74.236085 74.207330 74.189630 74.174608 74.156961 74.132946 74.106007 74.084999 74.060144 74.037340 74.022221 74.010962 74.000135 73.990531 73.981863 73.972343 73.965505 73.959290 73.953750 73.950188 73.946138 73.943620 73.941288 73.938693 73.936625 73.934269 73.932499 73.930416 73.928026 73.925089 73.923098 73.920880 73.919638 73.917099 73.915719 73.914588 73.912828 73.912115 73.910792 73.909945 73.909037 73.908557 73.908120 73.907752 73.907433 73.907222
0.185969 0.208865 0.221604 0.236576 0.254788 0.270226 0.281582 0.295574 0.310161 0.324536 0.335876 0.349043 0.359571 0.369985 0.380665 0.391100 0.401669 0.413188 0.425944 0.436951 0.447367 0.458034 0.469192 0.480353 0.491821 0.502586 0.512829 0.524226 0.534863 0.545320 0.555904 0.567423 0.578425 0.590319 0.602114 0.612303 0.623311 0.633474 0.644347 0.654569 0.664803 0.675312 0.685570 0.695662 0.705792 0.715792 0.725836 0.735975 0.746025 0.756080 0.766418 0.777286 0.790746 0.801891 0.812762 0.825715 0.835738 0.846151 0.857863 0.869166 0.879559 0.890890 0.901276 0.913274 0.923635 0.935259 0.945365 0.955494 0.966164 0.976912 0.989133 1.000703 1.012412 1.022472 1.033184 1.043271 1.054260 1.064399 1.074753 1.084749 1.095064 1.105925 1.116444 1.128754 1.139000 1.149077 1.159551 1.170123 1.181248 1.191471 1.202749 1.213109 1.224909 1.235221 1.245386 1.255815 1.265976 1.277656 1.288779 1.300226 1.310391 1.321695 1.331980 1.342205 1.353225 1.364729 1.374782 1.384874 1.395198 1.405291 1.415486 1.426089 1.437772 1.448388 1.458982 1.470304 1.480444 1.490769 1.501163 1.511938 1.523330 1.534717 1.545099 1.556347 1.566742 1.576993 1.588151 1.598568 1.608869 1.618953 1.630859 1.642632 1.652727 1.662884 1.673994 1.685581 1.696680 1.709549 1.721363 1.731727 1.741933 1.752047 1.774286 1.784375 1.794390 1.804417 1.814446 1.824473 1.834848 1.846096 1.857654
Elapsed_time: 1.857654
Score: 73.907222
151
539.431282 441.399113 415.220131 392.260955 373.973185 351.862692 308.023692 261.164254 227.606389 204.627138 185.329223 171.972640 161.596907 155.962213 148.834389 142.886077 137.447875 133.066644 128.325474 122.964574 117.438933 112.640777 107.660121 103.309700 99.919697 96.444684 93.857153 91.768896 89.336023 87.777860 86.405097 84.655892 83.447091 82.225747 80.886488 79.744301 78.655820 77.688040 76.970718 76.351881 75.869152 75.501999 75.199846 74.939750 74.720941 74.505195 74.307756 74.137520 73.944963 73.758958 73.612192 73.482973 73.383832 73.293970 73.218552 73.154538 73.095665 73.047666 72.999324 72.954719 72.946351 72.899597 72.855652 72.823169 72.788161 72.713440 72.684007 72.619906 72.560644 72.500643 72.431865 72.382671 72.318395 72.270280 72.233149 72.189033 72.136084 72.099583 72.071007 72.036209 72.020087 71.994266 71.945737 71.918519 71.887070 71.857740 71.832921 71.805154 71.766674 71.724747 71.693308 71.661266 71.615820 71.573077 71.516109 71.436042 71.371926 71.304197 71.246264 71.206435 71.105228 70.944380 70.858558 70.559084 69.943068 69.300494 68.157838 66.494044 65.182072 64.106339 62.689668 61.456037 60.059520 58.820802 57.751541 56.501000 55.342445 53.953674 52.475217 50.945873 49.128090 47.146122 44.998929 42.880524 40.723715 38.265788 35.850830 33.418347 31.498333 29.796826 28.222576 26.568956 24.852228 23.095742 21.421930 19.995821 18.436210 16.879024 15.763848 14.722591 13.671042 12.860359 12.031344 11.215846 10.513501 9.833421 9.148920 8.549335 8.017938 7.511454 6.968300
0.183390 0.205649 0.216244 0.226799 0.237430 0.248235 0.259231 0.270118 0.280896 0.292158 0.304867 0.318292 0.330233 0.340935 0.355762 0.370112 0.380375 0.390887 0.403878 0.417175 0.427769 0.440729 0.451537 0.461949 0.472119 0.482454 0.492896 0.503745 0.513914 0.524991 0.536040 0.548497 0.558994 0.569816 0.580779 0.591788 0.602228 0.612400 0.622827 0.633665 0.643871 0.654737 0.665273 0.676489 0.686707 0.696806 0.708622 0.718951 0.728992 0.739239 0.750792 0.761084 0.771314 0.783188 0.793253 0.803329 0.813617 0.823833 0.835027 0.845270 0.856294 0.866944 0.877471 0.887699 0.898318 0.908396 0.919237 0.929953 0.940048 0.950205 0.961026 0.971352 0.982118 0.992184 1.002491 1.012466 1.022472 1.032505 1.042493 1.052461 1.062513 1.072598 1.082741 1.092814 1.102767 1.112765 1.123019 1.134280 1.145870 1.156019 1.167373 1.177574 1.187692 1.198353 1.208413 1.218366 1.228428 1.238435 1.248516 1.259005 1.269919 1.280972 1.291314 1.301421 1.311478 1.321559 1.333299 1.343477 1.363636 1.383685 1.393709 1.403950 1.414791 1.427402 1.440630 1.451112 1.461085 1.471004 1.480958 1.491148 1.501999 1.515997 1.527964 1.538002 1.548573 1.562615 1.576154 1.587228 1.597353 1.608213 1.618356 1.630407 1.640379 1.650153 1.660127 1.671892 1.682353 1.692656 1.703576 1.713364 1.723276 1.733131 1.742973 1.753697 1.763825 1.773863 1.783957 1.794111 1.804851 1.816143 1.826159
Elapsed_time: 1.826159
Score: 6.968300
151
555.632699 449.405545 421.840028 391.146724 370.977337 350.676066 295.050365 248.900220 209.614971 176.279097 156.562354 143.778702 133.357792 126.754789 122.756951 120.820926 117.960105 113.936680 110.866980 107.132402 103.371350 100.010576 95.991061 92.232513 88.036327 83.657042 81.585464 78.883830 76.040347 73.964060 71.706594 69.566764 67.682746 66.022725 64.426469 62.640899 60.850314 59.574065 58.150060 56.364264 55.202569 54.069408 52.850522 51.745545 50.639510 49.248646 46.936415 44.764403 42.306988 39.045112 36.161842 32.968791 29.635610 27.096249 24.793516 22.793284 20.803145 19.076333 17.528754 16.149139 15.979887 15.518066 14.179092 13.254963 12.302788 11.575259 10.932733 10.556698 9.982551 9.212582 8.642603 8.175311 7.571975 7.150797 6.643711 6.356940 5.988273 5.728568 5.503946 5.239191 4.979069 4.812550 4.672332 4.535096 4.450190 4.332851 4.245156 4.206964 4.166758 4.066992 4.040358 4.012447 3.929617 3.895553 3.857919 3.825413 3.802950 3.786039 3.762553 3.742726 3.729972 3.713820 3.699796 3.686982 3.676011 3.666262 3.660275 3.653977 3.644434 3.640403 3.635531 3.627484 3.623002 3.618561 3.614844 3.611597 3.608210 3.605644 3.603365 3.601085 3.599075 3.597088 3.595502 3.594495 3.593593 3.592858 3.591889 3.590924 3.589995 3.589224 3.588368 3.587631 3.586937 3.586224 3.585600 3.584888 3.584231 3.583621 3.583104 3.582714 3.582343 3.581916 3.581592 3.581319 3.581093 3.580939 3.580777 3.580704 3.580599 3.580530 3.580468
0.181001 0.202895 0.213469 0.223829 0.234572 0.245330 0.256204 0.267054 0.277854 0.288597 0.299199 0.309654 0.320651 0.331222 0.341709 0.352059 0.362539 0.372866 0.384293 0.394912 0.405681 0.415901 0.426113 0.438376 0.450338 0.462152 0.472263 0.483031 0.493118 0.503333 0.514062 0.524053 0.534051 0.544145 0.554073 0.564023 0.574046 0.584787 0.596002 0.605918 0.615969 0.628176 0.641814 0.651885 0.661755 0.672258 0.682149 0.692924 0.702842 0.712926 0.723251 0.734069 0.744670 0.755521 0.765692 0.776203 0.786840 0.796679 0.806548 0.816893 0.836748 0.846628 0.856715 0.866766 0.876659 0.886402 0.896775 0.906633 0.916449 0.926903 0.937163 0.947734 0.957760 0.967564 0.977330 0.987102 0.996866 1.007706 1.017711 1.030104 1.041918 1.051698 1.061597 1.071435 1.081649 1.092188 1.102011 1.123912 1.134152 1.144627 1.165298 1.175160 1.184911 1.195904 1.206238 1.216339 1.226109 1.236015 1.246181 1.255994 1.265802 1.275591 1.285285 1.295044 1.304762 1.314508 1.324248 1.333959 1.343677 1.353583 1.363296 1.374877 1.384787 1.394516 1.405776 1.416508 1.427277 1.437340 1.447653 1.459212 1.469167 1.478918 1.488769 1.499283 1.509073 1.518857 1.528531 1.538471 1.548312 1.558235 1.568909 1.580001 1.589749 1.599487 1.609256 1.619052 1.628871 1.638538 1.649319 1.659721 1.669476 1.679233 1.689302 1.699939 1.709615 1.719544 1.729350 1.739050 1.748761 1.758472 1.768176
Elapsed_time: 1.768176
Score: 3.580468
151
560.893938 455.780654 429.465500 395.440950 375.491751 351.936788 303.451732 247.487452 207.597384 178.894530 155.025978 142.090623 129.703613 123.363808 117.948617 111.324580 104.427772 99.027202 92.990186 85.441673 77.838213 70.440840 63.447457 55.665968 50.372080 46.521379 43.922783 41.808741 40.379709 38.439119 36.195057 33.861184 31.608262 29.377038 26.958825 24.912661 22.929516 21.212071 19.800212 18.182850 16.833868 15.632116 14.812130 13.917224 12.871172 11.816098 11.046555 10.105970 9.115342 8.528928 7.984171 7.430394 7.034916 6.568246 6.198929 5.901110 5.708835 5.461845 5.288429 5.102036 4.959163 4.875321 4.744053 4.620562 4.536801 4.464639 4.372715 4.292001 4.235564 4.205919 4.134954 4.090561 4.068214 4.023385 3.979508 3.968253 3.929072 3.893279 3.869540 3.843698 3.827641 3.795354 3.775505 3.766371 3.758749 3.739794 3.737446 3.733242 3.720675 3.711063 3.702384 3.693449 3.687609 3.682789 3.677858 3.672526 3.665929 3.659777 3.654927 3.651035 3.647215 3.640932 3.635297 3.629271 3.624620 3.620680 3.616289 3.613420 3.610494 3.607950 3.606126 3.604070 3.602660 3.601550 3.600534 3.599061 3.597917 3.596768 3.594924 3.593703 3.592373 3.591396 3.590779 3.590194 3.589227 3.588316 3.587152 3.586357 3.585765 3.585189 3.584775 3.584361 3.583964 3.583588 3.583245 3.582971 3.582777 3.582624 3.582464 3.582337 3.582210 3.581855 3.581561 3.581262 3.580843 3.580636 3.580530 3.580442 3.580351 3.580306 3.580264
0.184931 0.207739 0.218101 0.228518 0.252742 0.265552 0.276501 0.287687 0.298548 0.309100 0.319585 0.331188 0.343338 0.353758 0.365790 0.376543 0.386815 0.396864 0.407561 0.417749 0.428161 0.438750 0.448697 0.458570 0.468431 0.478295 0.488132 0.498005 0.507916 0.518303 0.528205 0.538135 0.547983 0.557893 0.567831 0.577828 0.590442 0.602036 0.613644 0.623604 0.633436 0.644540 0.655414 0.665342 0.676219 0.686134 0.696063 0.707263 0.717178 0.726969 0.736872 0.746775 0.756586 0.766584 0.776840 0.786675 0.796781 0.806681 0.817392 0.827294 0.837160 0.848149 0.858591 0.869919 0.880566 0.891093 0.900913 0.910667 0.920435 0.930232 0.940000 0.949685 0.959493 0.969230 0.978921 0.988639 1.000125 1.010120 1.020447 1.030199 1.039896 1.052329 1.066216 1.089809 1.099570 1.109312 1.138682 1.148495 1.160139 1.170217 1.181790 1.191681 1.201755 1.211908 1.221641 1.231984 1.241987 1.251939 1.262017 1.273481 1.287656 1.301254 1.314564 1.327009 1.339799 1.349936 1.359633 1.369477 1.380824 1.392449 1.402567 1.413521 1.423636 1.434870 1.445071 1.454902 1.465193 1.477996 1.491337 1.501375 1.511537 1.522215 1.532063 1.542128 1.551867 1.562885 1.575841 1.585571 1.595891 1.605700 1.615520 1.626200 1.637264 1.648809 1.658831 1.671794 1.684029 1.696405 1.707508 1.717317 1.728827 1.739414 1.759576 1.770377 1.781112 1.791270 1.801822 1.812642 1.822510 1.832937 1.843391
Elapsed_time: 1.843391
Score: 3.580264
