5
151
1155.951605 933.449867 847.160021 800.894728 768.221902 739.290848 698.049307 623.010613 555.713764 485.539927 406.462774 359.781787 314.298973 279.398657 248.007771 215.896085 183.678902 159.657397 135.159956 110.430285 84.868587 48.819965 16.689834 -23.838058 -79.952185 -125.652357 -163.545792 -201.480278 -237.820146 -271.000184 -298.528261 -324.234904 -346.374552 -366.785692 -388.157141 -406.752990 -424.781733 -441.872949 -455.876243 -468.925399 -480.632810 -490.456682 -498.521706 -507.421925 -516.295836 -522.375102 -527.730151 -534.049742 -539.117793 -544.787421 -548.999757 -552.199746 -556.533797 -559.211872 -561.904312 -565.032988 -565.187603 -567.602704 -569.995360 -571.597728 -573.367906 -575.531627 -576.927691 -578.323901 -580.058250 -581.329626 -582.563665 -584.135061 -585.403458 -586.379505 -587.335563 -588.265429 -589.153446 -590.053091 -591.034404 -591.864102 -592.678432 -593.429264 -594.053469 -594.598144 -595.199217 -595.781111 -595.986290 -596.423336 -596.876703 -597.222441 -597.590195 -597.984532 -598.347337 -598.648611 -598.971457 -599.274974 -599.551786 -599.780576 -600.063390 -600.411723 -600.705541 -600.995438 -601.273826 -601.557534 -601.845448 -602.124742 -602.368001 -602.569648 -602.754855 -602.952893 -603.154568 -603.339727 -603.518537 -603.688966 -603.844730 -603.981205 -604.086287 -604.197691 -604.296246 -604.375811 -604.455789 -604.497888 -604.549237 -604.592937 -604.622019 -604.648365 -604.673062 -604.703511 -604.732314 -604.764052 -604.797836 -604.838041 -604.880587 -604.921188 -604.958968 -604.999064 -605.039414 -605.079697 -605.121234 -605.156889 -605.196303 -605.238400 -605.275474 -605.314106 -605.352572 -605.398416 -605.445120 -605.495732 -605.555229 -605.605053 -605.657431 -605.720477 -605.763047 -605.810197 -605.859218
1.268522 1.432684 1.504326 1.575160 1.644678 1.716984 1.791125 1.867575 1.944200 2.019868 2.092252 2.168492 2.239984 2.310230 2.383779 2.454708 2.525107 2.600407 2.676246 2.748064 2.819776 2.889073 2.958683 3.028427 3.096695 3.164425 3.233329 3.299110 3.369520 3.435042 3.500912 3.568703 3.634625 3.705605 3.776053 3.842948 3.914105 3.980491 4.053288 4.122925 4.187225 4.255514 4.321855 4.386802 4.452340 4.523330 4.591273 4.657650 4.726191 4.795341 4.859748 4.926176 4.994607 5.059694 5.123563 5.189171 5.254374 5.322950 5.392395 5.460220 5.526597 5.592005 5.661857 5.728585 5.795764 5.861726 5.928060 5.995457 6.061130 6.128534 6.196740 6.267328 6.335087 6.402695 6.473165 6.538897 6.604651 6.668500 6.735950 6.801459 6.869434 6.938195 7.007246 7.072206 7.136674 7.203195 7.268464 7.333771 7.400263 7.465237 7.530341 7.596757 7.660468 7.728521 7.792174 7.857731 7.924707 7.990988 8.059154 8.128243 8.196936 8.264419 8.328578 8.394396 8.464433 8.534446 8.598953 8.665128 8.730866 8.799244 8.874564 8.943236 9.010652 9.075062 9.139284 9.205865 9.272238 9.337817 9.406739 9.472092 9.538714 9.608023 9.681581 9.747549 9.811381 9.886136 9.952434 10.017929 10.083567 10.149662 10.214681 10.279335 10.346392 10.413532 10.479564 10.549513 10.614881 10.678874 10.743902 10.808628 10.873309 10.937470 11.001589 11.072718 11.145136 11.210491 11.275559 11.340740 11.406501 11.472569 11.538204
Elapsed_time: 11.538204
Score: -605.859218
151
1164.439560 931.534122 840.033762 792.309297 757.768324 727.965230 689.145832 591.523723 513.291947 431.464467 365.659888 312.881484 265.622043 234.242630 213.488797 192.048697 176.389863 161.263556 147.174030 132.379811 114.121770 94.586020 73.997155 56.602718 34.453440 4.992090 -21.287197 -59.199611 -83.018175 -105.682278 -121.797315 -140.654799 -155.828974 -173.315864 -183.985562 -197.168621 -208.955812 -222.694765 -236.469891 -248.839746 -265.228987 -281.949630 -295.082378 -312.014791 -325.048071 -338.547565 -352.061595 -363.113922 -375.408238 -387.727221 -400.828698 -411.312177 -421.312673 -434.180940 -443.540405 -453.578322 -467.696708 -476.937253 -485.920337 -496.784672 -505.390746 -514.136160 -522.621858 -530.190510 -536.392473 -541.321641 -546.938181 -550.891801 -554.536554 -558.208107 -560.900383 -564.257879 -566.885542 -569.064313 -571.029372 -573.072547 -574.977445 -576.958746 -578.748519 -580.469644 -582.112085 -583.458410 -584.636674 -585.784316 -586.802702 -587.719805 -588.638351 -589.480764 -590.113999 -590.729342 -591.339380 -591.787219 -592.271162 -592.762160 -593.184863 -593.558562 -593.936900 -594.247182 -594.518238 -594.756261 -594.958666 -595.171885 -595.411838 -595.577749 -595.719137 -595.854026 -595.966290 -596.105760 -596.268091 -596.375923 -596.479828 -596.598516 -596.696999 -596.790750 -596.881375 -596.966265 -597.025582 -597.090443 -597.167751 -597.220101 -597.274283 -597.330860 -597.375065 -597.420628 -597.460797 -597.493973 -597.523674 -597.552949 -597.579171 -597.604327 -597.624764 -597.643827 -597.665903 -597.681915 -597.698440 -597.714954 -597.729865 -597.746894 -597.765630 -597.780847 -597.795960 -597.814351 -597.826973 -597.840979 -597.857378 -597.868873 -597.881824 -597.893699 -597.901069 -597.909229 -597.916977
1.287384 1.445568 1.519149 1.588484 1.674147 1.753345 1.824680 1.898725 1.974689 2.051463 2.123168 2.203197 2.280761 2.352456 2.420696 2.495642 2.570105 2.644966 2.720158 2.787331 2.864002 2.932692 3.011674 3.085645 3.151867 3.229401 3.295793 3.369985 3.435303 3.505908 3.574105 3.644155 3.714813 3.783867 3.857264 3.929122 4.000885 4.076031 4.145243 4.213545 4.290239 4.355131 4.421921 4.488892 4.556107 4.628471 4.700121 4.769984 4.837376 4.908684 4.975657 5.040553 5.106876 5.187757 5.262184 5.331562 5.404658 5.479281 5.551548 5.616342 5.681540 5.759898 5.839026 5.905132 5.969913 6.043623 6.111973 6.178460 6.242968 6.309157 6.385617 6.453914 6.519677 6.584050 6.649147 6.715298 6.779013 6.843940 6.909937 6.992648 7.059584 7.132005 7.208679 7.275994 7.343326 7.412482 7.477827 7.545770 7.618152 7.689811 7.755486 7.834467 7.908166 7.975786 8.046066 8.112859 8.181197 8.250879 8.321795 8.390745 8.458581 8.524057 8.590847 8.658862 8.732636 8.810212 8.874299 8.939494 9.009290 9.089270 9.164348 9.237088 9.301241 9.365792 9.429912 9.497057 9.572955 9.640683 9.712078 9.777384 9.843790 9.908239 9.976630 10.049306 10.116200 10.181361 10.248827 10.314749 10.379374 10.444885 10.517661 10.582836 10.652790 10.719482 10.800543 10.864711 10.930444 10.998711 11.065667 11.131178 11.197595 11.272531 11.337514 11.402106 11.467697 11.550809 11.619078 11.686399 11.764194 11.832098 11.902591
Elapsed_time: 11.902591
Score: -597.916977
151
1232.255750 1008.700153 923.162664 876.848593 838.711863 809.213966 764.204034 662.606027 597.392877 538.898309 491.819046 449.973155 419.900175 392.988600 380.253270 361.055246 347.542821 332.869153 322.148719 308.278131 290.473829 273.831466 258.005384 240.493347 227.630072 213.281790 198.954717 189.039673 178.584662 169.977432 164.342518 157.333754 152.180890 146.677827 141.944022 137.496988 132.511256 127.617980 124.364312 120.299583 115.903664 110.935703 106.146299 101.906073 100.171469 95.564397 91.823105 87.941068 83.599364 79.365077 74.505338 69.471987 64.813212 59.825552 53.075649 48.101454 42.322667 34.115758 27.779636 20.796710 13.606493 7.577562 0.858304 -8.511321 -15.909362 -23.704339 -34.644707 -42.770075 -52.735289 -63.687386 -75.193876 -86.267438 -92.927893 -103.621373 -116.696035 -129.866117 -141.982059 -156.102258 -169.373320 -181.182518 -192.765436 -204.560315 -217.401432 -228.415415 -239.989627 -251.793995 -262.021490 -272.577095 -284.454252 -286.931545 -297.360303 -304.957970 -312.623531 -318.668928 -325.045995 -332.697425 -338.059067 -343.737856 -350.122442 -354.974436 -360.036362 -364.874755 -368.703020 -372.449309 -376.348302 -380.442747 -384.551235 -388.842604 -393.193428 -397.011647 -401.016529 -405.179940 -409.410477 -413.726475 -416.923655 -420.359148 -423.380713 -427.369400 -430.153275 -432.867237 -435.542612 -437.842530 -440.397215 -443.559965 -446.710945 -449.518975 -452.430499 -456.115293 -459.181277 -462.142431 -466.741066 -470.316652 -473.896728 -477.057442 -479.980963 -483.025541 -486.249303 -489.817203 -493.180888 -496.018109 -499.193604 -502.302266 -505.186421 -507.542431 -510.659459 -514.058822 -517.786724 -521.731338 -525.492378 -529.417615 -532.920195
1.285638 1.447735 1.537710 1.607559 1.681529 1.755531 1.828449 1.912735 1.986345 2.067376 2.149870 2.219319 2.288387 2.359741 2.429472 2.502842 2.577476 2.647106 2.720387 2.792113 2.873138 2.945973 3.014174 3.091710 3.167521 3.242257 3.315667 3.392491 3.464844 3.544217 3.611982 3.693414 3.771392 3.846306 3.912786 3.987091 4.052877 4.127317 4.192904 4.260792 4.326568 4.405789 4.479071 4.544822 4.620077 4.695610 4.761097 4.826771 4.903209 4.976572 5.048096 5.114677 5.187675 5.256328 5.322990 5.403424 5.478342 5.546577 5.612299 5.685065 5.758622 5.833407 5.913624 5.982861 6.048756 6.123769 6.198703 6.265467 6.334151 6.413220 6.494189 6.561869 6.627522 6.695079 6.764424 6.831271 6.897307 6.965132 7.034816 7.106784 7.180898 7.249964 7.319141 7.390974 7.457168 7.524877 7.590947 7.656915 7.723568 7.801899 7.874258 7.940720 8.009703 8.082567 8.154234 8.220499 8.286321 8.354643 8.422575 8.488628 8.570579 8.636980 8.716393 8.783303 8.852890 8.922597 8.991080 9.060627 9.127000 9.191308 9.270517 9.343779 9.418049 9.484280 9.550958 9.618578 9.684197 9.750450 9.820530 9.886949 9.951538 10.017466 10.094293 10.177972 10.242333 10.314074 10.392898 10.466998 10.534494 10.607196 10.681065 10.747485 10.819672 10.897596 10.967385 11.035428 11.104674 11.182672 11.247167 11.311665 11.380594 11.449443 11.514229 11.579680 11.644069 11.711684 11.780405 11.846218 11.916929 11.990257 12.060723
Elapsed_time: 12.060723
Score: -532.920195
151
1138.116369 913.276669 824.220665 778.687728 744.462965 712.007220 655.171656 566.308320 486.751447 420.164596 358.676627 303.008689 255.626129 225.314417 200.051098 182.839091 156.724704 141.617305 121.158635 107.504291 92.999752 69.333543 55.208797 26.952640 7.785845 -14.611411 -37.188919 -65.044107 -81.560809 -99.269068 -109.214743 -122.077601 -130.725412 -137.520034 -147.536762 -156.459992 -164.639675 -171.455782 -179.240824 -187.539884 -195.934958 -204.236091 -212.754798 -222.993355 -233.266721 -242.261117 -252.122424 -261.597166 -270.625191 -279.505596 -287.015141 -295.069284 -304.399595 -311.460726 -318.132775 -326.926196 -333.378178 -340.421809 -347.792368 -353.693336 -359.183893 -364.699155 -368.935555 -373.122249 -377.376215 -381.359981 -385.416184 -389.363027 -393.673796 -397.573754 -401.729201 -406.589992 -411.053620 -416.201517 -421.392203 -426.125334 -431.413718 -436.980450 -442.205227 -447.383906 -451.885435 -456.774493 -462.742359 -468.171658 -473.353329 -480.482615 -485.980553 -492.091045 -499.588936 -505.173374 -510.756930 -517.407294 -521.940034 -526.280361 -529.969541 -535.156994 -538.424664 -542.610234 -545.203939 -548.298741 -552.153806 -555.284806 -557.982831 -560.765125 -563.317665 -566.212185 -568.947039 -571.288620 -573.623469 -575.775675 -577.654174 -579.747410 -580.737192 -582.202489 -583.877750 -584.921114 -585.973320 -586.591945 -587.665343 -588.565413 -589.351966 -590.341781 -591.251304 -592.062222 -592.710158 -593.565584 -594.350644 -595.054573 -595.750855 -596.446133 -596.930153 -597.566970 -598.166528 -598.742050 -598.838129 -599.541890 -599.976898 -600.446852 -600.945608 -601.421114 -601.851577 -602.176515 -602.574033 -602.911816 -603.074366 -603.305275 -603.562101 -603.867591 -604.182584 -604.481678 -604.790923
1.314110 1.469608 1.543047 1.626369 1.700836 1.771832 1.842271 1.918569 2.007957 2.082987 2.151833 2.221423 2.290305 2.362029 2.435812 2.506737 2.582213 2.649406 2.718769 2.795963 2.866727 2.933613 3.006269 3.072259 3.146737 3.212767 3.284137 3.349980 3.421508 3.499529 3.564490 3.629465 3.695261 3.761151 3.831623 3.901356 3.978031 4.044380 4.119393 4.190808 4.255842 4.320033 4.384823 4.452609 4.522674 4.591117 4.665453 4.733478 4.805930 4.880641 4.952429 5.018265 5.088786 5.164500 5.237515 5.310067 5.376055 5.443884 5.518653 5.595829 5.671503 5.736218 5.804431 5.883463 5.952905 6.021299 6.087288 6.152109 6.217044 6.281620 6.349650 6.416430 6.480859 6.547556 6.618299 6.691574 6.758043 6.823858 6.898985 6.964323 7.031281 7.101902 7.166764 7.237462 7.302977 7.368203 7.436602 7.506944 7.582844 7.650586 7.715063 7.781604 7.848508 7.921024 7.990587 8.058130 8.125913 8.191845 8.261747 8.329308 8.406001 8.477443 8.543222 8.607383 8.677856 8.741984 8.816004 8.879595 8.947135 9.013311 9.086205 9.163811 9.239153 9.312385 9.386578 9.450332 9.524608 9.601107 9.667640 9.739093 9.816848 9.896983 9.964650 10.042473 10.106702 10.185805 10.254163 10.322675 10.387236 10.453244 10.524909 10.593996 10.657764 10.724989 10.788569 10.854477 10.920113 10.988321 11.052085 11.115820 11.179663 11.243438 11.307794 11.383467 11.459629 11.529877 11.598402 11.662258 11.726740 11.792517 11.860207
Elapsed_time: 11.860207
Score: -604.790923
151
1177.690370 953.036840 863.993938 818.515016 783.118069 749.969125 692.247540 595.099670 528.409140 471.736228 428.231765 382.213963 351.757993 327.362634 309.406621 295.205463 278.144037 263.795942 250.514173 235.665102 216.203902 195.915318 177.647537 154.458531 134.955655 118.073269 97.171052 80.148176 61.781803 47.891833 36.875367 26.354314 15.980897 6.572718 -1.945493 -11.107187 -20.836978 -31.485624 -44.610976 -56.355796 -69.617911 -84.242293 -95.491364 -106.547180 -117.737006 -126.806490 -135.750900 -144.037374 -152.173548 -158.881584 -165.802038 -172.953557 -179.702275 -188.064443 -197.712015 -207.642559 -219.272383 -231.685230 -244.767391 -256.834778 -266.736045 -280.395306 -295.206868 -304.202321 -315.979039 -327.893134 -336.475789 -343.926834 -351.178176 -360.672332 -366.303741 -372.339786 -380.880986 -387.841465 -398.138991 -408.749053 -417.598044 -429.960771 -439.932884 -450.828129 -461.927541 -470.799111 -480.663738 -490.107294 -497.146343 -503.808934 -510.278262 -516.797936 -521.959453 -526.978003 -533.209486 -538.828256 -543.394189 -547.824797 -552.873182 -557.644919 -561.710564 -565.241320 -569.318314 -572.630077 -575.159358 -578.024657 -580.147717 -582.312394 -584.266818 -585.843114 -587.285928 -588.645660 -589.954748 -591.371045 -592.761836 -593.964846 -595.140771 -596.397953 -597.336236 -598.207037 -599.080316 -599.739902 -600.433974 -601.092808 -601.596352 -602.054132 -602.461999 -602.789141 -603.236487 -603.445210 -603.993307 -604.407631 -604.791725 -605.265329 -605.757745 -606.175049 -606.475878 -606.828008 -607.157254 -607.424660 -607.653559 -607.841835 -608.042617 -608.224385 -608.363112 -608.465477 -608.571111 -608.694086 -608.764800 -608.843781 -608.908603 -608.976442 -609.021398 -609.072279 -609.116708
1.286276 1.458483 1.534766 1.612584 1.683083 1.759880 1.837593 1.912511 1.989656 2.074647 2.162355 2.234106 2.314764 2.385452 2.463312 2.536179 2.603560 2.673071 2.743625 2.813398 2.883469 2.953434 3.022417 3.092302 3.160310 3.231959 3.302143 3.369408 3.461810 3.527936 3.596620 3.663517 3.728604 3.797410 3.869564 3.936076 4.007757 4.075874 4.148120 4.213275 4.280589 4.346969 4.412685 4.493974 4.577392 4.648600 4.716386 4.781890 4.847824 4.912556 4.978356 5.045688 5.113670 5.185178 5.251991 5.319299 5.384764 5.452063 5.520158 5.589069 5.655449 5.734056 5.803011 5.885222 5.953640 6.035306 6.106520 6.176297 6.251997 6.324990 6.399683 6.472931 6.541714 6.612607 6.681093 6.747058 6.815893 6.887868 6.955170 7.025133 7.097342 7.173756 7.252823 7.325495 7.390216 7.457659 7.522134 7.592328 7.662421 7.730107 7.796584 7.865840 7.930692 7.999089 8.071675 8.136583 8.219949 8.290267 8.358052 8.424158 8.489715 8.557388 8.625704 8.692071 8.768343 8.834011 8.900937 8.965485 9.030313 9.113865 9.181391 9.261693 9.332641 9.401711 9.470997 9.536933 9.617814 9.683848 9.749043 9.813462 9.891525 9.966974 10.031348 10.096130 10.160507 10.225299 10.297179 10.363237 10.442328 10.512771 10.577097 10.650002 10.721392 10.790299 10.856799 10.930749 10.998484 11.067304 11.134912 11.204008 11.272948 11.337964 11.402824 11.469029 11.537862 11.610748 11.675503 11.757307 11.823483 11.887659 11.955368
Elapsed_time: 11.955368
Score: -609.116708
