5
151
591.237907 524.238633 483.202351 479.498293 460.290751 455.565372 440.294748 435.387697 422.655016 419.872842 408.578363 407.871536 397.193086 397.712250 388.262387 388.987089 380.566224 382.489304 374.430126 376.594892 368.409957 370.939727 362.648182 365.451137 357.755846 360.852040 353.608870 356.968826 349.968911 353.380539 346.201400 349.013114 342.344417 344.967576 338.258775 340.914616 334.886017 337.445084 331.993214 334.480479 328.828481 330.898704 325.317829 327.355213 322.123870 324.074767 318.389010 319.825004 314.114047 315.824261 311.089165 312.948195 308.281834 310.055744 305.188498 306.292054 301.862239 303.155342 298.798956 300.201091 295.665850 297.129794 292.187838 294.082164 289.019240 290.751384 285.526192 286.767173 282.501157 283.746002 279.763276 281.140251 277.221675 278.457503 274.855639 275.832768 272.404395 273.305385 270.169973 270.642541 267.586723 267.468911 264.321690 264.586797 261.391524 261.362347 258.241783 257.920863 255.490384 255.240450 253.090803 252.778198 250.762650 250.431527 248.420060 248.057864 245.817334 245.201201 243.078848 241.965285 239.591555 238.696472 236.259407 235.349549 232.823519 232.008132 229.695188 228.735297 226.463170 225.335386 222.754440 221.762236 219.466108 218.634733 216.316661 215.377891 213.087751 212.246717 210.118282 208.829241 206.536500 205.278077 203.115527 201.714157 199.570839 198.039166 195.974320 194.222639 192.160115 190.428383 188.517655 186.979646 185.293841 183.743508 182.206188 180.732948 179.302330 177.905797 176.409208 175.066109 173.844921 172.645087 171.588400 170.573826 169.700120 168.904104 168.224938 167.656671 167.198790 166.858411 166.633860
0.189475 0.232828 0.244414 0.259227 0.270581 0.282362 0.294207 0.307822 0.319116 0.330576 0.342939 0.355566 0.366856 0.381000 0.393745 0.406720 0.419760 0.431156 0.442780 0.454289 0.465747 0.477829 0.494139 0.505473 0.516867 0.528226 0.539730 0.551357 0.562727 0.574044 0.585640 0.601306 0.612753 0.624087 0.635389 0.646734 0.658097 0.669381 0.680761 0.692060 0.703565 0.717538 0.731151 0.742527 0.757101 0.768878 0.780581 0.792997 0.804543 0.816490 0.829219 0.840512 0.856513 0.867803 0.884128 0.895389 0.906902 0.921099 0.932384 0.943743 0.956253 0.968631 0.982029 0.993521 1.005709 1.021933 1.035732 1.048148 1.062895 1.075385 1.087073 1.098485 1.111335 1.122759 1.134850 1.146350 1.157658 1.170403 1.181721 1.193686 1.207098 1.220404 1.231776 1.243636 1.255440 1.266768 1.278212 1.290751 1.302019 1.313309 1.324592 1.336060 1.349020 1.360329 1.371606 1.382885 1.394173 1.405428 1.416669 1.427994 1.439248 1.450567 1.461857 1.473648 1.485125 1.496743 1.513639 1.529778 1.544566 1.556578 1.567878 1.579181 1.590452 1.601732 1.612997 1.624470 1.640588 1.653392 1.669002 1.680772 1.692131 1.703864 1.715343 1.727574 1.741045 1.752479 1.764274 1.775555 1.786883 1.798155 1.809451 1.820788 1.832835 1.844983 1.860671 1.871940 1.884662 1.896128 1.908865 1.920236 1.931953 1.947910 1.959285 1.970544 1.982209 1.993778 2.005193 2.016628 2.028558 2.040308 2.051702
Elapsed_time: 2.051702
Score: 166.633860
151
573.401366 517.745047 483.572337 473.475087 455.888194 448.369592 437.330176 432.688619 424.665946 420.552580 411.071629 409.928771 401.173319 402.433271 394.275186 395.714631 386.959987 388.476272 378.927469 381.355496 371.827136 374.092220 366.130679 368.545887 361.161103 363.349450 357.133759 358.788300 352.303369 354.051398 347.886649 350.136022 344.042520 346.299958 340.318780 342.326053 335.880334 337.832188 330.763551 333.621904 326.275929 329.163684 321.779903 324.797755 317.590179 321.370578 314.299120 317.993893 311.007391 314.827719 307.986935 311.649264 304.898675 308.208593 301.972982 304.604234 297.917976 300.648783 293.721957 296.133612 289.087207 291.173752 283.795199 286.007593 279.782813 281.619555 276.404443 278.239326 272.135061 273.159293 268.173359 269.206563 264.938466 265.923164 262.030616 262.784830 259.004681 259.903515 256.184894 257.223347 253.701450 254.594304 251.023779 251.790806 248.343609 249.369554 245.506027 246.172585 241.941206 242.381421 238.141052 238.596000 234.955148 235.510497 232.279291 232.615649 229.509939 229.823557 226.846220 227.156230 224.191334 224.000324 221.524880 220.963184 218.352112 217.475653 215.006204 213.827883 211.266540 210.223388 207.929024 206.963038 204.673916 203.669953 201.813351 200.537394 198.410606 196.716696 194.216657 191.969663 189.256681 186.987015 184.440359 182.217838 180.024361 178.330340 176.346896 174.615816 173.048873 171.287790 169.732831 168.085800 166.393016 164.798165 163.023820 161.374105 159.595968 158.031993 156.338506 154.831192 153.373836 152.034554 150.801776 149.647283 148.651158 147.728090 146.935902 146.267240 145.728740 145.325932 145.062784
0.174913 0.215492 0.227221 0.239235 0.255182 0.268875 0.281183 0.292485 0.303777 0.315104 0.326800 0.340547 0.352089 0.365182 0.376554 0.392698 0.404039 0.415336 0.426692 0.437999 0.449407 0.460807 0.474301 0.487487 0.498753 0.510493 0.523397 0.534689 0.546312 0.557805 0.569482 0.580819 0.592445 0.603989 0.615308 0.626590 0.637871 0.649238 0.661804 0.673806 0.687141 0.698464 0.709943 0.725943 0.741479 0.755379 0.769234 0.783020 0.794471 0.806022 0.817539 0.829988 0.841665 0.853368 0.864848 0.876480 0.888362 0.900629 0.912915 0.925449 0.936935 0.948835 0.961307 0.975093 0.986811 0.998512 1.010107 1.021598 1.032943 1.047371 1.062079 1.075648 1.087855 1.099783 1.111919 1.123229 1.134488 1.145819 1.157104 1.168619 1.186484 1.197857 1.209196 1.220500 1.232900 1.245853 1.258749 1.270004 1.281288 1.293554 1.308863 1.320226 1.331700 1.343404 1.354758 1.366699 1.380296 1.391596 1.407873 1.419220 1.430525 1.441839 1.453088 1.464423 1.475714 1.487389 1.501524 1.514266 1.526110 1.542885 1.556388 1.567813 1.579859 1.592597 1.603891 1.615212 1.626470 1.637902 1.650842 1.664558 1.679369 1.693844 1.705162 1.718647 1.730002 1.741289 1.752826 1.764342 1.775669 1.787263 1.798778 1.810163 1.821518 1.833444 1.845186 1.856828 1.869382 1.881010 1.892375 1.904477 1.915925 1.927362 1.938785 1.951403 1.964507 1.976022 1.987277 1.999137 2.011987 2.023281 2.034604
Elapsed_time: 2.034604
Score: 145.062784
151
539.431282 517.040622 476.248965 479.781529 448.407245 456.155430 429.322412 438.892434 413.378565 424.853512 400.545559 412.435081 390.346684 402.084390 378.966937 391.228544 368.860386 380.062237 356.840235 370.336237 347.581500 358.968044 337.848160 348.809416 330.346983 341.606294 323.980332 334.733900 317.685982 328.733859 311.934729 323.007500 307.030298 317.949249 302.120818 313.073208 297.736288 308.261428 292.527611 302.621640 287.447579 296.790757 282.378643 291.970798 278.279133 287.165553 274.045359 282.389786 269.759459 278.055408 266.155239 274.298466 262.800325 270.550850 259.862492 267.043423 256.724912 263.611421 253.649458 260.358971 250.869917 257.263682 248.247970 254.379465 245.587776 251.457931 242.794983 248.050016 240.047377 245.220119 237.616042 242.446298 235.104756 239.743302 232.688963 236.964824 230.267873 234.130388 227.769944 231.235525 225.406081 228.461073 222.643804 225.357435 219.569801 221.512262 216.049565 217.806952 212.476735 213.328885 208.517222 209.142095 204.785578 205.083592 200.770545 200.799110 197.224546 196.778905 193.387786 193.411411 189.776952 189.937685 186.607161 186.565184 183.301336 183.169213 179.952561 179.401181 177.172195 176.325258 174.068044 172.542597 170.877545 169.041768 167.196364 165.304419 163.496582 161.383368 159.362335 156.947228 154.875421 152.478776 150.641527 148.235923 146.308210 143.759534 141.615588 139.228117 136.937287 134.429451 132.149877 129.842846 127.482234 125.303501 123.222019 121.188790 119.241669 117.292035 115.423162 113.673922 111.981470 110.463434 109.000835 107.683024 106.494451 105.450022 104.559759 103.817869 103.229073 102.793687 102.508595
0.190509 0.242212 0.255896 0.267425 0.278760 0.290192 0.301687 0.316685 0.330255 0.345082 0.356412 0.369479 0.383893 0.395254 0.406723 0.419313 0.430952 0.442959 0.454942 0.467795 0.479318 0.491386 0.503675 0.515285 0.526635 0.537887 0.549166 0.560473 0.571831 0.586459 0.599664 0.611874 0.623416 0.634786 0.646814 0.658197 0.670340 0.682290 0.693954 0.705274 0.716677 0.728012 0.739336 0.750863 0.762712 0.774029 0.785702 0.800503 0.812249 0.823536 0.834822 0.846156 0.857568 0.870745 0.882199 0.894231 0.907279 0.919993 0.932913 0.945035 0.959586 0.971371 0.982756 0.994287 1.008853 1.020190 1.031479 1.043882 1.059888 1.075988 1.090414 1.101826 1.114612 1.125974 1.138719 1.150295 1.164065 1.176161 1.187718 1.199189 1.210777 1.222297 1.233567 1.244860 1.256234 1.267682 1.280068 1.292762 1.304061 1.317311 1.328585 1.339890 1.351218 1.362742 1.378006 1.394267 1.410079 1.424444 1.439934 1.451463 1.464642 1.480001 1.492502 1.504701 1.517435 1.533766 1.545265 1.560141 1.571571 1.585012 1.596968 1.608275 1.624081 1.639118 1.652884 1.664180 1.675517 1.686799 1.698169 1.709627 1.721142 1.732404 1.743731 1.755066 1.767592 1.779666 1.792047 1.803329 1.814588 1.826007 1.837399 1.849086 1.860681 1.872507 1.883797 1.895118 1.906400 1.917717 1.929162 1.941835 1.953146 1.964549 1.975915 1.991648 2.007712 2.019571 2.033103 2.045717 2.057713 2.068980 2.080875
Elapsed_time: 2.080875
Score: 102.508595
151
555.632699 493.642205 462.200102 453.869019 430.342911 428.430667 408.781289 408.171146 392.568065 396.210141 381.526028 385.949571 372.501335 377.614670 365.350813 370.360692 359.199981 364.153672 353.241077 358.042889 347.343660 352.657603 342.148359 347.154690 337.298509 342.014607 332.230666 337.158367 327.172972 332.438202 323.071603 328.224171 319.139597 324.470926 315.646574 320.669353 312.102296 316.931892 308.555069 312.646045 304.578330 308.316782 300.397576 304.033273 297.277865 300.949597 293.912082 297.250912 290.468967 293.312566 286.605972 289.395544 283.131025 286.149462 279.792433 282.927948 276.680577 279.650247 273.310237 276.293796 269.852168 272.494767 266.378887 268.968104 263.200556 265.250666 259.698422 262.028257 256.423994 258.815689 253.113633 254.838456 249.061552 250.974528 245.230674 246.469120 240.962082 241.558157 235.794647 236.202753 230.895682 231.580263 227.643456 227.982142 224.455585 224.946479 221.691668 222.220751 218.865324 219.220880 215.499460 215.208579 211.813328 211.493338 208.288851 207.753959 204.179776 203.429522 200.482536 199.558886 196.658040 195.660054 192.747846 191.854577 189.237238 187.959095 185.495923 184.560451 182.181851 181.070629 178.732359 177.149175 174.556961 172.904438 170.326145 168.264765 165.918588 163.803001 161.650418 159.816273 157.615231 155.811887 153.608514 151.565603 149.383323 147.347652 145.300243 143.230414 141.301745 139.300887 137.497923 135.543061 133.812742 131.897015 130.152305 128.414288 126.642131 125.003451 123.389060 121.899917 120.451886 119.075843 117.802553 116.599664 115.528165 114.568104 113.742830 113.054990 112.505203 112.095363 111.826246
0.194352 0.239883 0.253234 0.267212 0.279940 0.293513 0.305024 0.316763 0.329875 0.341330 0.352820 0.365426 0.376788 0.388100 0.401342 0.412965 0.424315 0.435732 0.447102 0.458497 0.469933 0.481574 0.493059 0.504479 0.516193 0.527909 0.539318 0.551228 0.563738 0.576126 0.587986 0.599804 0.611327 0.622708 0.634091 0.645886 0.657372 0.668864 0.680965 0.693342 0.704741 0.719760 0.734640 0.747130 0.758834 0.770501 0.782210 0.798086 0.810865 0.826678 0.838089 0.851290 0.862803 0.874240 0.885725 0.897111 0.910063 0.921573 0.933114 0.944395 0.955660 0.966982 0.978285 0.989594 1.000862 1.012150 1.023585 1.038254 1.049618 1.061508 1.072809 1.084097 1.095444 1.106787 1.118067 1.129424 1.140817 1.153676 1.165045 1.176808 1.193535 1.205400 1.217678 1.229390 1.240776 1.252094 1.263384 1.274714 1.286173 1.298112 1.312551 1.323861 1.335210 1.346741 1.361129 1.377719 1.390478 1.404790 1.421100 1.434164 1.447889 1.462755 1.474594 1.486938 1.499956 1.513008 1.525573 1.538302 1.549573 1.560877 1.572138 1.583474 1.595490 1.608007 1.625451 1.636848 1.648198 1.659515 1.670819 1.682104 1.693465 1.704819 1.716153 1.727458 1.738727 1.750202 1.764779 1.777847 1.789407 1.800783 1.814273 1.825867 1.837317 1.849024 1.861702 1.873729 1.885079 1.896387 1.907819 1.919828 1.936220 1.947470 1.958828 1.970147 1.981430 1.992771 2.004086 2.015419 2.026721 2.042313 2.054578
Elapsed_time: 2.054578
Score: 111.826246
151
560.893938 501.763568 459.618220 451.281646 425.329471 419.504175 401.040258 399.560178 382.540030 383.717440 370.064392 372.897997 360.226933 364.553913 353.028153 357.318963 346.803077 351.301913 341.570584 346.306062 337.023781 340.744300 330.767121 335.153892 326.020234 330.199056 321.182449 324.940384 315.950171 320.051058 311.210402 314.797158 306.524534 309.596916 301.495303 305.208626 296.786659 300.499157 292.497381 295.552681 287.634740 291.171178 283.207659 286.252384 278.129352 280.706705 273.894616 276.472458 269.801187 272.120577 265.598954 267.708910 261.184083 263.548754 257.598166 259.893108 254.406317 256.229404 250.959864 252.568790 247.442512 248.468587 243.549371 244.452786 239.374559 240.724718 236.174008 237.615402 233.360171 234.866679 230.563474 232.203634 228.003927 229.616876 225.237090 226.696256 222.603325 223.784730 219.727532 220.762531 216.517854 217.420457 212.956591 214.206161 210.005917 211.191847 206.978286 208.110332 204.150404 205.264278 201.121861 201.706306 197.587348 197.760844 192.998331 192.848723 188.508452 187.971991 183.588831 183.132260 178.899969 178.407899 174.772961 173.603038 170.300974 169.327632 165.691280 164.733621 161.395480 160.037731 156.188819 154.332031 150.693717 149.286804 145.763769 144.320090 141.022060 139.366200 136.382028 134.285697 131.517085 129.417291 126.825151 124.553109 122.134819 119.791903 117.288902 114.888471 112.322460 109.779008 107.303461 104.751267 102.329957 99.817543 97.481614 95.137510 93.001135 90.826256 88.845558 86.911658 85.127780 83.435827 81.899774 80.476586 79.201561 78.061897 77.086106 76.259593 75.602784 75.111838 74.788751
0.198810 0.247735 0.259076 0.270432 0.281767 0.293050 0.304614 0.317037 0.328452 0.340300 0.352094 0.363660 0.375166 0.386644 0.398669 0.412542 0.426760 0.439344 0.450764 0.463889 0.475355 0.487526 0.498973 0.511193 0.522646 0.535709 0.547537 0.558919 0.570317 0.581670 0.593020 0.604375 0.616026 0.627397 0.638748 0.650111 0.661446 0.672768 0.684805 0.700227 0.711857 0.723172 0.734539 0.745841 0.757504 0.772349 0.787000 0.798599 0.809995 0.822081 0.834661 0.847342 0.859406 0.870947 0.882305 0.893855 0.907729 0.923351 0.938650 0.954647 0.966173 0.979843 0.992346 1.007886 1.022026 1.037424 1.048693 1.060036 1.071360 1.082692 1.093968 1.105288 1.116593 1.127877 1.139209 1.150644 1.161905 1.173546 1.187243 1.199353 1.210692 1.223145 1.236663 1.248033 1.259317 1.270689 1.281996 1.293293 1.304585 1.316304 1.329092 1.340433 1.356025 1.367292 1.378597 1.389966 1.401338 1.412797 1.424410 1.436148 1.448181 1.459530 1.472453 1.483737 1.495100 1.506376 1.517705 1.529019 1.540307 1.551653 1.563001 1.574317 1.585666 1.596968 1.608335 1.619643 1.631204 1.642507 1.653862 1.665191 1.676480 1.687757 1.699489 1.714169 1.725482 1.736777 1.748030 1.759348 1.770703 1.781991 1.793283 1.804585 1.815891 1.827198 1.838459 1.850221 1.861620 1.878112 1.893692 1.910494 1.923040 1.936523 1.947973 1.960199 1.971842 1.983868 1.995550 2.006898 2.018213 2.029546 2.041102
Elapsed_time: 2.041102
Score: 74.788751
