5
151
18884.289771 1312.025409 1263.882853 1217.426932 1172.459518 1128.742587 1087.499943 1047.771470 1011.062376 976.165068 942.804006 910.749514 880.179410 851.015594 823.261702 796.764803 772.145820 748.689991 726.874001 706.097051 686.438414 667.526302 649.530255 632.104808 615.545970 599.428490 583.972887 568.855620 554.410785 540.337354 526.732758 513.560224 500.881449 488.710541 477.096973 466.028781 455.343509 444.882278 435.078131 425.305788 416.011041 407.133848 398.650761 390.494614 382.715028 375.251527 368.146864 361.176324 354.493237 348.072343 341.923901 335.980608 330.196841 324.640483 319.244784 313.988681 308.978657 304.054448 299.297454 294.571145 290.275590 285.892176 281.838794 277.691662 273.727905 269.783389 266.006999 262.305983 258.753233 255.337306 251.939475 248.713144 245.441685 242.406788 239.312892 236.362633 233.391239 230.609816 227.914422 225.335218 222.853912 220.340115 217.949122 215.641503 213.364191 211.263858 209.171732 207.079135 205.010631 202.952275 200.976193 199.006324 197.106541 195.284781 193.499849 191.779775 190.102016 188.468350 186.891845 185.360262 183.848786 182.351707 180.897528 179.465940 178.068159 176.688424 175.348687 174.056728 172.792414 171.567816 170.385289 169.230942 168.109101 167.033911 165.981793 164.942873 163.931231 162.969967 162.019255 161.120000 160.242120 159.391834 158.567426 157.767114 156.988577 156.234863 155.525472 154.849521 154.199496 153.574355 152.977551 152.415382 151.870583 151.354882 150.860686 150.396213 149.960073 149.549915 149.168262 148.815876 148.491100 148.193207 147.920381 147.674923 147.457545 147.267093 147.103965 146.968101 146.859376 146.777973 146.723775
0.000070 0.037575 0.049001 0.060401 0.072730 0.084172 0.095764 0.107464 0.119103 0.130496 0.144498 0.155889 0.167184 0.178528 0.189838 0.201375 0.217104 0.232997 0.244357 0.256085 0.267494 0.280355 0.291742 0.304125 0.316107 0.328319 0.340533 0.352171 0.363462 0.375434 0.392599 0.404862 0.416198 0.427511 0.438778 0.450116 0.461406 0.472875 0.485457 0.496729 0.508370 0.520757 0.532180 0.546125 0.558609 0.571114 0.583256 0.594710 0.606579 0.617983 0.629838 0.642532 0.654132 0.666836 0.678221 0.689551 0.700848 0.712151 0.723423 0.734763 0.746062 0.757634 0.769152 0.780536 0.792215 0.803537 0.814804 0.826214 0.837537 0.848874 0.860155 0.871482 0.883067 0.895534 0.906871 0.918188 0.929513 0.940902 0.952221 0.963623 0.975341 0.988089 1.000319 1.011679 1.024147 1.039701 1.052553 1.068264 1.084012 1.100124 1.111421 1.122784 1.135589 1.146972 1.158289 1.169789 1.181095 1.192910 1.207382 1.220428 1.231843 1.243355 1.255254 1.266813 1.279015 1.292211 1.304227 1.315601 1.328451 1.339846 1.351372 1.363342 1.376959 1.388786 1.400555 1.412107 1.423517 1.435149 1.447521 1.458969 1.472520 1.483827 1.495134 1.506513 1.517959 1.529540 1.543796 1.555053 1.566392 1.577658 1.588922 1.600264 1.611587 1.622889 1.634170 1.645569 1.658648 1.670180 1.681642 1.694785 1.706654 1.717999 1.729476 1.744729 1.757799 1.770789 1.782585 1.793983 1.806200 1.817763 1.831481
Elapsed_time: 1.831481
Score: 146.723775
151
18564.936694 1312.645416 1263.826122 1215.941293 1168.479381 1122.321276 1077.275907 1034.759257 994.239957 955.943685 920.040991 886.218984 854.620523 824.842786 796.549596 770.126623 745.357109 721.941172 699.790733 678.685666 658.750158 639.864320 621.750822 604.712446 588.542180 572.992016 558.264550 544.317951 530.969180 518.315991 506.438087 495.076920 484.273575 473.968391 464.233113 454.729215 445.790552 437.202033 429.142383 421.355775 414.020109 406.927440 400.299137 393.864801 387.814697 381.946830 376.478618 371.033237 365.968832 360.951419 356.342986 351.766462 347.498397 343.246255 339.215751 335.352646 331.652922 328.083094 324.549356 321.245459 318.012161 314.907287 311.821657 308.871979 305.969155 303.146605 300.438345 297.837403 295.285355 292.739824 290.252586 287.824926 285.324162 282.982272 280.635605 278.394716 276.197996 274.127276 271.976449 269.852524 267.792913 265.799714 263.874333 262.036645 260.163609 258.381931 256.638638 254.889668 253.243777 251.573103 249.933024 248.272064 246.705621 245.138264 243.591502 242.094152 240.678333 239.239532 237.840017 236.483489 235.201845 233.907968 232.722406 231.465666 230.272047 229.106070 228.001091 226.899933 225.827039 224.761360 223.762989 222.777212 221.819113 220.885686 220.008491 219.133349 218.274023 217.436245 216.625901 215.840401 215.060589 214.294910 213.561702 212.855460 212.181147 211.522229 210.892714 210.289195 209.709054 209.155978 208.619683 208.104470 207.609378 207.138202 206.693660 206.269794 205.866383 205.488940 205.136249 204.808213 204.505082 204.228317 203.976556 203.750486 203.550178 203.375485 203.226061 203.101912 203.002852 202.928688 202.879321
0.000039 0.034787 0.046796 0.060866 0.073284 0.087241 0.099166 0.110592 0.126934 0.138729 0.150479 0.161920 0.173219 0.184578 0.196194 0.207949 0.223800 0.235199 0.246681 0.258238 0.271622 0.284114 0.295540 0.308056 0.320827 0.332588 0.344000 0.355738 0.368216 0.380254 0.391823 0.405868 0.421543 0.433592 0.446762 0.460286 0.471649 0.483192 0.495135 0.506569 0.522701 0.535262 0.548017 0.559345 0.572162 0.583744 0.595336 0.607625 0.620370 0.631927 0.648274 0.664790 0.680543 0.694199 0.705486 0.716795 0.730039 0.742124 0.753514 0.764766 0.776076 0.787674 0.798975 0.810344 0.823836 0.837046 0.848483 0.859891 0.871619 0.883406 0.894730 0.906049 0.917346 0.928655 0.940284 0.956107 0.969438 0.980742 0.992035 1.003345 1.014760 1.026134 1.037759 1.050135 1.062280 1.074898 1.088795 1.103171 1.114601 1.125984 1.137293 1.148614 1.159969 1.171296 1.183045 1.197842 1.209306 1.220696 1.233426 1.249323 1.265012 1.279716 1.293073 1.304492 1.317598 1.329055 1.341397 1.353876 1.366190 1.377651 1.390156 1.401777 1.413616 1.425082 1.436400 1.447725 1.459038 1.470832 1.482438 1.498636 1.509930 1.521242 1.532541 1.543880 1.555159 1.566535 1.577882 1.589219 1.603345 1.616520 1.630103 1.642187 1.654805 1.666217 1.679011 1.691994 1.703379 1.715021 1.728875 1.742413 1.753713 1.765061 1.776307 1.787638 1.798895 1.810213 1.821592 1.833089 1.844642 1.860052 1.872504
Elapsed_time: 1.872504
Score: 202.879321
151
20711.960297 1321.636701 1275.943195 1231.591815 1186.945426 1142.388828 1099.115306 1057.900158 1019.101720 982.708750 948.519188 916.304096 885.275025 856.080027 828.475390 802.017243 776.657751 752.724978 729.959835 708.235475 687.561302 668.093354 649.516987 631.964433 615.139967 599.176868 584.178767 570.074291 556.702937 543.925318 531.739319 520.045000 508.999835 498.486752 488.587262 478.852930 469.762024 460.865458 452.518701 444.398678 436.639012 429.006968 421.943389 414.938500 408.454325 402.122983 396.122687 390.283175 384.699842 379.290371 374.151081 369.202907 364.317440 359.676187 355.197302 350.800358 346.591192 342.521529 338.554096 334.624840 330.903021 327.128962 323.564362 319.990114 316.539110 313.053493 309.725704 306.418176 303.232796 300.046046 296.949615 293.873515 290.907157 287.996900 285.140469 282.321864 279.587030 276.833179 274.207734 271.601502 269.043271 266.485326 263.973031 261.459086 258.939140 256.490856 253.974572 251.583247 249.171086 246.876436 244.570971 242.475692 240.297347 238.200225 236.093295 234.048843 232.026810 230.042888 228.075036 226.174341 224.278105 222.450040 220.651820 218.915704 217.195312 215.510149 213.879816 212.269852 210.727477 209.183423 207.714770 206.261569 204.873553 203.504113 202.179583 200.889837 199.644682 198.412177 197.214572 196.046967 194.907075 193.796755 192.729650 191.701393 190.705843 189.744840 188.805804 187.906762 187.038255 186.209143 185.418521 184.667040 183.949568 183.266541 182.621510 182.011111 181.439905 180.905950 180.409035 179.947688 179.522755 179.134366 178.783473 178.468699 178.189304 177.945003 177.736058 177.562197 177.423391 177.319413 177.250164
0.000037 0.037860 0.049249 0.060579 0.071912 0.083196 0.094467 0.105758 0.117156 0.129547 0.145085 0.157605 0.170158 0.181674 0.194059 0.207278 0.218823 0.230141 0.241437 0.252843 0.264540 0.278618 0.289930 0.303709 0.318111 0.329364 0.341127 0.352526 0.364987 0.376761 0.389953 0.401261 0.412567 0.423975 0.435269 0.447152 0.461134 0.473039 0.484320 0.495677 0.506983 0.518301 0.529655 0.541988 0.560506 0.571867 0.583199 0.594506 0.605829 0.617527 0.630034 0.641664 0.653872 0.665247 0.676540 0.687892 0.699539 0.712027 0.725934 0.737321 0.749132 0.760878 0.772361 0.784143 0.796484 0.807894 0.819373 0.832116 0.843375 0.855447 0.866865 0.879229 0.890821 0.905093 0.919638 0.932345 0.945595 0.958207 0.969801 0.985139 0.996455 1.008471 1.022524 1.038208 1.049496 1.060979 1.075514 1.089573 1.101272 1.113411 1.125059 1.136638 1.148137 1.159574 1.171398 1.182850 1.194373 1.205690 1.217207 1.231161 1.245919 1.261718 1.277961 1.293904 1.305613 1.316925 1.328241 1.339566 1.350874 1.362203 1.373517 1.384901 1.397547 1.408955 1.420495 1.431864 1.443266 1.454621 1.466258 1.478040 1.489633 1.500954 1.512624 1.528245 1.543621 1.555963 1.570053 1.585305 1.598942 1.610296 1.621569 1.632829 1.644136 1.655524 1.667916 1.679254 1.690571 1.702007 1.714039 1.727136 1.738725 1.750183 1.761605 1.772938 1.784228 1.795610 1.810883 1.827063 1.838429 1.849726 1.861029
Elapsed_time: 1.861029
Score: 177.250164
151
20625.593017 1315.645325 1268.346786 1222.264658 1176.191881 1130.336426 1085.767948 1043.892737 1004.939326 968.311691 934.625554 903.407943 874.048883 846.497114 820.072690 795.116444 771.353692 748.504590 726.609236 705.372290 685.093892 665.760236 647.228805 629.467199 612.448018 596.292711 580.943289 566.411283 552.337778 538.806193 525.866245 513.469039 501.596729 490.245126 479.326171 468.928327 459.033725 449.580936 440.466342 431.787300 423.636622 415.903745 408.529081 401.410037 394.636231 388.216782 382.070099 376.265703 370.530969 365.204481 360.011097 355.086260 350.331800 345.818778 341.464104 337.309067 333.316771 329.415894 325.692176 322.094789 318.554543 315.257634 312.033576 308.911192 305.847902 302.973318 300.196331 297.483143 294.821334 292.264554 289.792319 287.375219 285.043941 282.831406 280.605094 278.556957 276.565940 274.638409 272.846176 271.038182 269.314911 267.653921 265.934784 264.329539 262.709102 261.183152 259.672198 258.259647 256.869415 255.593816 254.234592 253.022743 251.786018 250.670123 249.524442 248.443062 247.333209 246.342990 245.295292 244.351770 243.357150 242.388330 241.439188 240.471051 239.576185 238.675456 237.831983 236.998699 236.167541 235.365764 234.595398 233.814061 233.063418 232.323545 231.592466 230.860619 230.183171 229.497659 228.858391 228.245702 227.639848 227.056332 226.491285 225.941608 225.414956 224.889494 224.382718 223.885459 223.411005 222.958603 222.525982 222.113243 221.712130 221.331470 220.967890 220.619318 220.289304 219.977152 219.686149 219.414874 219.163350 218.934709 218.726844 218.539915 218.374225 218.229940 218.106737 218.004380 217.922908 217.862027 217.821550
0.000038 0.042006 0.054208 0.065529 0.076972 0.088524 0.103472 0.114852 0.126291 0.137857 0.149609 0.160993 0.172446 0.183927 0.196206 0.207577 0.220634 0.235250 0.249302 0.260818 0.272175 0.283506 0.294827 0.306155 0.317450 0.328793 0.340067 0.351340 0.362677 0.375535 0.386885 0.398213 0.409794 0.423654 0.438147 0.449451 0.460889 0.472705 0.484070 0.495327 0.506614 0.517936 0.529238 0.540563 0.551858 0.563807 0.578537 0.589842 0.601137 0.613309 0.625668 0.637103 0.648473 0.659794 0.671259 0.682793 0.694539 0.706151 0.719069 0.732589 0.745721 0.758576 0.769919 0.785205 0.798272 0.809554 0.821610 0.834414 0.845814 0.857530 0.868996 0.882026 0.893404 0.904987 0.916410 0.928612 0.940412 0.952214 0.963538 0.974997 0.986605 0.998846 1.010198 1.022909 1.034267 1.045622 1.057012 1.068337 1.079630 1.090924 1.102239 1.113552 1.124883 1.136161 1.147437 1.158746 1.170008 1.181368 1.192632 1.204083 1.217707 1.232581 1.245490 1.257832 1.269392 1.280761 1.292182 1.303594 1.315169 1.327432 1.344027 1.355389 1.367630 1.378890 1.390255 1.401590 1.412876 1.424310 1.437617 1.448995 1.460306 1.471730 1.486794 1.498349 1.509806 1.521596 1.532987 1.544517 1.556623 1.569632 1.581120 1.593908 1.606406 1.617793 1.629207 1.640754 1.652126 1.663469 1.675039 1.688657 1.700172 1.711547 1.722845 1.734202 1.745536 1.756836 1.768167 1.779477 1.790824 1.802164 1.813676
Elapsed_time: 1.813676
Score: 217.821550
151
20824.198564 1317.071137 1269.110578 1222.946035 1177.675727 1133.018921 1090.648047 1050.857203 1013.507718 978.317218 945.636270 915.032675 886.428174 858.874410 833.137599 808.599655 785.243062 763.201543 742.468017 722.845693 704.266588 686.633715 669.930654 654.129140 638.973438 624.526314 610.566764 597.468458 584.828094 572.994883 561.513896 550.780195 540.282091 530.546116 520.703415 511.413175 502.305479 493.660619 485.122301 476.818783 468.789051 460.800711 453.069970 445.522327 438.127261 431.107564 424.129623 417.424067 410.825443 404.458879 398.308799 392.259235 386.439878 380.810196 375.273862 369.987110 364.717768 359.666162 354.731693 349.933628 345.360637 340.752051 336.440108 332.132556 328.052631 324.045479 320.190027 316.393248 312.704569 309.021089 305.503628 302.065755 298.839468 295.590920 292.550546 289.583175 286.632722 283.698217 280.888418 278.042763 275.310165 272.621045 270.041750 267.491994 265.072614 262.653399 260.304673 258.027223 255.830429 253.607360 251.470837 249.331674 247.322915 245.325064 243.322571 241.386551 239.497162 237.648414 235.861656 234.064464 232.364424 230.670457 229.069911 227.490042 225.955129 224.460712 222.990862 221.572673 220.177838 218.819468 217.512055 216.234515 215.026734 213.827177 212.684988 211.581103 210.499738 209.453533 208.429609 207.440688 206.474183 205.545027 204.638957 203.778822 202.942576 202.141457 201.373682 200.637333 199.926735 199.247918 198.597387 197.978137 197.387999 196.826757 196.295671 195.797502 195.329331 194.889180 194.480372 194.100242 193.750345 193.430548 193.141181 192.881431 192.651668 192.451408 192.280372 192.138299 192.025038 191.940301 191.883904
0.000037 0.040983 0.054706 0.068262 0.080352 0.092661 0.104170 0.115476 0.126835 0.138608 0.152564 0.165129 0.177898 0.191170 0.203260 0.216745 0.228310 0.239591 0.251349 0.262698 0.274010 0.285369 0.296679 0.308032 0.319467 0.334843 0.346201 0.357520 0.369618 0.381014 0.392733 0.404138 0.415623 0.427679 0.440153 0.452210 0.464073 0.475572 0.488199 0.500492 0.514699 0.526213 0.537562 0.548840 0.560117 0.571460 0.582818 0.596231 0.609030 0.620672 0.633138 0.645051 0.658876 0.675586 0.687014 0.698538 0.710382 0.722046 0.733780 0.748058 0.759933 0.771258 0.782646 0.794067 0.805851 0.817782 0.829119 0.840445 0.851807 0.863150 0.874606 0.890396 0.902859 0.914195 0.925552 0.936825 0.948628 0.963287 0.978729 0.991504 1.003084 1.016891 1.028888 1.040543 1.055960 1.069215 1.080918 1.094157 1.105485 1.116978 1.128415 1.143237 1.157731 1.170291 1.181666 1.194558 1.205887 1.217200 1.228572 1.239894 1.251155 1.262497 1.273826 1.285222 1.296547 1.307837 1.319302 1.331297 1.342642 1.353924 1.365295 1.376699 1.388503 1.400946 1.414850 1.426196 1.437748 1.449124 1.460469 1.471842 1.483288 1.498504 1.511911 1.523931 1.535750 1.547909 1.559237 1.570668 1.582073 1.593423 1.606014 1.617910 1.629593 1.641285 1.654408 1.668191 1.683018 1.694476 1.709056 1.721113 1.732592 1.744406 1.755715 1.766987 1.778267 1.789586 1.800894 1.812207 1.823487 1.834790 1.846189
Elapsed_time: 1.846189
Score: 191.883904
