5
151
93730.417778 3784.878611 3665.865982 3542.270361 3415.734047 3290.467376 3169.921526 3055.879778 2949.664483 2850.328322 2758.180529 2672.782543 2593.367255 2519.472950 2449.883224 2384.221064 2322.896968 2264.418237 2208.467966 2155.556389 2105.472077 2057.552349 2011.616768 1968.061982 1926.106090 1886.078346 1847.767025 1810.775517 1775.410581 1741.396902 1708.457214 1676.572445 1646.013154 1616.476429 1587.908497 1560.353128 1533.799125 1508.027718 1483.162181 1459.019917 1435.857105 1413.119408 1391.186201 1369.674758 1349.081627 1328.973253 1309.494474 1290.451492 1272.153611 1254.329104 1236.891881 1219.988992 1203.520703 1187.421603 1171.570638 1156.134799 1141.125967 1126.348556 1111.910478 1097.566135 1083.766635 1070.052304 1056.804915 1043.607624 1030.977963 1018.363759 1006.195063 994.124109 982.333138 970.732023 959.281203 948.110569 937.085101 926.251656 915.585857 905.123026 894.784004 884.716523 874.735204 864.942652 855.262498 845.778877 836.330554 827.212613 818.153088 809.294066 800.510781 791.923441 783.480476 775.165035 766.977899 758.982587 751.092626 743.376223 735.754278 728.311919 720.982284 713.789576 706.794272 699.963313 693.266110 686.692974 680.239136 673.921963 667.768626 661.739194 655.851924 650.112629 644.482562 638.997328 633.638205 628.431512 623.324550 618.370644 613.540772 608.860079 604.303477 599.884544 595.593694 591.444530 587.417208 583.535120 579.777021 576.151361 572.658698 569.297867 566.063236 562.960634 559.987408 557.145333 554.428842 551.836330 549.371383 547.032434 544.819389 542.732501 540.769774 538.932775 537.218868 535.628308 534.163245 532.820642 531.599007 530.501505 529.527197 528.675015 527.944860 527.336841 526.850688 526.486317 526.243612
0.000240 0.253748 0.341175 0.423445 0.505856 0.587142 0.671836 0.754707 0.839921 0.921960 1.002801 1.084264 1.165186 1.249592 1.335604 1.419509 1.502589 1.587383 1.670965 1.757361 1.839181 1.921710 2.005772 2.086235 2.167744 2.250667 2.338117 2.428685 2.512712 2.600975 2.683885 2.768941 2.854597 2.944219 3.032250 3.114616 3.201369 3.285164 3.369056 3.450727 3.539760 3.624463 3.705141 3.786238 3.866914 3.947932 4.031363 4.113314 4.196163 4.277873 4.360630 4.444790 4.528772 4.615377 4.700474 4.791070 4.871640 4.953556 5.039690 5.134574 5.219981 5.301751 5.385649 5.468967 5.552571 5.634423 5.715283 5.805114 5.888329 5.973483 6.056389 6.138088 6.220207 6.302901 6.386926 6.470795 6.552513 6.635200 6.717654 6.800215 6.887027 6.974102 7.058530 7.149278 7.231480 7.313401 7.398318 7.489774 7.578179 7.665179 7.748779 7.829926 7.915951 7.997113 8.082282 8.168112 8.250286 8.334036 8.422443 8.505751 8.587073 8.675070 8.761142 8.844106 8.929454 9.016710 9.100808 9.180731 9.260706 9.348523 9.432916 9.517021 9.604152 9.687541 9.771520 9.852339 9.933846 10.015123 10.098922 10.184221 10.269958 10.354790 10.436837 10.518352 10.602793 10.693546 10.783856 10.867824 10.949160 11.036138 11.120434 11.207829 11.287667 11.372511 11.454936 11.539165 11.620527 11.704860 11.786241 11.869744 11.951040 12.036329 12.123369 12.205207 12.287037 12.373483 12.457077 12.539523 12.625876 12.711279 12.795730
Elapsed_time: 12.795730
Score: 526.243612
151
92297.959350 3785.787640 3661.622159 3533.884030 3405.008391 3278.225848 3156.572375 3041.467185 2934.395744 2833.830910 2740.512360 2653.237914 2572.317600 2496.718264 2425.948712 2359.392971 2297.098594 2238.072869 2182.292054 2129.186891 2078.704400 2030.245902 1984.203950 1939.715723 1897.222061 1856.266273 1816.988629 1779.133263 1743.047329 1708.217523 1674.614841 1642.254247 1611.012707 1580.842030 1551.863918 1523.590976 1496.564355 1470.072135 1444.534495 1419.383654 1395.354133 1371.699773 1348.951291 1326.655652 1305.104015 1283.966127 1263.610906 1243.506180 1224.169885 1205.115432 1186.653915 1168.492375 1150.812354 1133.393603 1116.468556 1099.700168 1083.638992 1067.409787 1051.912147 1036.514321 1021.439570 1006.704239 992.163997 978.133399 964.335291 950.863529 937.761592 924.807757 912.200623 899.718789 887.677798 875.693287 864.221291 852.861643 841.867905 831.061354 820.523829 810.171927 800.046575 790.061015 780.428002 770.889385 761.736696 752.694972 743.981823 735.331724 726.913436 718.606219 710.559957 702.687883 694.955608 687.437428 680.054283 672.825434 665.761316 658.786537 651.998007 645.431951 638.951986 632.594933 626.362073 620.299630 614.321169 608.490365 602.797511 597.245386 591.766331 586.403060 581.137326 575.994743 570.951822 566.017600 561.200229 556.501733 551.939955 547.488799 543.155051 538.924766 534.804934 530.793463 526.906027 523.140253 519.491655 515.989585 512.603041 509.348315 506.217215 503.210136 500.334562 497.582482 494.947059 492.435637 490.051595 487.793338 485.653535 483.638428 481.739721 479.962881 478.302224 476.761448 475.340027 474.034560 472.849772 471.784949 470.838809 470.011533 469.303090 468.713242 468.241595 467.887908 467.652192
0.000096 0.266755 0.349579 0.429556 0.522354 0.605681 0.685391 0.765249 0.846925 0.932511 1.012358 1.103306 1.187366 1.270094 1.352131 1.437978 1.529555 1.628913 1.725524 1.808717 1.897392 1.984130 2.068540 2.148803 2.230296 2.315687 2.406918 2.495322 2.578774 2.665816 2.756778 2.842126 2.922307 3.009840 3.093059 3.174111 3.254747 3.341954 3.427008 3.511601 3.597976 3.680072 3.763539 3.857694 3.941598 4.035549 4.131753 4.216902 4.300313 4.389822 4.474586 4.556687 4.637601 4.718690 4.802648 4.887194 4.971140 5.057409 5.146255 5.230543 5.313380 5.395555 5.476522 5.564450 5.650744 5.752398 5.835798 5.916881 6.018494 6.101240 6.186184 6.265831 6.352692 6.441951 6.525560 6.606911 6.696266 6.775970 6.862296 6.947143 7.034500 7.124408 7.205802 7.290709 7.375632 7.457627 7.539600 7.635283 7.719718 7.808554 7.894619 7.975955 8.056840 8.146349 8.226052 8.316629 8.403556 8.487451 8.572704 8.655383 8.744977 8.824706 8.921942 9.005941 9.099226 9.182033 9.271522 9.352941 9.442592 9.522638 9.611377 9.691995 9.772188 9.854364 9.940941 10.022047 10.110985 10.196304 10.281937 10.378119 10.461357 10.545404 10.640329 10.737510 10.818930 10.903391 10.985237 11.069186 11.152732 11.234090 11.319005 11.399599 11.481364 11.581443 11.671974 11.762460 11.856913 11.945026 12.028579 12.117154 12.202757 12.282826 12.371518 12.461552 12.553678 12.647196 12.727875 12.813114 12.893692 12.973525 13.063788
Elapsed_time: 13.063788
Score: 467.652192
151
95180.613446 3790.937549 3668.944276 3542.306722 3412.567943 3284.259210 3161.135740 3046.014846 2939.116806 2840.204950 2747.861954 2662.117866 2582.070595 2507.512477 2437.821779 2372.119669 2310.392832 2251.477023 2196.267607 2143.730603 2093.865237 2046.341812 2001.024681 1957.513679 1915.553566 1875.225325 1836.578275 1799.501640 1764.090503 1729.778044 1696.828919 1664.699907 1633.799302 1603.950388 1575.228717 1547.710468 1520.771960 1495.170389 1469.899470 1445.741315 1421.892589 1399.099219 1376.533616 1354.998386 1333.944968 1313.762765 1293.902368 1274.742944 1256.198518 1238.236463 1220.756776 1203.862820 1187.478588 1171.471672 1155.772909 1140.611151 1125.745013 1111.436484 1097.291934 1083.386491 1069.681202 1056.285350 1043.051457 1030.164744 1017.558966 1005.302579 993.256447 981.435946 969.741688 958.279317 946.814838 935.663209 924.658114 913.887771 903.220333 892.774139 882.401531 872.112061 861.904589 851.694563 841.681498 831.670347 821.751272 812.021741 802.384145 792.908797 783.530770 774.263375 765.173563 756.249248 747.449129 738.772663 730.249388 721.865621 713.604691 705.497558 697.524050 689.699530 681.981307 674.404155 666.984568 659.712045 652.556640 645.541901 638.659737 631.935238 625.364420 618.934819 612.659970 606.514937 600.515838 594.664818 588.964648 583.405994 577.994038 572.730194 567.616200 562.649468 557.835921 553.162906 548.638960 544.263185 540.035674 535.952622 532.017854 528.230682 524.590113 521.099760 517.757741 514.560126 511.507039 508.602195 505.839630 503.218629 500.741734 498.405621 496.210106 494.155349 492.240064 490.463627 488.825770 487.325836 485.962961 484.739535 483.651063 482.698061 481.882824 481.204360 480.661562 480.254663 479.983574
0.000140 0.267268 0.368807 0.453975 0.533619 0.616202 0.699303 0.793608 0.883524 0.981293 1.063983 1.144403 1.231969 1.334472 1.424349 1.515798 1.610663 1.694091 1.782418 1.871410 1.954303 2.044864 2.134905 2.218711 2.312137 2.397910 2.494938 2.575525 2.658427 2.742120 2.825919 2.905731 2.988178 3.079121 3.168451 3.252046 3.335810 3.420732 3.517249 3.598798 3.690404 3.773290 3.858739 3.941210 4.023921 4.124140 4.204230 4.284591 4.368390 4.462821 4.552064 4.631729 4.720248 4.806718 4.897040 4.977819 5.057501 5.138995 5.228800 5.317003 5.396819 5.502755 5.583141 5.666280 5.746838 5.829042 5.908821 5.989291 6.077941 6.173953 6.258006 6.339099 6.419725 6.508592 6.589432 6.675628 6.756440 6.844042 6.938256 7.024687 7.107195 7.190542 7.279052 7.370213 7.450842 7.532934 7.617039 7.701329 7.786785 7.881394 7.963741 8.049494 8.139986 8.229131 8.325657 8.411271 8.496659 8.584216 8.676616 8.760860 8.842700 8.941181 9.022187 9.109324 9.199927 9.286386 9.367384 9.452645 9.537607 9.617301 9.710003 9.809621 9.899355 9.980955 10.070194 10.155528 10.236858 10.331090 10.416609 10.502119 10.586578 10.675555 10.757110 10.845299 10.930273 11.019377 11.100466 11.183658 11.275621 11.366644 11.457100 11.536880 11.629435 11.710445 11.792928 11.882405 11.975672 12.055777 12.139273 12.221617 12.306199 12.391360 12.482616 12.563693 12.645139 12.724876 12.816124 12.900326 12.983231 13.064034 13.147654
Elapsed_time: 13.147654
Score: 479.983574
151
94160.879912 3789.303047 3672.764455 3552.485129 3429.786483 3308.710251 3191.264368 3079.306939 2973.750282 2874.366644 2781.854356 2695.357588 2614.386337 2538.437182 2467.023615 2399.160204 2335.068892 2274.649753 2217.450916 2163.304163 2111.832909 2063.063643 2016.935706 1973.253388 1931.358360 1891.856577 1853.856440 1818.184869 1783.607702 1750.954004 1719.311888 1689.274293 1660.141996 1632.480052 1605.741946 1580.420125 1555.965481 1532.567755 1509.829215 1488.057437 1466.972977 1446.707186 1426.741803 1407.620130 1389.097537 1371.223611 1353.635964 1336.693321 1320.261100 1304.326030 1288.928845 1273.757152 1259.029888 1244.443835 1230.329510 1216.400480 1202.850030 1189.525313 1176.357047 1163.496303 1150.828336 1138.311264 1125.900552 1113.434991 1101.393221 1089.326886 1077.513580 1065.696429 1054.146784 1042.635537 1031.365844 1020.116766 1009.083477 998.149421 987.329681 976.654303 966.166885 955.772365 945.505129 935.349942 925.291799 915.328378 905.546793 895.853055 886.333320 876.912015 867.647272 858.485873 849.571617 840.743887 832.108707 823.645500 815.299910 807.105831 799.103642 791.212959 783.477048 775.896664 768.502297 761.248102 754.177904 747.211421 740.407659 733.714631 727.195659 720.820120 714.620648 708.580718 702.691661 696.953244 691.336667 685.853755 680.539468 675.375122 670.352151 665.474095 660.758853 656.180937 651.753031 647.472897 643.330431 639.342208 635.495103 631.788288 628.218419 624.781896 621.479121 618.311875 615.293714 612.398376 609.640306 607.014363 604.518927 602.151002 599.910106 597.797548 595.813187 593.955118 592.221956 590.616308 589.137069 587.785004 586.557473 585.453642 584.475120 583.618498 582.886169 582.276388 581.789073 581.424021 581.180530
0.000100 0.275936 0.358670 0.440075 0.520768 0.606058 0.689383 0.772294 0.866936 0.969227 1.048885 1.128546 1.208206 1.290340 1.371778 1.455717 1.538396 1.623235 1.714429 1.801938 1.885499 1.966363 2.065642 2.158436 2.249340 2.337987 2.421239 2.505852 2.591623 2.679366 2.776932 2.859875 2.941857 3.025451 3.106662 3.186783 3.276606 3.357293 3.445843 3.531685 3.615806 3.701343 3.790772 3.879815 3.972070 4.053404 4.138582 4.224172 4.308663 4.406466 4.494966 4.576646 4.658976 4.739241 4.829613 4.913932 5.003067 5.084820 5.182106 5.270763 5.359542 5.456294 5.544484 5.627524 5.710711 5.794632 5.883836 5.972705 6.058845 6.145020 6.226018 6.313342 6.394914 6.494320 6.584585 6.667944 6.756545 6.844165 6.928442 7.014707 7.094394 7.184780 7.269073 7.349828 7.434480 7.520165 7.611087 7.696233 7.783632 7.867513 7.957688 8.055706 8.148046 8.240617 8.342567 8.422417 8.502229 8.583567 8.665230 8.749701 8.832833 8.916556 8.999106 9.080560 9.168467 9.258577 9.338541 9.434257 9.514284 9.597267 9.678149 9.775061 9.881573 9.973192 10.058225 10.137902 10.219005 10.301977 10.397069 10.489908 10.573388 10.666149 10.754693 10.850159 10.931313 11.011399 11.095186 11.184117 11.265249 11.356296 11.439323 11.528329 11.609468 11.689275 11.780016 11.865179 11.949913 12.045832 12.134303 12.230067 12.313543 12.404220 12.488847 12.577423 12.664677 12.751621 12.833139 12.916183 12.997145 13.077122 13.165457
Elapsed_time: 13.165457
Score: 581.180530
151
95817.486405 3795.706990 3675.242145 3548.623592 3419.834355 3292.989867 3171.485127 3057.583134 2952.031511 2854.404389 2763.493821 2678.243891 2599.049116 2525.920472 2458.026483 2394.532427 2335.060750 2279.205402 2226.651300 2177.471710 2131.185414 2087.508566 2046.384294 2007.529631 1970.109902 1934.886834 1901.082332 1869.028021 1838.528206 1809.182175 1780.921443 1753.695754 1727.538517 1702.175700 1677.656986 1654.344932 1631.129323 1609.001196 1587.024884 1565.939517 1545.167084 1525.090444 1505.398733 1486.329517 1467.634081 1449.501838 1431.688324 1414.521929 1397.568307 1380.950551 1364.860041 1348.981101 1333.811436 1318.673327 1303.983178 1289.641567 1275.640742 1261.888064 1248.392275 1235.301359 1222.408793 1209.715367 1197.204707 1185.002660 1172.788943 1161.037500 1149.338270 1137.876393 1126.466609 1115.249517 1104.164567 1093.301834 1082.627508 1072.163608 1061.841587 1051.702151 1041.758164 1031.874704 1022.223631 1012.685591 1003.295254 993.977156 984.876207 975.811123 967.037793 958.302115 949.807448 941.375157 933.132003 924.889724 916.824606 908.853236 901.005963 893.220256 885.564730 878.030168 870.570952 863.296516 856.094039 849.046969 842.089932 835.285183 828.603505 822.060095 815.612838 809.284638 803.075956 796.996557 791.042802 785.228426 779.506531 773.973054 768.549481 763.276630 758.115060 753.096343 748.204283 743.441479 738.794009 734.286678 729.905481 725.656572 721.537167 717.561341 713.721776 710.022617 706.456745 703.027728 699.737905 696.582046 693.559690 690.675469 687.933361 685.329587 682.863865 680.538942 678.352882 676.301215 674.388860 672.616329 670.983296 669.488390 668.129577 666.907803 665.822232 664.872979 664.060023 663.383304 662.842449 662.435858 662.164948
0.000140 0.296677 0.403114 0.483662 0.567273 0.647423 0.727426 0.808317 0.891525 0.971291 1.057001 1.156026 1.237428 1.318338 1.404576 1.497068 1.580769 1.663367 1.758482 1.840976 1.927039 2.013320 2.102486 2.189606 2.270559 2.353644 2.433834 2.513995 2.609886 2.690925 2.771239 2.854508 2.935844 3.019850 3.106923 3.192348 3.279204 3.362639 3.451555 3.532347 3.622603 3.714930 3.798325 3.890731 3.977787 4.061401 4.143509 4.223657 4.304605 4.387168 4.478785 4.558455 4.646691 4.737951 4.824043 4.905905 4.991015 5.082922 5.164910 5.244832 5.324511 5.408319 5.496749 5.600647 5.680749 5.833367 5.913162 5.993674 6.075308 6.163044 6.243696 6.327773 6.417539 6.499651 6.583152 6.671527 6.755198 6.838935 6.922750 7.011882 7.093233 7.172970 7.265150 7.347354 7.437589 7.526369 7.608464 7.690840 7.783127 7.863420 7.958486 8.041137 8.126445 8.213372 8.305178 8.396897 8.506657 8.591840 8.687513 8.781563 8.863161 8.947730 9.027560 9.112215 9.199097 9.280475 9.360472 9.445261 9.525456 9.606545 9.687300 9.775736 9.855817 9.955050 10.035403 10.121339 10.208192 10.288072 10.370260 10.455627 10.543005 10.627700 10.711581 10.795536 10.878434 10.968227 11.049592 11.133101 11.215440 11.309455 11.397793 11.483787 11.569965 11.659963 11.745190 11.831831 11.918865 12.008084 12.098184 12.178172 12.262610 12.343255 12.427543 12.515577 12.597385 12.677817 12.758157 12.839257 12.919877 13.000375 13.080715
Elapsed_time: 13.080715
Score: 662.164948
