5
151
93730.417778 80199.744403 14356.678957 6278.709146 3759.209464 3230.483776 2984.455579 2788.687596 2634.191079 2491.322156 2288.937749 2155.464141 2040.080958 1923.839702 1808.854995 1701.337062 1602.615398 1518.159366 1435.466090 1344.665023 1273.095783 1210.092634 1148.616507 1085.617069 1029.027220 981.019989 934.285263 890.089166 839.314756 791.064364 749.122096 709.528518 662.693480 628.587366 595.063228 562.661674 533.361506 497.293512 462.377354 428.089594 395.303886 366.432282 336.966038 302.951810 276.882207 250.375172 225.043421 204.297763 186.731525 171.271421 157.164518 146.184192 136.221216 123.137606 114.146743 105.034948 94.694465 86.700089 74.741645 67.190642 60.656144 53.134411 46.396737 39.470148 31.564345 23.459878 16.029509 8.142889 0.258441 -5.978526 -12.453817 -18.803334 -25.710747 -32.021439 -37.705392 -43.470369 -48.616360 -53.368008 -57.885445 -62.437405 -67.905679 -73.632036 -81.219733 -87.865913 -94.515221 -103.476826 -111.663383 -121.591476 -134.449717 -146.527738 -160.241517 -176.095986 -189.176015 -203.181670 -215.952033 -230.759906 -243.584951 -259.272958 -273.730605 -287.859630 -300.644638 -317.888799 -327.427609 -338.700636 -350.694572 -362.400689 -370.593281 -379.113453 -386.683082 -394.773593 -400.352668 -406.611236 -412.877733 -419.364152 -423.863448 -429.481430 -434.162865 -438.857520 -443.252388 -447.252110 -450.538888 -454.332507 -457.929182 -460.422851 -463.006486 -465.144682 -467.824266 -470.549490 -473.209378 -475.935809 -478.852886 -481.624929 -483.846772 -486.274571 -489.377525 -492.344226 -495.544593 -499.078202 -501.926566 -504.987941 -508.341961 -510.183805 -512.894464 -516.169687 -518.191614 -520.294627 -523.008175 -525.242571 -527.655098 -530.022161 -532.457997
0.000137 0.195088 0.296201 0.392801 0.488958 0.583867 0.679356 0.867992 0.964303 1.056339 1.145796 1.230379 1.309366 1.387839 1.470911 1.547581 1.626768 1.706296 1.785585 1.865719 1.945341 2.025054 2.100921 2.177700 2.256792 2.330023 2.406098 2.483478 2.561734 2.639774 2.718506 2.791626 2.866731 2.942034 3.017619 3.096125 3.171972 3.254604 3.328052 3.404755 3.479150 3.550365 3.623647 3.691718 3.761577 3.836423 3.921609 3.994881 4.069990 4.147030 4.223973 4.291679 4.362610 4.431604 4.500625 4.570658 4.643122 4.712853 4.779790 4.847450 4.914575 4.982901 5.052190 5.123669 5.189776 5.257175 5.325353 5.393489 5.458703 5.524652 5.595123 5.661244 5.726723 5.794144 5.859749 5.930836 6.011842 6.081891 6.147073 6.214033 6.283494 6.350971 6.420436 6.488913 6.555042 6.623023 6.692982 6.762511 6.830965 6.898741 6.967716 7.035770 7.108560 7.175286 7.241507 7.309576 7.377114 7.444220 7.511338 7.576814 7.643379 7.710797 7.781763 7.848989 7.914519 7.980697 8.044641 8.116187 8.181837 8.251439 8.320477 8.388858 8.455920 8.521962 8.604107 8.670889 8.739327 8.807395 8.874023 8.941574 9.007127 9.073816 9.140410 9.209980 9.277722 9.343365 9.410787 9.476157 9.540309 9.608264 9.674161 9.741102 9.808410 9.875923 9.942505 10.006557 10.075874 10.143038 10.206831 10.272176 10.337757 10.403573 10.470680 10.538163 10.613067 10.683003 10.748752 10.817013 10.883379 10.954807 11.023829
Elapsed_time: 11.023829
Score: -532.457997
151
92297.959350 78846.007380 14147.763189 6220.770820 3744.774608 3218.526550 2964.889682 2626.376426 2478.532193 2293.613573 2108.668129 1981.847921 1881.327099 1796.508532 1684.367483 1603.916736 1516.220783 1445.095897 1352.066482 1271.801626 1179.257600 1108.578980 1029.690338 972.194763 903.277611 848.558178 786.769575 736.484377 678.372793 640.691461 599.838442 563.992252 527.005684 498.127052 468.447357 441.290981 411.236021 388.535477 365.960026 346.486819 322.473176 305.529135 287.541787 266.592674 247.541943 232.143234 213.039343 198.926208 183.599311 167.500624 153.824603 137.067015 120.602839 106.473346 93.172385 79.366495 66.662878 53.740946 44.131846 33.156588 21.387432 11.231097 0.934683 -12.058943 -22.575499 -32.958083 -46.847242 -59.144821 -73.115077 -89.415215 -103.518651 -117.955920 -134.818620 -147.811544 -160.480645 -173.424936 -184.544117 -196.835025 -208.887860 -219.810098 -230.820116 -243.003090 -254.591558 -265.172801 -275.464397 -284.275960 -292.105931 -300.131888 -306.510103 -312.847950 -319.645200 -326.483288 -333.142160 -340.702906 -348.427332 -354.757076 -361.395964 -368.665402 -374.872280 -381.784215 -389.670967 -395.906942 -402.177770 -409.659520 -415.227450 -421.901616 -428.967810 -433.380166 -437.402242 -443.408060 -447.499965 -452.112132 -456.522981 -460.444334 -464.336662 -467.629730 -471.496503 -474.982657 -477.688608 -480.396311 -483.013375 -485.157413 -487.126356 -489.477494 -491.806512 -494.052030 -496.679635 -499.610398 -502.399849 -505.198436 -508.673670 -511.587130 -514.235313 -517.445449 -519.572367 -521.860452 -524.513258 -527.026465 -530.095774 -533.221881 -535.937577 -538.633890 -541.263569 -543.746156 -546.872558 -549.122582 -551.534728 -553.776920 -555.518839 -557.795665 -559.631170
0.000096 0.200477 0.297810 0.413830 0.509159 0.603528 0.696494 0.786206 0.875008 0.964721 1.047315 1.124444 1.207763 1.288910 1.369804 1.452670 1.532887 1.610218 1.688073 1.770079 1.852837 1.932325 2.010060 2.087717 2.164325 2.242272 2.319488 2.392473 2.463057 2.537814 2.612550 2.683394 2.754977 2.825912 2.898948 2.972005 3.044429 3.116277 3.187306 3.254674 3.328513 3.398498 3.468238 3.540500 3.612466 3.681621 3.754110 3.827697 3.896491 3.964715 4.034650 4.101192 4.169363 4.236949 4.309711 4.383029 4.448991 4.515715 4.583053 4.655722 4.725837 4.794386 4.860516 4.931819 5.001350 5.070303 5.137465 5.207829 5.275811 5.344979 5.410468 5.482831 5.551562 5.620114 5.690359 5.758809 5.830827 5.897530 5.962471 6.027782 6.096173 6.165187 6.233980 6.302628 6.370691 6.436424 6.502018 6.566800 6.633732 6.705197 6.780061 6.846655 6.912193 6.977105 7.042440 7.112289 7.179519 7.248352 7.317444 7.387628 7.452709 7.524202 7.589093 7.657419 7.723378 7.792032 7.857248 7.923403 7.987853 8.053779 8.131024 8.197071 8.266596 8.334100 8.399065 8.465084 8.530117 8.594942 8.661464 8.728602 8.800251 8.866618 8.930250 8.999242 9.072722 9.139102 9.204332 9.277911 9.346202 9.411884 9.479299 9.547768 9.616897 9.684415 9.748447 9.814788 9.881756 9.954410 10.019793 10.092236 10.159490 10.227144 10.296620 10.364051 10.429760 10.501354 10.575926 10.645466 10.715685 10.785376 10.856290
Elapsed_time: 10.856290
Score: -559.631170
151
95180.613446 81465.644656 14417.188241 6277.110522 3742.121734 3203.849725 2954.077320 2624.189689 2484.192491 2292.684234 2099.664792 1972.761587 1863.599743 1769.161507 1650.415396 1562.462485 1463.662858 1393.213916 1313.372000 1254.859905 1190.212759 1143.770966 1085.731841 1041.101183 982.132379 932.682847 874.726579 797.775183 731.887858 663.265706 605.402401 553.233280 500.991185 443.095074 396.855156 355.635468 314.915545 277.747018 245.010992 216.544631 174.641629 150.620893 118.804311 92.859303 65.315390 35.406136 5.840280 -13.956718 -33.909407 -51.824722 -69.043469 -87.000474 -99.192947 -111.467199 -125.645462 -135.735595 -145.223870 -157.152468 -166.993718 -177.630111 -188.177690 -197.550443 -206.194303 -215.185924 -223.666609 -231.399226 -238.448324 -245.171927 -251.518301 -257.591709 -263.701018 -268.940944 -273.942068 -278.771620 -283.548466 -289.132698 -294.874640 -301.038704 -307.508254 -314.207707 -321.259933 -327.541683 -334.301300 -343.208205 -350.194881 -357.667697 -365.273264 -370.999719 -376.831688 -382.108654 -387.115146 -392.866627 -398.111781 -402.555119 -408.796976 -413.498746 -419.480477 -424.622985 -430.322528 -438.249146 -444.908540 -450.959760 -457.065823 -463.140074 -470.288926 -475.773793 -481.330992 -487.257018 -494.345861 -501.124642 -507.365758 -513.512337 -518.659981 -523.830561 -529.218275 -534.000029 -538.764285 -539.882733 -541.791808 -545.475490 -549.265859 -553.414025 -556.467789 -558.885822 -561.409058 -563.473272 -565.632122 -567.799621 -569.646788 -571.201451 -572.918772 -574.372120 -575.641236 -577.227271 -578.460583 -579.500560 -580.386885 -581.456047 -582.380843 -583.326230 -584.232073 -585.083921 -586.001684 -586.808070 -587.574150 -588.306210 -589.118548 -589.636101 -590.100235 -590.609834 -591.067408
0.000101 0.197766 0.298778 0.399295 0.502117 0.592742 0.679512 0.765452 0.853980 0.941099 1.020371 1.099564 1.177880 1.255540 1.335630 1.416601 1.494580 1.570853 1.654495 1.731177 1.806939 1.881486 1.960484 2.037106 2.114402 2.194625 2.275828 2.353534 2.432071 2.504821 2.579162 2.648857 2.727471 2.797667 2.867027 2.939365 3.007398 3.076709 3.146614 3.213745 3.284270 3.350949 3.416939 3.484948 3.551151 3.621250 3.690330 3.756158 3.837477 3.909685 3.978062 4.044988 4.113580 4.179750 4.246148 4.312220 4.377222 4.445997 4.511895 4.578609 4.645235 4.714496 4.786163 4.852930 4.919502 4.990814 5.061217 5.129714 5.197719 5.265456 5.329737 5.403584 5.469793 5.537512 5.603444 5.668125 5.734894 5.803765 5.870235 5.939394 6.009433 6.074082 6.139334 6.207940 6.274761 6.346433 6.415019 6.482099 6.551008 6.617550 6.687997 6.756142 6.823454 6.893145 6.961102 7.027689 7.099374 7.167622 7.240512 7.307563 7.374684 7.448607 7.513050 7.585009 7.652320 7.722388 7.786688 7.851823 7.919983 8.009916 8.074772 8.139494 8.204306 8.269286 8.333554 8.397749 8.461820 8.589850 8.653943 8.717870 8.781747 8.845604 8.909345 8.972997 9.036731 9.101698 9.165619 9.231663 9.295194 9.358608 9.422036 9.485402 9.548795 9.612576 9.676362 9.741255 9.805656 9.868976 9.932219 9.997494 10.060771 10.126359 10.189985 10.253837 10.317046 10.380588 10.444642 10.512450 10.586322 10.649619 10.712815
Elapsed_time: 10.712815
Score: -591.067408
151
94160.879912 80647.018029 14332.622981 6282.559439 3787.970089 3274.976656 3026.399480 2673.652773 2517.642710 2328.316493 2134.236876 1979.191464 1845.659250 1739.608885 1641.998865 1557.034397 1475.249736 1403.920656 1340.271535 1278.800579 1223.392675 1165.160343 1115.788733 1064.838022 1009.154019 962.057806 912.604877 861.001549 815.413499 772.907101 732.047396 697.372048 665.642172 631.655563 600.796072 572.124557 548.836717 519.438941 494.783516 469.577189 443.230496 421.324249 394.342565 365.965845 336.180526 306.116028 275.683364 241.417836 206.514785 178.028105 154.713173 123.507993 105.320437 86.249379 65.253222 47.987476 24.191698 2.687616 -13.062006 -35.343938 -54.128078 -76.972345 -105.266597 -130.492618 -155.840269 -183.825337 -204.583441 -226.583017 -243.119073 -264.266345 -279.355767 -295.682538 -306.890968 -319.232409 -334.045202 -348.669922 -361.803768 -372.017154 -384.774840 -394.565215 -401.521209 -410.318869 -418.600998 -429.440582 -437.456313 -445.566991 -451.936663 -458.790326 -464.995211 -470.887324 -475.941433 -480.844788 -485.421215 -491.003641 -496.013070 -500.089725 -504.727474 -510.542414 -514.888017 -519.281138 -524.447849 -529.387728 -533.793021 -537.889497 -541.534157 -544.542409 -547.559460 -550.258607 -552.429324 -554.480302 -556.802066 -559.044724 -561.116212 -563.079505 -565.075877 -567.018641 -568.852731 -570.251447 -571.467624 -572.586508 -573.378206 -574.167409 -574.929353 -575.560634 -576.182060 -576.862338 -577.575369 -578.195444 -578.800563 -579.374365 -579.802208 -580.392675 -581.049244 -581.623492 -582.293553 -582.947026 -583.507327 -583.991089 -584.514580 -585.045486 -585.461547 -585.821122 -586.238806 -586.640014 -587.050458 -587.512712 -587.951638 -588.361983 -588.772063 -589.232859 -589.658910
0.000096 0.191352 0.286309 0.380258 0.474956 0.566167 0.654581 0.739060 0.822512 0.904051 0.985023 1.067458 1.144559 1.224706 1.304214 1.380883 1.457888 1.534071 1.609633 1.684900 1.761493 1.836625 1.911773 1.987211 2.069106 2.145727 2.219868 2.296188 2.373983 2.447073 2.520137 2.593111 2.664540 2.735491 2.806174 2.883464 2.953423 3.023052 3.093420 3.162918 3.232117 3.299914 3.367644 3.435570 3.503008 3.570337 3.639886 3.706954 3.773367 3.839624 3.907622 3.973542 4.055434 4.125821 4.192032 4.257867 4.323798 4.389220 4.455623 4.520839 4.586119 4.651869 4.718031 4.789699 4.857258 4.923624 4.990778 5.060748 5.125798 5.192746 5.259636 5.326756 5.397419 5.462460 5.528308 5.592666 5.669328 5.740172 5.807659 5.873019 5.940928 6.014399 6.080372 6.147278 6.215883 6.285633 6.352642 6.420978 6.487410 6.552300 6.619108 6.691296 6.758839 6.825919 6.895186 6.961926 7.026816 7.091488 7.160342 7.226716 7.294761 7.360477 7.425206 7.493080 7.559821 7.623409 7.691248 7.757094 7.823691 7.895595 7.961252 8.030774 8.097316 8.165385 8.234779 8.303731 8.369697 8.441013 8.506696 8.573236 8.643016 8.711357 8.775742 8.840868 8.909096 8.977039 9.046809 9.114777 9.181869 9.248081 9.316537 9.384466 9.452461 9.519428 9.588188 9.652753 9.719784 9.786302 9.856244 9.932702 10.011350 10.081305 10.146188 10.212567 10.280894 10.346119 10.414468 10.482533 10.549153 10.613422 10.679774
Elapsed_time: 10.679774
Score: -589.658910
151
95817.486405 82045.836851 14523.099168 6318.919302 3769.726193 3234.615511 2976.648392 2633.783289 2488.723153 2314.543195 2139.528031 2019.599457 1921.447598 1841.985495 1763.675366 1689.387949 1611.417195 1527.606617 1447.310714 1376.181762 1312.984501 1249.153261 1196.214194 1135.676154 1068.904291 1014.551176 969.280983 928.196525 870.060072 823.668261 781.078783 738.781570 694.204359 664.157135 628.436424 598.303308 567.562965 540.216051 508.148427 474.651631 444.804382 413.264404 378.675870 349.408316 323.447047 293.207069 256.054342 224.660821 198.130203 168.147146 143.751373 121.563769 103.008360 87.040562 72.000941 59.614429 48.169714 38.468642 28.620702 18.512759 10.003782 1.433300 -7.210770 -15.289417 -23.671380 -32.317148 -41.524281 -49.945906 -57.694708 -64.168808 -71.777675 -78.934372 -85.866537 -91.935119 -99.115865 -105.629210 -112.331645 -121.316047 -129.895506 -139.554043 -150.597000 -161.392003 -172.599499 -185.142053 -197.614824 -210.198203 -223.555437 -236.588368 -248.815785 -260.558066 -276.207657 -288.371340 -301.724077 -318.536266 -330.707371 -345.279475 -358.358868 -368.869008 -379.840189 -390.219693 -399.865726 -407.760175 -416.282009 -423.596933 -430.592788 -436.228977 -442.150315 -448.681045 -454.035639 -458.028373 -463.122356 -467.580032 -471.800874 -475.304274 -478.565336 -481.974361 -485.279521 -488.228122 -490.738709 -493.490775 -495.811468 -498.057622 -500.547603 -502.727623 -505.240606 -507.812235 -510.104962 -512.545540 -514.684448 -517.023233 -519.381812 -521.475030 -523.492280 -525.276062 -526.996012 -528.712026 -530.351455 -531.839236 -533.298386 -535.030673 -536.831622 -538.586150 -540.226961 -542.098454 -543.789517 -545.268088 -546.643782 -548.184444 -549.657668 -551.061177 -552.735400
0.000105 0.200686 0.297666 0.396885 0.496062 0.592135 0.681170 0.770675 0.863265 0.948833 1.031145 1.108010 1.186288 1.261235 1.344525 1.422195 1.499138 1.581445 1.657687 1.733151 1.809013 1.887458 1.964559 2.041202 2.116897 2.194013 2.275193 2.356104 2.432485 2.513229 2.589980 2.663001 2.737168 2.811074 2.888286 2.961930 3.036375 3.111842 3.184656 3.260471 3.333439 3.401967 3.473174 3.552206 3.627836 3.696673 3.765780 3.833990 3.905453 3.974122 4.051427 4.118859 4.186650 4.259221 4.326382 4.396133 4.465103 4.535924 4.605586 4.675767 4.746811 4.816172 4.884162 4.954501 5.023534 5.091933 5.162973 5.230783 5.301758 5.367647 5.435240 5.503813 5.570458 5.644525 5.712353 5.779557 5.850977 5.920580 5.987054 6.066079 6.139135 6.207372 6.273362 6.340402 6.408184 6.479366 6.549751 6.617058 6.687949 6.756980 6.824256 6.899685 6.968934 7.033843 7.101862 7.168430 7.238011 7.306210 7.371776 7.451219 7.521827 7.589682 7.659122 7.723318 7.790740 7.856960 7.921467 7.988926 8.055770 8.123522 8.190498 8.258935 8.327045 8.393353 8.459191 8.529162 8.596877 8.667163 8.735587 8.805995 8.871404 8.935909 9.001861 9.069913 9.140977 9.204589 9.268608 9.333460 9.397482 9.462239 9.528924 9.596368 9.662819 9.727843 9.796564 9.864968 9.932933 9.996784 10.060675 10.124854 10.192074 10.262678 10.332219 10.397041 10.464249 10.534292 10.599190 10.667808 10.734249 10.799450 10.864669
Elapsed_time: 10.864669
Score: -552.735400
