5
151
16094.211825 12257.231464 2621.602051 1406.000693 1054.317067 959.492599 901.377381 849.728867 801.448121 742.589064 706.282304 661.925385 625.952336 584.278902 546.980044 514.576457 486.079599 459.970551 431.374742 406.336231 378.974527 349.290906 320.241862 291.891532 268.182502 249.791539 233.734349 216.634907 198.136841 180.765445 165.133856 149.905997 138.759919 130.565756 122.098622 116.389017 110.624770 105.573055 100.702128 96.340127 92.574067 89.596629 87.149104 84.376546 81.679276 79.527224 77.563288 75.730187 74.385676 73.247761 71.971985 70.951386 70.008610 69.039639 68.274980 67.345443 66.483510 65.638492 65.259326 64.502726 63.478909 62.791102 62.156168 61.125809 60.206183 58.904106 57.160554 55.154840 52.535137 49.385079 46.239578 42.514846 38.619103 35.442962 32.309931 28.746044 25.435935 21.921110 18.328071 14.731926 11.263101 7.737175 4.429956 1.347643 -1.839948 -4.759310 -7.274736 -9.818742 -12.210364 -14.333087 -16.226195 -17.959551 -19.425289 -20.670325 -21.710880 -22.674394 -23.526007 -24.203128 -24.712400 -25.164151 -25.468949 -25.693624 -25.821111 -25.931390 -26.000095 -26.003402 -26.034430 -26.069966 -26.096605 -26.130085 -26.158793 -26.186584 -26.229731 -26.260621 -26.295201 -26.315571 -26.335290 -26.349698 -26.365939 -26.374091 -26.386615 -26.394266 -26.402201 -26.413934 -26.419419 -26.423701 -26.427343 -26.430719 -26.433867 -26.437632 -26.439608 -26.441522 -26.443985 -26.446212 -26.447460 -26.449104 -26.449869 -26.450809 -26.451616 -26.452083 -26.453011 -26.453413 -26.453889 -26.454125 -26.454499 -26.454617 -26.455014 -26.455133 -26.455279 -26.455448 -26.455575
0.000033 0.023273 0.034456 0.045069 0.055224 0.065277 0.075757 0.085051 0.094347 0.103347 0.112763 0.121504 0.131118 0.140615 0.149293 0.158868 0.168454 0.178512 0.189232 0.200130 0.211271 0.221750 0.230469 0.239194 0.248294 0.256951 0.265368 0.273798 0.282919 0.291871 0.301931 0.310350 0.318273 0.326177 0.334100 0.342003 0.350364 0.358286 0.366208 0.374744 0.382647 0.390511 0.398533 0.406644 0.415306 0.424073 0.432579 0.440664 0.448793 0.456688 0.464552 0.473079 0.480926 0.489413 0.497189 0.506169 0.514868 0.522616 0.530384 0.538169 0.545951 0.553742 0.561526 0.569339 0.577304 0.585316 0.594578 0.604323 0.612288 0.623044 0.631480 0.640836 0.648690 0.658328 0.666506 0.674330 0.682659 0.690655 0.699321 0.707041 0.715200 0.723738 0.732080 0.741853 0.749613 0.757291 0.765060 0.773784 0.781567 0.790748 0.799284 0.807180 0.815788 0.824476 0.832397 0.840346 0.848643 0.856377 0.864604 0.872316 0.880022 0.887694 0.895393 0.903142 0.910797 0.933887 0.941790 0.951288 0.959654 0.967315 0.974943 0.982507 0.990587 0.998254 1.005825 1.015299 1.022997 1.030588 1.038141 1.045723 1.053374 1.060976 1.068532 1.076104 1.091293 1.098946 1.106840 1.114888 1.122550 1.130141 1.137714 1.145411 1.153267 1.162184 1.171160 1.179032 1.187134 1.196182 1.204813 1.214174 1.221730 1.229355 1.237023 1.244637 1.252395 1.259940 1.269719 1.278484 1.286073 1.293724 1.302998
Elapsed_time: 1.302998
Score: -26.455575
151
16249.906098 12384.925579 2639.686799 1421.502244 1074.941195 979.550144 858.953908 795.664239 745.963661 675.422411 593.958882 544.526256 501.973184 460.355932 432.860512 410.857550 392.704794 373.795679 355.011541 338.149826 322.094172 308.389166 296.491008 285.365014 273.009518 261.593272 249.811662 238.618807 228.280217 217.052504 204.859797 194.155678 185.411759 178.061337 171.616234 165.853767 160.307412 154.118118 148.475172 143.650316 138.179349 133.440523 128.803638 123.894460 119.624196 115.035948 109.874552 105.397233 101.222340 96.834022 92.960141 88.722768 82.387819 77.098678 71.933853 66.880884 62.015985 56.904317 51.821387 46.296490 41.169973 35.816667 29.866074 25.210820 20.878834 17.026502 13.512462 10.087031 6.992451 4.065785 1.228255 -1.699439 -4.645280 -7.277572 -9.777418 -12.051473 -13.950306 -15.868997 -17.758148 -19.183279 -20.235542 -21.247768 -22.089088 -22.821760 -23.432946 -23.927051 -24.398517 -24.752510 -25.014114 -25.245743 -25.454518 -25.640532 -25.805760 -25.944899 -26.029190 -26.084769 -26.138031 -26.190504 -26.236532 -26.267103 -26.296995 -26.318918 -26.342211 -26.363577 -26.374976 -26.385315 -26.397287 -26.403708 -26.410152 -26.420082 -26.424175 -26.428516 -26.435407 -26.438306 -26.441654 -26.444720 -26.446720 -26.447565 -26.449092 -26.449851 -26.450652 -26.451334 -26.451761 -26.452267 -26.452752 -26.453180 -26.453516 -26.454009 -26.454333 -26.454584 -26.454830 -26.455010 -26.455251 -26.455424 -26.455548 -26.455667 -26.455765 -26.455849 -26.455919 -26.455971 -26.456022 -26.456059 -26.456092 -26.456124 -26.456153 -26.456171 -26.456185 -26.456202 -26.456209 -26.456219 -26.456226
0.000035 0.021854 0.032284 0.042729 0.052899 0.063193 0.072630 0.092239 0.101480 0.110343 0.121593 0.131548 0.140019 0.149196 0.159322 0.167828 0.176575 0.186124 0.194790 0.204396 0.212897 0.223045 0.231941 0.240262 0.248693 0.256980 0.265294 0.273577 0.281905 0.290190 0.299041 0.308337 0.316590 0.324861 0.333156 0.341430 0.349700 0.358233 0.366619 0.374817 0.383013 0.391215 0.399490 0.407700 0.417044 0.427417 0.435889 0.444683 0.453139 0.461797 0.470239 0.478378 0.486562 0.494623 0.502670 0.510825 0.518746 0.526645 0.535636 0.543482 0.551663 0.562520 0.573584 0.581475 0.589297 0.597065 0.604898 0.612657 0.620401 0.628164 0.635931 0.644155 0.651842 0.659785 0.667535 0.678514 0.686435 0.694178 0.702883 0.711942 0.720712 0.728416 0.736127 0.743768 0.751392 0.759080 0.766732 0.774347 0.782008 0.789799 0.797520 0.805198 0.812880 0.820645 0.830686 0.838652 0.846291 0.853931 0.861568 0.869180 0.876889 0.884477 0.892058 0.899648 0.907308 0.914955 0.923246 0.934132 0.942064 0.949770 0.957374 0.966575 0.975369 0.984526 0.994842 1.002847 1.010538 1.019251 1.029057 1.037675 1.045217 1.052846 1.060490 1.068021 1.075573 1.083092 1.090679 1.098219 1.105779 1.113378 1.120961 1.128470 1.136029 1.143755 1.151297 1.160308 1.170705 1.180825 1.191052 1.199394 1.207846 1.217860 1.226914 1.234499 1.242009 1.249558 1.257137 1.264929 1.272863 1.283516 1.293643
Elapsed_time: 1.293643
Score: -26.456226
151
17297.642116 13268.328350 2771.245404 1461.799841 1092.885539 1002.702934 908.045482 844.031442 802.056779 740.838678 680.654668 632.052384 587.269754 544.023442 502.455044 467.154878 437.906466 416.295524 396.588109 379.109404 364.992481 354.332017 342.235386 328.670441 313.136078 295.564986 279.234666 263.668478 245.674434 229.385953 213.174058 199.934649 189.392249 180.178710 172.044588 165.018024 158.836577 152.590932 146.513490 140.845821 135.024016 129.160875 124.177803 119.619554 114.253547 109.585020 104.756649 100.567139 95.345979 91.198916 86.701384 82.426392 78.528969 74.116120 69.413301 64.284449 59.537630 54.296341 48.600702 43.270680 37.536924 31.034408 25.152648 19.896993 13.229784 7.481883 1.940435 -2.870025 -5.873503 -8.788565 -11.941892 -14.209784 -16.523772 -18.311329 -19.626024 -20.717137 -21.490634 -22.109554 -22.532438 -22.928454 -23.326972 -23.671249 -24.011041 -24.355137 -24.721111 -24.985058 -25.221255 -25.413355 -25.613264 -25.755155 -25.872842 -25.981319 -26.073954 -26.144630 -26.209087 -26.259134 -26.304594 -26.330611 -26.356491 -26.368481 -26.388604 -26.396277 -26.405041 -26.413612 -26.422916 -26.426449 -26.431151 -26.433617 -26.437404 -26.439747 -26.441460 -26.444654 -26.446104 -26.447927 -26.449515 -26.451208 -26.452432 -26.453265 -26.453947 -26.454411 -26.454901 -26.455249 -26.455406 -26.455642 -26.455743 -26.455841 -26.455910 -26.455966 -26.456020 -26.456060 -26.456098 -26.456124 -26.456145 -26.456165 -26.456178 -26.456189 -26.456207 -26.456213 -26.456226 -26.456234 -26.456242 -26.456252 -26.456256 -26.456260 -26.456263 -26.456266 -26.456267 -26.456269 -26.456270 -26.456271 -26.456273
0.000034 0.023017 0.034922 0.047671 0.058067 0.068406 0.079029 0.097959 0.107293 0.116476 0.125368 0.134271 0.143026 0.151835 0.162079 0.171203 0.181317 0.189945 0.200813 0.209510 0.218431 0.229863 0.238654 0.247510 0.257536 0.265876 0.274070 0.283311 0.291956 0.300955 0.310459 0.320085 0.328844 0.337499 0.348211 0.356931 0.364858 0.372750 0.380809 0.388864 0.396721 0.404589 0.412440 0.420304 0.428122 0.435941 0.443784 0.451639 0.459517 0.467465 0.475503 0.484380 0.492607 0.501725 0.510217 0.518237 0.526285 0.534261 0.542261 0.550113 0.557923 0.565810 0.573567 0.581322 0.589116 0.597279 0.605037 0.612756 0.620555 0.629530 0.637858 0.647246 0.654920 0.662569 0.670257 0.679069 0.689343 0.699609 0.710589 0.718807 0.726385 0.734231 0.741848 0.749510 0.757067 0.764762 0.775108 0.785390 0.796142 0.804482 0.812057 0.820652 0.829479 0.838390 0.847515 0.855607 0.865568 0.873527 0.883154 0.891052 0.898694 0.906925 0.916602 0.925883 0.934038 0.942375 0.950495 0.959015 0.967431 0.976251 0.985597 0.994590 1.009649 1.017255 1.024775 1.032900 1.043072 1.053249 1.060791 1.068454 1.076055 1.083625 1.091138 1.098674 1.113830 1.121348 1.128884 1.136435 1.144099 1.151845 1.160427 1.170646 1.180849 1.190932 1.200597 1.208560 1.216108 1.224022 1.232125 1.242251 1.251500 1.259485 1.274645 1.282262 1.290303 1.298890 1.306757 1.315039 1.322656 1.330376 1.337958
Elapsed_time: 1.337958
Score: -26.456273
151
17695.933617 13588.134818 2814.854331 1462.518696 1069.728438 968.019371 868.633191 794.652410 752.202637 694.091920 636.189350 597.774016 559.289615 519.076013 486.205339 456.171773 426.085386 397.019634 374.694833 359.720001 346.888570 334.642592 322.752495 310.129053 297.033599 283.882621 269.171173 252.394699 236.771013 223.377705 210.755829 200.235974 189.803107 177.462903 165.971187 155.252049 144.298841 131.530271 119.321673 106.981328 93.988671 83.245886 71.755374 58.447783 49.792853 42.491599 35.106766 28.528569 22.226854 16.195833 11.156089 6.871132 2.597643 -1.016123 -3.944053 -6.665190 -9.056386 -10.919807 -12.476383 -14.138245 -15.478293 -16.653712 -17.900073 -19.087280 -20.292689 -21.258682 -22.096529 -22.675942 -23.109702 -23.541392 -23.850807 -24.179246 -24.573295 -24.792875 -24.979659 -25.222873 -25.360393 -25.534474 -25.723591 -25.877628 -25.955459 -26.077874 -26.110336 -26.175044 -26.207370 -26.239961 -26.284824 -26.307351 -26.334885 -26.352511 -26.372827 -26.381849 -26.394025 -26.399746 -26.405453 -26.413736 -26.419552 -26.423540 -26.427245 -26.430603 -26.434703 -26.437794 -26.440294 -26.442776 -26.445237 -26.447457 -26.448859 -26.450496 -26.451611 -26.452854 -26.453632 -26.454253 -26.454766 -26.455086 -26.455356 -26.455530 -26.455695 -26.455809 -26.455882 -26.455960 -26.456020 -26.456076 -26.456101 -26.456141 -26.456158 -26.456174 -26.456194 -26.456203 -26.456212 -26.456224 -26.456231 -26.456233 -26.456247 -26.456250 -26.456255 -26.456258 -26.456262 -26.456265 -26.456267 -26.456269 -26.456270 -26.456271 -26.456273 -26.456273 -26.456274 -26.456275 -26.456276 -26.456277 -26.456277 -26.456278 -26.456278
0.000034 0.021501 0.032131 0.042547 0.053243 0.063658 0.073338 0.091944 0.101135 0.110110 0.118782 0.127527 0.136190 0.144952 0.153784 0.163054 0.171887 0.180948 0.189913 0.198916 0.208042 0.216845 0.225618 0.234265 0.242929 0.251701 0.260325 0.269030 0.277604 0.286179 0.294595 0.302913 0.311360 0.319568 0.327989 0.336257 0.346368 0.355722 0.363746 0.371698 0.380925 0.391559 0.401556 0.412275 0.423080 0.432720 0.440634 0.448400 0.457227 0.465570 0.474559 0.482333 0.489968 0.497586 0.505207 0.512857 0.520522 0.528140 0.535769 0.543507 0.551864 0.559543 0.568518 0.576503 0.585379 0.593643 0.601299 0.608849 0.616432 0.624020 0.631691 0.639273 0.646885 0.654880 0.662568 0.670180 0.677854 0.686170 0.694197 0.702307 0.710121 0.717742 0.725505 0.733235 0.742568 0.751355 0.758920 0.774325 0.782246 0.789759 0.797378 0.805002 0.814004 0.821720 0.830245 0.837845 0.846494 0.854303 0.861930 0.869835 0.878155 0.885822 0.893985 0.901909 0.912311 0.922961 0.932780 0.940343 0.957212 0.967965 0.979080 0.989708 1.000251 1.009317 1.017197 1.024808 1.032342 1.039998 1.047714 1.056566 1.064463 1.072063 1.080028 1.087669 1.103027 1.110602 1.118329 1.125854 1.133415 1.141026 1.148850 1.156449 1.164569 1.172194 1.179769 1.196202 1.204337 1.211993 1.219663 1.227483 1.235112 1.242988 1.250635 1.258391 1.266086 1.273770 1.281452 1.289587 1.297229 1.304820 1.312471
Elapsed_time: 1.312471
Score: -26.456278
151
17815.380876 13703.135379 2825.212430 1473.993637 1091.357173 995.490865 878.204313 788.926766 732.906924 650.390012 568.580949 516.889312 475.839144 437.165131 409.341455 386.117703 367.136420 348.603579 329.760832 311.513825 295.763436 279.444905 261.805808 244.960120 230.224226 215.093609 201.830167 190.734884 181.670922 172.624535 164.713550 157.877785 152.101179 147.100763 142.208457 137.857691 134.001801 130.343069 127.132276 123.945818 119.589080 115.380516 110.731225 106.740685 102.199437 98.486682 94.271924 91.291182 88.452924 84.864896 82.007513 79.701908 77.151401 74.849103 72.583976 70.595480 68.639723 67.102504 65.806623 64.751850 64.072866 63.446663 63.010949 62.716016 62.331662 62.066748 61.804538 61.541719 61.351076 61.196982 61.032263 60.958135 60.854179 60.808595 60.701066 60.649759 60.589857 60.504961 60.494442 60.398161 60.370144 60.325394 60.270153 60.228928 60.190250 60.166959 60.143567 60.129885 60.096350 60.084048 60.067151 60.047019 60.029391 60.011045 59.995764 59.979668 59.960096 59.944197 59.935435 59.925850 59.915153 59.902573 59.898374 59.880169 59.866720 59.855380 59.841668 59.824075 59.808997 59.787851 59.763640 59.735625 59.720049 59.701689 59.678553 59.649900 59.639818 59.596225 59.571711 59.552530 59.526640 59.510257 59.483197 59.463311 59.433958 59.413481 59.382314 59.333256 59.296638 59.265108 59.227084 59.186836 59.166919 59.098466 59.058917 59.031259 58.998127 58.967874 58.939796 58.907100 58.875478 58.826353 58.780663 58.742661 58.702874 58.660357 58.610554 58.576537 58.503222 58.443332 58.394415
0.000034 0.022945 0.033798 0.046570 0.056831 0.067188 0.077037 0.097633 0.108501 0.118796 0.128878 0.138168 0.147668 0.157150 0.166934 0.177145 0.185841 0.194841 0.205182 0.214809 0.223635 0.232869 0.241470 0.249956 0.258346 0.268724 0.281496 0.292495 0.303421 0.311691 0.319853 0.328025 0.336255 0.344311 0.352400 0.360467 0.368474 0.376470 0.384510 0.392576 0.400774 0.409202 0.418545 0.427434 0.435470 0.446040 0.456233 0.464996 0.472958 0.481184 0.490378 0.499501 0.507450 0.516470 0.524448 0.532448 0.541277 0.549792 0.558022 0.566073 0.574206 0.582639 0.590649 0.599052 0.608150 0.616941 0.626342 0.634384 0.642330 0.650230 0.658274 0.666245 0.675732 0.686102 0.695003 0.703817 0.714857 0.722826 0.730776 0.738724 0.746694 0.754769 0.762886 0.770854 0.780538 0.788622 0.797211 0.805278 0.813622 0.821703 0.829881 0.837922 0.845999 0.853967 0.861916 0.869829 0.877804 0.885776 0.893688 0.901649 0.909716 0.917660 0.926635 0.935843 0.944990 0.956791 0.967371 0.975263 0.984220 0.992633 1.001935 1.009832 1.017690 1.025664 1.033514 1.041333 1.049178 1.057649 1.065840 1.073678 1.081546 1.089625 1.098343 1.109193 1.119952 1.141518 1.149712 1.157631 1.165514 1.173444 1.181299 1.189138 1.196964 1.204824 1.212695 1.220564 1.228405 1.236275 1.244093 1.251914 1.259760 1.267649 1.275483 1.283307 1.291277 1.299205 1.308566 1.318340 1.326254 1.334143 1.342141
Elapsed_time: 1.342141
Score: 58.394415
