5
151
16094.211825 1175.178148 1131.946603 1086.912802 1041.652108 997.666041 955.876585 917.659098 882.695550 851.046794 821.775938 794.759787 769.523628 746.179599 724.189652 703.470565 683.908428 665.508488 648.187147 631.578141 615.970174 600.988588 586.603679 572.661256 559.404542 546.595188 534.056605 521.974086 510.443634 499.161164 488.192581 477.583657 467.212298 457.152782 447.494215 438.042134 428.973104 420.147284 411.515194 403.107867 394.869281 387.005741 379.282897 371.883621 364.638051 357.720401 350.824585 344.261506 337.887723 331.694301 325.605042 319.754753 314.020534 308.433474 302.908739 297.448516 292.139465 286.972049 282.068102 277.242350 272.421423 267.775534 263.178466 258.740137 254.310375 249.982785 245.787004 241.670311 237.671612 233.760572 229.971367 226.229024 222.626228 219.090430 215.671325 212.345756 209.107671 205.955257 202.906286 199.968372 197.059186 194.274823 191.535608 188.898178 186.302000 183.799383 181.361332 179.005140 176.727599 174.492137 172.342620 170.232040 168.191600 166.196896 164.292387 162.439114 160.646143 158.915782 157.223877 155.603847 153.993887 152.458877 150.911734 149.416713 147.932822 146.509750 145.096915 143.755185 142.421278 141.144514 139.905889 138.707106 137.547008 136.430492 135.362457 134.303498 133.291319 132.302566 131.345349 130.419024 129.522643 128.661554 127.828188 127.017746 126.236085 125.483529 124.755748 124.059817 123.385864 122.746535 122.130964 121.544665 120.981898 120.448522 119.944291 119.466464 119.017173 118.596098 118.204203 117.838799 117.501178 117.191863 116.910142 116.656483 116.430756 116.233952 116.065437 115.925181 115.813100 115.729095 115.673136
0.000061 0.028989 0.038097 0.047241 0.056363 0.065496 0.074612 0.083737 0.092797 0.101992 0.111143 0.120314 0.129432 0.138695 0.147749 0.158412 0.167559 0.178159 0.187228 0.196532 0.205756 0.214944 0.224053 0.233205 0.242271 0.251443 0.261762 0.270908 0.280031 0.289129 0.298203 0.307293 0.318403 0.329055 0.340766 0.352721 0.361858 0.371003 0.380233 0.389982 0.399836 0.409067 0.418614 0.428767 0.437950 0.447463 0.457889 0.468475 0.477906 0.487438 0.496553 0.507428 0.518970 0.528247 0.537483 0.547174 0.556407 0.565649 0.574782 0.583917 0.594294 0.603553 0.612711 0.621862 0.631702 0.642171 0.651331 0.661117 0.670259 0.679660 0.688773 0.699771 0.708911 0.717974 0.727135 0.736178 0.745367 0.754518 0.763609 0.772724 0.781804 0.790998 0.800495 0.809554 0.818647 0.827675 0.836726 0.845844 0.855030 0.866455 0.878250 0.887530 0.897345 0.906568 0.919558 0.928644 0.937755 0.947198 0.956349 0.965496 0.976613 0.985993 0.996977 1.006471 1.016064 1.026317 1.035474 1.044823 1.054870 1.063942 1.073052 1.082242 1.091340 1.101200 1.110440 1.119501 1.128631 1.137690 1.147086 1.157670 1.166965 1.176066 1.185235 1.194316 1.203420 1.212522 1.221565 1.230738 1.240711 1.251104 1.260288 1.270111 1.279665 1.288780 1.297933 1.308808 1.318217 1.329147 1.338420 1.347490 1.356798 1.365899 1.375449 1.385236 1.395626 1.404693 1.413857 1.422930 1.431973 1.441065 1.450107
Elapsed_time: 1.450107
Score: 115.673136
151
16249.906098 1181.592892 1140.640501 1097.241859 1052.349880 1007.883743 965.007466 924.777897 887.024261 851.936022 819.514126 789.674572 761.963896 736.069159 711.714650 688.955239 667.305035 647.151330 628.117990 610.364483 593.369729 577.134736 562.026162 547.464928 533.646147 520.619345 508.250939 496.439119 485.340397 474.742144 464.730777 454.990243 445.854257 437.102338 428.932690 420.925241 413.349819 406.103004 399.104714 392.436828 386.147558 380.132980 374.328068 368.828679 363.516091 358.525476 353.486796 348.829847 344.163330 339.772449 335.619531 331.493369 327.564162 323.782557 320.066303 316.588859 313.095556 309.888730 306.596916 303.502948 300.451055 297.490496 294.544221 291.727546 288.954071 286.263663 283.715753 281.199463 278.784555 276.412384 274.134709 271.869266 269.687172 267.558548 265.477993 263.424027 261.490486 259.476335 257.588277 255.664809 253.824421 251.954084 250.125531 248.348967 246.654843 244.985341 243.320574 241.699670 240.116783 238.534403 236.964148 235.421930 233.902710 232.459139 230.952086 229.552921 228.115901 226.708414 225.265809 223.888597 222.507333 221.155258 219.862655 218.560130 217.318283 216.038324 214.823566 213.597278 212.431563 211.279182 210.194246 209.095784 208.063924 207.041912 206.053644 205.060805 204.088056 203.130668 202.195014 201.275206 200.370018 199.496983 198.652072 197.828906 197.035488 196.270530 195.540931 194.832436 194.149503 193.488896 192.855590 192.242768 191.658441 191.100702 190.571275 190.064883 189.586165 189.137790 188.719205 188.327581 187.965043 187.633525 187.332663 187.062189 186.821723 186.611533 186.431743 186.281848 186.162144 186.072379 186.012564
0.000034 0.031092 0.040326 0.050116 0.063548 0.072790 0.085470 0.094658 0.103770 0.112922 0.122124 0.131370 0.140878 0.151423 0.160543 0.169641 0.178694 0.187846 0.196899 0.206838 0.216551 0.227170 0.236367 0.245580 0.257599 0.267019 0.276270 0.287831 0.297726 0.308559 0.317672 0.326736 0.337372 0.346434 0.356633 0.365823 0.375015 0.384096 0.393298 0.402469 0.411693 0.420907 0.430535 0.440120 0.449568 0.460042 0.473312 0.484474 0.495491 0.504930 0.515447 0.524585 0.533830 0.542978 0.552155 0.561263 0.570603 0.579700 0.589912 0.598965 0.608084 0.617123 0.626222 0.635272 0.645079 0.656359 0.665781 0.674839 0.685232 0.694467 0.703593 0.713636 0.722741 0.731799 0.741400 0.752126 0.761284 0.771158 0.782614 0.793601 0.803590 0.812659 0.821745 0.830973 0.840711 0.850919 0.861342 0.870478 0.879551 0.888643 0.897711 0.906832 0.915900 0.924972 0.934134 0.946264 0.959409 0.969415 0.981632 0.990698 0.999766 1.008835 1.018190 1.031099 1.043353 1.052677 1.063482 1.073329 1.084100 1.094422 1.104356 1.115033 1.124794 1.134928 1.143986 1.153124 1.162250 1.171476 1.180549 1.189677 1.198942 1.208075 1.217147 1.226208 1.235297 1.244625 1.254031 1.263243 1.272635 1.281783 1.290884 1.299989 1.309058 1.318145 1.327184 1.337684 1.347055 1.356234 1.365279 1.374386 1.383443 1.392508 1.401612 1.410672 1.419752 1.428817 1.438139 1.447213 1.456274 1.465309 1.474322
Elapsed_time: 1.474322
Score: 186.012564
151
17297.642116 1183.250551 1145.516609 1105.613542 1063.932627 1023.236008 984.584844 948.097811 914.086400 881.987228 851.876854 823.836887 797.332390 772.245028 748.868458 727.166478 706.603869 687.335421 669.090671 651.353620 634.569392 618.499568 603.475961 589.177372 575.752506 563.018612 551.096344 539.587171 528.822898 518.541342 508.991585 499.908517 491.259448 483.487854 475.762510 468.586621 461.599960 454.949607 448.817801 442.914637 437.418904 431.956929 426.919467 421.927317 417.459187 412.986181 408.860788 404.804602 401.034320 397.519073 393.942487 390.542519 387.227450 384.042132 380.969085 377.943747 374.925884 371.964614 369.066675 366.188643 363.372041 360.524048 357.739414 355.055135 352.331340 349.670761 347.131919 344.501806 341.918806 339.362205 336.861481 334.341027 331.892238 329.403422 326.993258 324.540655 322.137596 319.757974 317.366721 315.001869 312.536043 310.123464 307.722223 305.352756 302.939501 300.612300 298.226789 295.892495 293.553820 291.215419 288.864796 286.554503 284.223876 281.894009 279.579784 277.324218 275.090083 272.875407 270.682299 268.581523 266.502620 264.433340 262.391004 260.398942 258.416997 256.508785 254.626613 252.805123 251.000895 249.254174 247.525380 245.833044 244.174375 242.548171 240.974138 239.428688 237.941980 236.482482 235.062617 233.697305 232.383954 231.111179 229.889781 228.705960 227.558865 226.453663 225.384223 224.360526 223.364716 222.415456 221.501069 220.632818 219.809268 219.027835 218.286005 217.585201 216.928427 216.312123 215.735715 215.197973 214.701590 214.246711 213.832739 213.460081 213.129126 212.839760 212.592024 212.385838 212.220942 212.097294 212.014884
0.000034 0.027897 0.037040 0.046115 0.055244 0.064294 0.074847 0.084090 0.093344 0.102442 0.111922 0.121015 0.130244 0.139318 0.148372 0.157670 0.166761 0.175895 0.184966 0.194172 0.205492 0.214631 0.226628 0.235720 0.245009 0.254933 0.263984 0.273150 0.283738 0.292843 0.302010 0.311793 0.323098 0.333089 0.344816 0.354129 0.363274 0.372786 0.381968 0.393442 0.402583 0.411678 0.420823 0.430340 0.441256 0.450621 0.463777 0.472989 0.483625 0.496738 0.506912 0.515990 0.525029 0.534080 0.543133 0.552166 0.561264 0.570337 0.579465 0.588534 0.597647 0.606724 0.615863 0.624930 0.634316 0.644848 0.658479 0.667890 0.676952 0.686006 0.695127 0.705297 0.714359 0.723539 0.732710 0.742648 0.751695 0.760751 0.769846 0.778894 0.787973 0.797126 0.806980 0.816056 0.825298 0.834643 0.846911 0.857053 0.868538 0.877878 0.887604 0.899183 0.908453 0.917563 0.926623 0.937268 0.947046 0.956763 0.966185 0.976001 0.986274 0.995723 1.004800 1.014061 1.023176 1.032261 1.041350 1.050537 1.060304 1.069519 1.081743 1.095089 1.104184 1.113338 1.122415 1.131475 1.140519 1.149565 1.158627 1.168718 1.180552 1.190297 1.200429 1.209553 1.218718 1.227842 1.236942 1.246330 1.256375 1.265691 1.274882 1.284021 1.296297 1.305359 1.314869 1.324204 1.333431 1.342618 1.351861 1.361690 1.372851 1.382250 1.391994 1.401201 1.410953 1.421423 1.433523 1.444931 1.454106 1.463220 1.474416
Elapsed_time: 1.474416
Score: 212.014884
151
17695.933617 1179.253643 1138.285253 1095.065048 1051.226256 1008.807566 968.690436 932.121259 898.138628 867.064346 838.573671 812.307870 787.681384 764.516004 743.016285 722.515955 703.224500 684.710928 667.101455 650.513570 634.837519 619.713651 605.190856 591.113216 577.793126 565.036085 552.762167 541.058524 529.962689 519.279509 509.024860 499.162793 490.000494 480.921141 472.430412 464.062192 456.099004 448.274927 440.653618 433.374216 426.279658 419.518876 413.022048 406.745726 400.642035 394.729242 389.011202 383.407718 378.016484 372.786566 367.666654 362.714442 357.825146 353.125950 348.474475 344.020856 339.698010 335.526529 331.433054 327.484941 323.500308 319.720344 316.062515 312.593169 309.204825 305.916639 302.736611 299.704858 296.727785 293.863802 291.158626 288.459870 285.887055 283.358164 280.918310 278.495618 276.200702 273.955190 271.807073 269.675006 267.625618 265.622887 263.705982 261.809613 259.966135 258.115818 256.297143 254.443486 252.642275 250.857341 249.145718 247.443717 245.801762 244.236926 242.683382 241.151852 239.669722 238.174570 236.740976 235.336307 233.961573 232.603407 231.277317 229.985462 228.698220 227.429420 226.185199 224.953382 223.745213 222.544466 221.385573 220.235319 219.105328 218.005269 216.941087 215.901181 214.892696 213.904456 212.926329 211.974940 211.053836 210.152550 209.265684 208.394244 207.546196 206.718125 205.921441 205.149719 204.402532 203.684437 202.995538 202.336586 201.706262 201.103708 200.529687 199.989093 199.482366 199.005462 198.558284 198.142191 197.757560 197.405346 197.085665 196.798576 196.543429 196.319982 196.128468 195.968942 195.841491 195.746002 195.682419
0.000041 0.028932 0.039985 0.050250 0.060422 0.071321 0.080676 0.093052 0.102542 0.113069 0.124026 0.133222 0.142305 0.151595 0.162039 0.171533 0.181009 0.190129 0.199262 0.208418 0.217591 0.226632 0.235997 0.245104 0.254514 0.263972 0.273082 0.282243 0.291668 0.301404 0.310561 0.319662 0.328860 0.338986 0.348406 0.358727 0.369778 0.380011 0.389203 0.398357 0.408709 0.417910 0.427871 0.438223 0.447283 0.456499 0.465753 0.474848 0.484971 0.494913 0.504225 0.513311 0.524128 0.535158 0.546930 0.557387 0.566712 0.576509 0.589400 0.598879 0.610704 0.622779 0.631884 0.640969 0.650079 0.659163 0.668238 0.677273 0.686358 0.695412 0.704492 0.713533 0.722603 0.731678 0.740720 0.749775 0.758841 0.767942 0.776985 0.786014 0.795123 0.804190 0.813388 0.823035 0.832925 0.842009 0.851115 0.860332 0.870123 0.879221 0.888260 0.897385 0.908009 0.918202 0.929473 0.938615 0.949615 0.964214 0.973717 0.982799 0.991899 1.000982 1.010167 1.022270 1.031278 1.040481 1.051490 1.063965 1.073296 1.082951 1.092093 1.101234 1.110321 1.119483 1.128523 1.137869 1.147097 1.157118 1.166210 1.175277 1.184377 1.193512 1.202594 1.211694 1.220861 1.230042 1.242761 1.255846 1.267096 1.276227 1.285514 1.294524 1.303563 1.313462 1.327322 1.336416 1.345527 1.354616 1.363710 1.372817 1.381951 1.391551 1.400755 1.409885 1.419061 1.429086 1.441105 1.450567 1.461418 1.471761 1.480889
Elapsed_time: 1.480889
Score: 195.682419
151
17815.380876 1184.036770 1146.667321 1106.068762 1063.012912 1019.894463 977.814327 938.271076 900.892778 865.894361 833.051661 802.422450 773.576135 746.617891 721.429637 697.927399 676.038170 655.437364 636.402794 618.645323 602.026011 586.380112 571.762805 558.069232 545.175088 533.103583 521.808387 511.117263 501.210185 491.862362 482.968781 474.430172 466.483925 458.874943 451.636787 444.864954 438.434431 432.278094 426.368186 420.807952 415.296384 410.047017 404.851520 399.904465 394.974892 390.160898 385.531110 380.862498 376.474450 372.037745 367.742921 363.589577 359.561562 355.656075 351.855965 348.218441 344.695985 341.314040 337.965273 334.730550 331.558642 328.399902 325.363010 322.327937 319.406435 316.612194 313.839520 311.199678 308.540337 305.957101 303.313518 300.820048 298.269224 295.798079 293.336194 290.962200 288.663854 286.369544 284.168575 281.958607 279.769564 277.562334 275.420636 273.299517 271.197283 269.168014 267.173881 265.179849 263.204166 261.324543 259.453818 257.604025 255.794807 254.042816 252.272069 250.532800 248.854114 247.163470 245.517278 243.903947 242.298562 240.738074 239.215404 237.720716 236.215539 234.753509 233.302446 231.880091 230.493272 229.126254 227.777994 226.492054 225.205163 223.938639 222.718201 221.530153 220.382964 219.284251 218.206288 217.172607 216.160039 215.183464 214.221793 213.286323 212.386167 211.510452 210.671803 209.867922 209.102732 208.370091 207.665964 206.994395 206.354707 205.748224 205.174514 204.636375 204.130384 203.659134 203.219797 202.814041 202.441889 202.102221 201.792698 201.514308 201.267214 201.051266 200.866704 200.713070 200.590335 200.498332 200.437030
0.000034 0.029571 0.038840 0.047906 0.057207 0.066249 0.075426 0.086696 0.099409 0.111285 0.122720 0.131834 0.140972 0.150314 0.162063 0.172224 0.182013 0.191412 0.200851 0.210222 0.219385 0.229642 0.243736 0.253103 0.262202 0.271325 0.280366 0.289430 0.298526 0.307855 0.316922 0.329079 0.339219 0.348463 0.357857 0.366981 0.376086 0.385259 0.394364 0.403552 0.413018 0.422137 0.431944 0.442397 0.452048 0.462434 0.472268 0.481984 0.491048 0.500124 0.509148 0.518195 0.527244 0.536511 0.545903 0.555428 0.566323 0.575574 0.585747 0.596970 0.606105 0.615363 0.624628 0.633736 0.642820 0.651967 0.661038 0.670135 0.679194 0.688496 0.698623 0.709456 0.721898 0.735432 0.748395 0.757530 0.766650 0.775728 0.784923 0.794646 0.803789 0.814637 0.825014 0.836481 0.847714 0.857337 0.868096 0.877720 0.890587 0.902006 0.913271 0.922717 0.931804 0.942526 0.951726 0.961065 0.971765 0.980883 0.989929 0.998999 1.008051 1.017140 1.026211 1.035337 1.045212 1.054449 1.063897 1.072951 1.082135 1.091678 1.100730 1.109857 1.119011 1.128380 1.137547 1.147005 1.157386 1.167026 1.177603 1.186723 1.195980 1.205056 1.214982 1.226181 1.235300 1.244446 1.254494 1.263616 1.273386 1.282665 1.291832 1.301070 1.310696 1.319789 1.328872 1.337954 1.347006 1.356058 1.365094 1.374182 1.383224 1.392258 1.401301 1.410415 1.421338 1.431501 1.440574 1.449713 1.462396 1.474557 1.485600
Elapsed_time: 1.485600
Score: 200.437030
