5
151
519.698609 442.609418 419.352829 400.437244 388.762418 377.665157 369.233837 359.488184 355.694569 347.561473 345.266997 338.563663 338.262184 331.879099 331.467858 326.875958 326.275718 322.586028 321.259242 318.046545 316.949505 313.754016 312.787258 309.806982 308.717466 305.767010 304.530524 301.840474 299.756535 297.667806 295.863014 293.458493 292.211489 289.988451 288.827551 286.692130 284.891763 283.175958 281.121687 279.613618 277.110497 275.205806 273.144952 271.479355 269.962001 268.201378 266.693149 264.705309 263.373488 261.355088 260.112762 257.942300 256.746524 254.667906 253.427789 251.000610 249.712243 247.309368 246.336858 243.897198 243.048606 240.450577 239.725219 237.333403 236.714480 234.302143 233.755401 231.240668 230.616586 228.243810 227.588584 225.300067 224.600828 222.446895 221.781545 219.516829 218.817105 216.614348 215.655506 213.748298 212.694053 210.680419 209.456701 207.430705 205.653380 203.404110 201.314310 198.996101 197.279823 195.237955 193.585913 191.470614 190.125390 187.863854 186.640125 184.267765 182.877225 180.634928 179.232043 177.161456 176.116657 174.083196 173.165446 171.364144 170.248790 168.623854 167.548064 165.767584 164.598878 162.808181 161.324349 159.328648 157.715167 155.579221 154.127855 151.971413 150.213819 148.121207 146.322979 144.211509 142.586370 140.806982 139.154036 137.402149 135.700338 133.956129 132.425721 130.631160 129.087837 127.362451 125.785312 124.082007 122.570778 121.024861 119.572902 118.082537 116.651208 115.245993 113.896901 112.553804 111.312577 110.109732 109.003276 107.981022 107.032666 106.202113 105.474820 104.865926 104.381702 104.022396 103.786666
0.164516 0.197827 0.206980 0.216157 0.225717 0.234854 0.243931 0.253081 0.262256 0.271536 0.280743 0.290360 0.299750 0.311276 0.320406 0.331144 0.341517 0.350879 0.361713 0.371118 0.382752 0.393027 0.402459 0.411697 0.421749 0.433206 0.444375 0.455283 0.464441 0.474246 0.484026 0.494288 0.503417 0.513698 0.523404 0.534996 0.544326 0.554658 0.565209 0.575735 0.584803 0.593929 0.603112 0.615181 0.625759 0.638213 0.647389 0.657013 0.666094 0.675242 0.684815 0.693862 0.703107 0.713288 0.724684 0.734454 0.743640 0.752701 0.761768 0.770835 0.779929 0.788980 0.798085 0.807167 0.816422 0.826888 0.835976 0.845048 0.854158 0.863338 0.873064 0.886384 0.896317 0.905377 0.914467 0.923544 0.932718 0.941752 0.950903 0.959953 0.969152 0.978255 0.987676 0.996725 1.005790 1.014850 1.023956 1.033001 1.042239 1.051482 1.060644 1.070046 1.082161 1.091560 1.100637 1.110268 1.122113 1.134782 1.145670 1.157145 1.166356 1.175726 1.184822 1.193965 1.204146 1.214422 1.227656 1.236747 1.247695 1.259018 1.268838 1.279433 1.290204 1.300474 1.310633 1.319800 1.328852 1.338061 1.347789 1.359995 1.372639 1.381753 1.390810 1.399973 1.409315 1.419675 1.431924 1.444254 1.456831 1.466476 1.476077 1.485187 1.494669 1.503751 1.512908 1.522303 1.531462 1.540800 1.550270 1.559458 1.568581 1.577780 1.587113 1.596304 1.605919 1.615026 1.624955 1.634668 1.644766 1.653879 1.664243
Elapsed_time: 1.664243
Score: 103.786666
151
488.407177 449.361598 409.121480 411.934117 387.834147 394.548558 371.619046 378.606405 359.009004 365.817358 347.532191 354.960223 338.219034 345.990371 330.190788 336.834539 321.166974 328.522609 313.574746 320.498601 305.978641 312.468970 298.640901 305.543069 292.070967 298.370662 284.475468 289.631957 276.980130 282.297888 270.646996 276.659817 265.665034 271.740954 260.845365 266.432548 256.132480 261.695871 251.810148 257.103605 247.739431 252.747107 243.951179 248.845787 240.433561 245.128880 237.054393 241.774444 234.083776 238.690280 231.057806 235.569029 227.944634 232.355513 225.021993 229.438458 222.477352 226.770417 220.048679 223.778983 217.234905 220.800511 214.456010 218.005086 212.076802 215.517456 209.508474 212.959926 206.966822 210.164995 204.570718 207.588706 202.355225 205.083112 200.236828 202.780360 197.963078 200.152911 195.485917 197.627432 192.995800 195.040298 190.777527 192.695101 188.861587 190.536427 186.670184 188.175007 184.469554 185.667239 181.716455 182.888113 179.208810 180.238724 176.436627 177.572574 174.091179 175.118149 171.656940 172.522871 169.183873 169.699360 166.480326 166.612615 163.461271 163.161122 160.447843 160.014213 157.843236 157.287834 155.198272 154.540430 152.397456 151.575465 149.465075 148.584342 146.381250 145.089637 143.251453 141.952568 139.911939 138.560199 136.580722 135.165448 133.119160 131.613225 129.637877 128.187702 126.426443 125.012183 123.339078 121.974383 120.264749 118.775536 117.021196 115.412581 113.643692 112.123616 110.511497 109.044613 107.631996 106.311376 105.104165 104.018130 103.033718 102.172178 101.423079 100.793134 100.289525 99.916494 99.673744
0.143741 0.178709 0.187838 0.197004 0.206083 0.216226 0.226129 0.236516 0.248590 0.257832 0.267798 0.280190 0.291411 0.300524 0.309583 0.320016 0.330577 0.343185 0.352292 0.361350 0.370476 0.379555 0.388658 0.397706 0.406802 0.415838 0.424895 0.434798 0.443865 0.452879 0.461923 0.471301 0.481369 0.491189 0.500961 0.513315 0.525004 0.534041 0.543153 0.552450 0.563542 0.572656 0.582369 0.592608 0.601934 0.611013 0.620399 0.630022 0.639181 0.648263 0.657399 0.666468 0.675757 0.687723 0.699915 0.712766 0.721907 0.731183 0.740712 0.749860 0.758967 0.768234 0.777291 0.787009 0.796565 0.805728 0.814813 0.823910 0.832985 0.842100 0.851129 0.860456 0.869570 0.881562 0.890610 0.899741 0.908806 0.917917 0.927004 0.936272 0.946845 0.958213 0.970553 0.981496 0.992712 1.003446 1.012686 1.021894 1.031144 1.040204 1.049318 1.058354 1.067406 1.076421 1.085622 1.094706 1.103939 1.113252 1.123791 1.135112 1.144297 1.153528 1.163423 1.174065 1.183385 1.192756 1.202215 1.211669 1.220772 1.233281 1.245424 1.255007 1.265251 1.275849 1.285166 1.294562 1.304063 1.314896 1.325449 1.335006 1.349058 1.358706 1.368166 1.380171 1.389343 1.398480 1.407610 1.416884 1.426424 1.435692 1.445143 1.454204 1.463290 1.472383 1.481480 1.490598 1.499656 1.508830 1.517973 1.527102 1.536230 1.546301 1.555923 1.565778 1.574960 1.584137 1.593479 1.603075 1.612353 1.622250 1.631539
Elapsed_time: 1.631539
Score: 99.673744
151
469.157246 424.872294 391.455902 393.465858 370.042355 366.715183 348.333522 348.133395 331.690294 333.993041 319.671879 321.847485 307.588778 310.318072 297.839477 301.186641 289.533485 293.091268 281.801414 284.859773 273.631260 276.510229 265.652453 268.233162 258.712668 260.954647 251.916056 254.664687 245.265444 247.549650 238.837338 240.281001 232.088120 233.811889 225.633621 226.606582 218.957705 219.451502 212.361008 212.709345 206.416778 206.902883 200.822700 201.092829 194.575400 195.310537 189.370408 189.898677 183.186845 183.942258 177.112648 177.814117 170.850482 171.784744 164.969322 165.895375 159.810175 160.660370 155.048323 155.774985 150.399129 151.290812 146.513477 147.179125 142.610311 143.205168 138.719921 139.242349 134.861348 135.239092 131.136267 131.546957 127.409201 127.804576 123.805456 124.028197 120.255680 120.523384 116.829469 117.319564 113.946776 114.459489 111.281681 111.340886 108.450020 108.421389 105.779103 105.894141 103.158748 103.568374 100.740334 101.087567 98.240101 98.085461 95.450373 95.096194 92.747527 92.341775 90.317296 89.686400 87.925207 87.401155 85.382192 84.761543 82.473489 81.519521 79.213444 78.419940 76.321918 75.381154 73.378670 72.043545 69.929718 68.845581 66.495398 65.304762 62.957507 61.524088 59.352690 57.721095 55.620212 53.992989 52.116557 50.446841 48.510336 46.870640 45.021115 43.548584 41.758500 40.157003 38.491240 36.861748 35.149290 33.547425 31.964406 30.418474 28.958643 27.517189 26.141326 24.786336 23.504067 22.261569 21.095195 19.989139 18.951168 18.011316 17.177260 16.470521 15.901297 15.477181 15.200116
0.146480 0.179733 0.188852 0.197981 0.207061 0.216321 0.225465 0.234585 0.244135 0.255355 0.264504 0.275083 0.284198 0.293374 0.302469 0.312057 0.322321 0.332528 0.342605 0.351804 0.361856 0.370955 0.380061 0.391312 0.400798 0.409932 0.419085 0.428409 0.438793 0.452987 0.464764 0.477089 0.486385 0.497587 0.507011 0.516114 0.525223 0.534381 0.543480 0.552598 0.563030 0.574412 0.583486 0.592668 0.601737 0.611815 0.620996 0.630301 0.639407 0.648514 0.657598 0.666685 0.675800 0.684892 0.694007 0.703510 0.712771 0.721845 0.731139 0.740448 0.749586 0.758729 0.769160 0.780276 0.790482 0.800687 0.809745 0.819087 0.829931 0.839916 0.848985 0.858099 0.867130 0.876264 0.885318 0.894395 0.903456 0.912534 0.922385 0.931653 0.941533 0.951987 0.961561 0.971048 0.981900 0.991119 1.000529 1.011265 1.022278 1.031708 1.040787 1.049892 1.059021 1.068732 1.079899 1.089293 1.098518 1.107975 1.117796 1.126999 1.136080 1.145497 1.156774 1.166201 1.175422 1.184748 1.193879 1.203014 1.214750 1.224671 1.233861 1.244417 1.255140 1.264230 1.274063 1.285664 1.295263 1.304833 1.314164 1.323531 1.332734 1.341875 1.351562 1.360687 1.369815 1.378965 1.388176 1.397793 1.408619 1.417806 1.427083 1.436509 1.445613 1.454728 1.463834 1.473653 1.483238 1.492286 1.501548 1.510737 1.522695 1.535025 1.544425 1.553920 1.563105 1.572368 1.582766 1.591862 1.600951 1.610437 1.619538
Elapsed_time: 1.619538
Score: 15.200116
151
500.605489 454.164370 432.828346 431.677052 413.709996 414.299056 399.897002 400.163700 385.892596 387.895299 373.967807 377.761654 364.454269 367.680236 355.026847 358.198672 345.639527 349.308597 337.418077 341.264157 329.887211 333.301069 322.588732 325.786974 315.395670 318.796454 309.779863 312.690633 303.796304 306.620183 298.078704 300.996445 292.924071 295.624086 287.637114 289.658379 281.903584 284.449750 277.150113 278.993911 271.901787 274.030303 266.730679 268.971257 261.921872 263.478030 256.971789 258.555631 252.536867 254.085296 248.350700 249.560959 243.996235 245.025671 239.919288 241.159701 235.516161 236.989742 231.015260 232.711176 227.101446 228.798110 223.510600 225.056606 219.960677 221.648663 216.497858 218.143214 213.143197 214.852617 210.013119 211.546921 206.927534 208.228256 203.797148 205.056659 200.548981 201.539019 197.175026 198.240493 194.020071 195.004679 190.926013 191.814968 187.690359 188.550555 184.551032 185.315600 181.473215 182.248838 178.583407 179.276808 175.899790 176.322657 173.049417 173.222416 170.089698 169.661962 166.340296 165.775688 162.644512 162.150338 159.447154 158.789275 156.158194 155.387076 152.884248 151.838720 149.423976 148.475312 146.315633 145.213325 143.192323 141.847959 139.964302 138.447809 136.743828 135.339143 133.686923 132.214459 130.611481 129.045798 127.299325 125.597440 123.857788 122.105064 120.188010 118.473950 116.445085 114.581167 112.575862 110.773693 108.913033 107.241268 105.489790 103.866445 102.170154 100.578268 98.930009 97.359018 95.803293 94.369099 92.961640 91.684011 90.521997 89.480208 88.582034 87.824442 87.215803 86.760975 86.459089
0.148496 0.193284 0.203201 0.212380 0.222235 0.231446 0.240590 0.249677 0.258788 0.267882 0.277202 0.289910 0.299173 0.310359 0.319432 0.328561 0.337626 0.346804 0.355844 0.365196 0.377866 0.390295 0.400829 0.410148 0.420459 0.430530 0.439760 0.448877 0.458031 0.467146 0.476516 0.485618 0.494760 0.503818 0.514371 0.524771 0.533974 0.543943 0.553340 0.562611 0.571979 0.581164 0.590667 0.600164 0.610631 0.620906 0.630942 0.640078 0.649697 0.659295 0.668419 0.677763 0.687156 0.697183 0.706447 0.715580 0.725354 0.734535 0.743880 0.753053 0.762419 0.772705 0.782882 0.791983 0.801125 0.810263 0.819400 0.830204 0.839372 0.848484 0.857698 0.866839 0.876007 0.885068 0.894234 0.904117 0.913838 0.922988 0.932311 0.941726 0.951003 0.960142 0.969302 0.978978 0.989816 0.998932 1.008174 1.018082 1.027405 1.037546 1.048243 1.057415 1.066599 1.075766 1.085122 1.095502 1.105877 1.115587 1.124872 1.135394 1.144521 1.153664 1.162790 1.172129 1.182749 1.194129 1.203998 1.213153 1.222229 1.231265 1.240306 1.249324 1.258399 1.267486 1.276580 1.287603 1.296713 1.305777 1.315201 1.324712 1.334899 1.343942 1.353118 1.362171 1.373191 1.384290 1.393639 1.402970 1.412108 1.421279 1.430436 1.439665 1.450744 1.459946 1.469086 1.478228 1.487528 1.496669 1.505807 1.514902 1.523984 1.533154 1.542546 1.551606 1.561267 1.570629 1.579757 1.589065 1.598202 1.607254 1.616303
Elapsed_time: 1.616303
Score: 86.459089
151
492.062634 437.450674 399.682191 398.120663 375.766985 377.919284 356.694813 363.203178 344.262248 347.708985 330.416467 335.708712 319.739357 325.376606 310.799108 316.510269 302.440282 308.597141 294.606532 300.460315 287.224935 293.763829 280.397504 286.860991 273.801782 280.062556 267.308834 273.831781 261.329685 267.563544 255.217525 260.764555 248.545393 253.864011 242.002187 247.041513 235.336006 240.291893 229.061109 233.769383 222.597849 226.513381 215.160526 219.456140 208.444253 212.871942 202.288903 206.668238 196.411255 200.761205 190.690826 195.123958 185.041581 189.385519 179.697632 184.093649 174.284943 178.735107 168.777091 172.946696 163.376770 167.504437 158.700302 162.372096 154.238617 157.261378 149.836973 152.313905 144.544976 146.806989 139.653886 141.444338 134.606090 136.083610 129.934455 131.694772 125.779751 127.144835 121.630979 123.112010 118.080809 119.726032 114.869596 116.472685 111.596479 112.966284 108.449454 109.752804 105.413176 106.653340 102.570155 103.781794 99.997741 100.978874 97.391995 98.040082 94.630945 94.865521 91.493565 91.403453 88.080636 87.816337 84.593956 83.815652 81.087963 80.104963 77.661589 76.808039 74.592773 73.540752 71.564977 70.461695 68.522551 67.480264 65.468532 64.326083 62.202462 61.046876 59.128330 57.814855 55.816939 54.469862 52.620771 51.111364 49.325040 47.762346 45.933938 44.196735 42.462415 40.796053 39.110952 37.548792 35.965266 34.449295 32.921874 31.442672 29.987468 28.549356 27.184957 25.880370 24.615512 23.444072 22.308938 21.267115 20.287488 19.415188 18.643131 17.984762 17.453020 17.054217 16.791593
0.141530 0.176317 0.187550 0.197451 0.208372 0.217558 0.226778 0.235934 0.246606 0.256753 0.265853 0.275047 0.284140 0.294491 0.303603 0.312682 0.322053 0.331158 0.340288 0.349379 0.358550 0.367659 0.376899 0.386936 0.396104 0.405898 0.415066 0.424229 0.434965 0.444773 0.454308 0.463683 0.473162 0.482253 0.491957 0.501912 0.511959 0.522687 0.531753 0.541775 0.551424 0.560498 0.569755 0.579353 0.588426 0.597871 0.608688 0.618097 0.628003 0.637265 0.646473 0.655593 0.664653 0.673744 0.682844 0.691947 0.701391 0.710437 0.720072 0.733411 0.742741 0.752020 0.761453 0.770828 0.779989 0.790285 0.800147 0.809436 0.818513 0.827802 0.837040 0.846156 0.855302 0.865996 0.875082 0.884322 0.893391 0.902506 0.911791 0.921105 0.930228 0.939331 0.948453 0.957669 0.967329 0.976460 0.985709 0.995013 1.005166 1.014264 1.023446 1.034016 1.043824 1.053030 1.062668 1.071796 1.080890 1.090143 1.099186 1.109296 1.121759 1.130940 1.140082 1.149505 1.160495 1.169932 1.179006 1.188376 1.197578 1.206975 1.216042 1.225139 1.234195 1.244386 1.253850 1.263112 1.272800 1.282156 1.291264 1.300367 1.309821 1.320200 1.329252 1.338319 1.347465 1.358278 1.367936 1.377867 1.387870 1.398285 1.407522 1.416721 1.425890 1.435067 1.444220 1.453312 1.462479 1.475150 1.484514 1.494190 1.504030 1.513196 1.522361 1.532074 1.541453 1.550620 1.559648 1.569118 1.578282 1.588388 1.597481
Elapsed_time: 1.597481
Score: 16.791593
