5
151
519.698609 421.581905 394.644846 360.533764 331.806094 297.313641 238.001882 202.303983 177.570794 165.747592 155.744853 150.690461 145.326348 140.431228 135.771106 129.558042 123.383053 117.387256 111.125330 106.349957 102.079625 98.116908 95.255144 92.157518 89.042831 86.595532 84.194024 81.545145 79.205705 77.057218 75.044206 73.344265 71.660796 70.159170 68.910455 67.730215 66.684595 65.912390 65.210488 64.380226 63.781303 63.210673 62.641754 62.284479 61.902571 61.563151 61.311268 61.060343 60.823651 60.644815 60.512597 60.358436 60.240905 60.123282 60.014526 59.907619 59.815936 59.739665 59.686248 59.646167 59.612364 59.584815 59.563897 59.546422 59.527922 59.515924 59.504672 59.492530 59.483561 59.472811 59.463602 59.456821 59.448393 59.442753 59.436238 59.431594 59.426497 59.420137 59.413784 59.410586 59.405745 59.402114 59.397384 59.390082 59.385425 59.380429 59.371659 59.365029 59.357583 59.345140 59.335778 59.335149 59.327990 59.312246 59.303386 59.289009 59.273829 59.254707 59.235276 59.216814 59.201309 59.162848 59.114776 59.073955 59.033749 58.974017 58.870095 58.838373 58.687240 58.559417 58.417999 58.270457 58.144003 58.074504 57.836188 57.550512 57.325811 57.038115 56.658267 56.373153 55.888998 55.347147 54.811256 53.980886 53.131941 51.994289 50.645465 49.010317 46.915554 44.133904 40.310871 33.377239 26.005448 21.694240 14.999493 6.251111 1.838797 -3.741400 -7.317754 -10.915654 -12.933910 -15.071002 -16.543911 -18.263897 -19.294496 -20.162152 -21.068356 -21.692022 -22.143384 -22.610905 -22.956809
0.152883 0.170203 0.178383 0.187590 0.197103 0.205647 0.214630 0.223383 0.232909 0.242605 0.253330 0.262110 0.270438 0.278962 0.287267 0.297821 0.309002 0.319926 0.328407 0.338353 0.348071 0.356177 0.364501 0.374006 0.382150 0.391708 0.399715 0.409403 0.418216 0.427873 0.435883 0.443937 0.453467 0.461423 0.470030 0.478505 0.486913 0.495000 0.503072 0.511317 0.519345 0.527370 0.535379 0.543403 0.551364 0.559452 0.568147 0.576126 0.584164 0.592176 0.601190 0.611480 0.619965 0.627893 0.635982 0.646254 0.657651 0.668742 0.677185 0.686068 0.696407 0.705929 0.714261 0.722967 0.731114 0.739288 0.747310 0.755575 0.763531 0.771579 0.779631 0.787969 0.796347 0.804891 0.814260 0.823756 0.831648 0.839540 0.847452 0.855367 0.863230 0.871279 0.879221 0.887503 0.897963 0.908380 0.918842 0.929242 0.938524 0.948877 0.966404 0.998822 1.007652 1.016353 1.024328 1.032275 1.040153 1.048085 1.056019 1.063951 1.072028 1.079987 1.088462 1.099412 1.119057 1.129227 1.138383 1.146306 1.154224 1.162427 1.170368 1.179299 1.187256 1.195178 1.203234 1.211332 1.219889 1.227878 1.236153 1.252134 1.260211 1.268734 1.279233 1.290725 1.299965 1.307814 1.315694 1.323595 1.331443 1.339522 1.347464 1.357089 1.367984 1.376748 1.385815 1.396654 1.407121 1.415358 1.424830 1.434718 1.442561 1.450278 1.459545 1.467882 1.475562 1.483155 1.491488 1.502868 1.515191 1.523716 1.532100
Elapsed_time: 1.532100
Score: -22.956809
151
488.407177 393.031035 367.743292 335.823622 307.674502 276.188770 224.951053 197.180802 175.138087 163.999742 151.796776 146.881132 140.092152 136.924171 132.356286 125.187791 118.564053 110.105218 102.904541 96.601143 91.940515 86.710099 84.451724 82.284740 80.072178 78.285103 77.074967 75.822641 75.002235 74.219899 73.626070 73.180279 72.812791 72.465152 72.282566 72.024126 71.814109 71.497732 71.266735 71.057551 70.773685 70.444568 70.180349 69.879075 69.570053 69.199830 68.791559 68.469544 68.108990 67.711863 67.279021 66.905335 66.420399 65.907635 65.444075 65.019172 64.647273 64.341383 64.039475 63.719278 63.399757 63.076596 62.748707 62.426158 62.142331 61.829219 61.550781 61.242101 60.923236 60.594344 60.167338 59.711313 59.399541 59.062155 58.703443 58.416636 58.068113 57.738996 57.448606 57.082642 56.815392 56.572971 56.378419 56.167214 56.049497 55.929576 55.742735 55.590125 55.413216 55.181280 54.886951 54.634203 54.301039 53.698157 52.894132 52.193877 51.176062 49.858647 47.855943 44.692419 40.905218 38.575838 33.513088 26.698431 21.175595 16.153634 9.964778 7.418233 2.756149 0.062849 -2.949434 -6.083658 -8.832614 -11.458111 -13.821505 -15.601067 -17.348968 -18.734854 -19.799628 -20.871858 -21.814768 -22.542802 -23.169176 -23.761931 -24.265073 -24.645608 -24.986046 -25.289200 -25.495484 -25.627223 -25.734851 -25.818755 -25.875867 -25.930603 -26.002486 -26.058800 -26.112354 -26.150152 -26.183921 -26.199808 -26.248058 -26.262078 -26.283975 -26.308779 -26.335341 -26.353214 -26.370461 -26.385013 -26.397160 -26.413784 -26.421843
0.142584 0.159707 0.167876 0.175991 0.185172 0.195343 0.203611 0.211910 0.219974 0.229459 0.237405 0.245381 0.253370 0.261242 0.269160 0.277011 0.284934 0.292834 0.300658 0.308456 0.316294 0.324076 0.331885 0.340323 0.348150 0.356821 0.367666 0.377909 0.387284 0.397481 0.408239 0.418379 0.427399 0.435219 0.443044 0.451150 0.459050 0.468560 0.478135 0.485855 0.494003 0.502964 0.510932 0.520124 0.527906 0.535738 0.544531 0.552346 0.560866 0.568631 0.577281 0.586750 0.594790 0.602733 0.610489 0.618844 0.629411 0.638414 0.649039 0.657414 0.665134 0.672898 0.680579 0.688277 0.695965 0.703861 0.711502 0.719224 0.726867 0.734568 0.742356 0.750122 0.758384 0.766405 0.776237 0.786395 0.794086 0.801671 0.809242 0.816817 0.824627 0.832362 0.842119 0.852062 0.862118 0.872088 0.879846 0.888656 0.898167 0.907342 0.917349 0.932737 0.941502 0.949780 0.958741 0.968508 0.976147 0.983912 0.992911 1.001033 1.009253 1.016965 1.033582 1.041774 1.050605 1.059500 1.067242 1.075885 1.084112 1.091762 1.099469 1.107227 1.114859 1.123592 1.131305 1.139964 1.148023 1.156334 1.163999 1.171604 1.179390 1.187736 1.196720 1.204521 1.212196 1.219988 1.230212 1.241207 1.251945 1.262285 1.270637 1.278312 1.285907 1.293526 1.301165 1.308789 1.317643 1.326608 1.334247 1.343198 1.352612 1.362886 1.375065 1.386619 1.394885 1.405338 1.415725 1.424176 1.431729 1.439285 1.446876
Elapsed_time: 1.446876
Score: -26.421843
112
469.157246 368.313564 341.900700 309.257592 287.530541 256.216808 221.244112 172.099539 140.828331 107.433562 80.399583 64.057851 51.980246 45.803544 39.532391 34.326762 26.569863 20.346715 14.513417 8.624522 3.180233 -1.786524 -5.496203 -8.330824 -10.208958 -12.154452 -14.329076 -16.053354 -17.559174 -19.140031 -20.254332 -21.321750 -22.122453 -22.683202 -23.173317 -23.664037 -23.992333 -24.293799 -24.619213 -24.855560 -25.121968 -25.369772 -25.539319 -25.674726 -25.868816 -25.945483 -26.022820 -26.090967 -26.137746 -26.191131 -26.257439 -26.282524 -26.319031 -26.322953 -26.357258 -26.368297 -26.379749 -26.394067 -26.400445 -26.410290 -26.416083 -26.423505 -26.426149 -26.430187 -26.432339 -26.434667 -26.438283 -26.440134 -26.441960 -26.443302 -26.444642 -26.445977 -26.447150 -26.448296 -26.449062 -26.450243 -26.451118 -26.452243 -26.452770 -26.453544 -26.453885 -26.454260 -26.454605 -26.454849 -26.455083 -26.455249 -26.455428 -26.455560 -26.455665 -26.455812 -26.455890 -26.455951 -26.456046 -26.456083 -26.456137 -26.456152 -26.456186 -26.456197 -26.456212 -26.456226 -26.456239 -26.456245 -26.456252 -26.456256 -26.456260 -26.456264 -26.456266 -26.456268 -26.456270 -26.456271 -26.456272 -26.456273
0.146155 0.164365 0.176371 0.185567 0.195743 0.204341 0.212831 0.221357 0.230870 0.239739 0.247827 0.255979 0.264031 0.273535 0.282252 0.290221 0.300316 0.310902 0.321193 0.331816 0.342365 0.351861 0.362835 0.371294 0.379134 0.388400 0.396412 0.405344 0.413763 0.421716 0.429331 0.437169 0.444785 0.452450 0.460272 0.467935 0.475561 0.483313 0.491117 0.501240 0.510311 0.517933 0.525810 0.533421 0.543676 0.553969 0.565047 0.574896 0.582832 0.590730 0.598328 0.606695 0.614259 0.621823 0.629475 0.637062 0.644627 0.652222 0.667446 0.675117 0.682767 0.690986 0.698973 0.706558 0.716458 0.724159 0.732304 0.747754 0.756131 0.763788 0.771412 0.779037 0.786690 0.794283 0.801875 0.809653 0.817210 0.824868 0.834318 0.841878 0.858307 0.866419 0.874076 0.881893 0.889920 0.897636 0.907440 0.915493 0.923136 0.931852 0.939511 0.948744 0.956368 0.965346 0.973358 0.981456 0.991800 1.000775 1.009658 1.017301 1.025984 1.034636 1.043412 1.053280 1.062436 1.073143 1.080981 1.088670 1.096324 1.103970 1.111656 1.119347
Elapsed_time: 1.119347
Score: -26.456273
137
500.605489 408.694284 383.782784 355.729685 331.071264 301.071969 253.475183 231.398595 213.782220 205.565741 195.931352 189.390083 182.035108 176.552103 168.657548 159.107814 147.798040 135.481028 121.240390 111.530619 99.801089 91.238958 83.173662 75.817380 67.225848 60.629080 53.944883 47.411236 40.611281 35.339961 30.880895 26.771424 22.933427 19.346595 16.218532 12.987769 9.347020 6.307101 3.002725 -1.298312 -4.059310 -6.572332 -9.238181 -11.040632 -13.172227 -15.054766 -16.787427 -18.417576 -19.845982 -21.101124 -22.195407 -22.986637 -23.626139 -24.011677 -24.327092 -24.581486 -24.860996 -25.105478 -25.252156 -25.392228 -25.522886 -25.616373 -25.737946 -25.862994 -25.935114 -26.031346 -26.057874 -26.170127 -26.205244 -26.240313 -26.283306 -26.305739 -26.325629 -26.339467 -26.355105 -26.367497 -26.377920 -26.387106 -26.393782 -26.399356 -26.411043 -26.414695 -26.420794 -26.425147 -26.431339 -26.434943 -26.438029 -26.442447 -26.444457 -26.447449 -26.448562 -26.449963 -26.450824 -26.451896 -26.452581 -26.453235 -26.453668 -26.454047 -26.454392 -26.454626 -26.454879 -26.455185 -26.455300 -26.455460 -26.455547 -26.455655 -26.455748 -26.455830 -26.455907 -26.455972 -26.456039 -26.456081 -26.456124 -26.456157 -26.456186 -26.456197 -26.456217 -26.456220 -26.456232 -26.456238 -26.456245 -26.456252 -26.456255 -26.456259 -26.456262 -26.456265 -26.456266 -26.456269 -26.456270 -26.456272 -26.456274 -26.456275 -26.456276 -26.456277 -26.456278 -26.456278 -26.456279
0.153052 0.171336 0.180216 0.189632 0.200000 0.212795 0.222663 0.231173 0.239613 0.247958 0.256546 0.265869 0.276321 0.287591 0.297864 0.306025 0.314314 0.323937 0.333692 0.343484 0.351721 0.361289 0.370657 0.378635 0.387865 0.397137 0.407421 0.415445 0.423592 0.431816 0.442185 0.451540 0.461432 0.471629 0.482070 0.492493 0.502999 0.511526 0.519242 0.527046 0.536958 0.547001 0.557433 0.568285 0.576850 0.585574 0.595654 0.605360 0.615683 0.624510 0.632095 0.640690 0.650250 0.659337 0.667018 0.675322 0.683095 0.690678 0.698318 0.706114 0.714308 0.722151 0.730879 0.738425 0.746108 0.755067 0.762938 0.771196 0.778885 0.786512 0.794213 0.809592 0.817156 0.824749 0.833674 0.841245 0.848749 0.856354 0.863870 0.871721 0.879415 0.888218 0.898308 0.907254 0.914854 0.922477 0.930108 0.939937 0.949510 0.957058 0.964934 0.974030 0.990201 0.998885 1.006924 1.014465 1.021959 1.029506 1.037034 1.044552 1.053342 1.061455 1.069897 1.080469 1.101933 1.109763 1.118410 1.128562 1.136290 1.143902 1.151373 1.158995 1.166536 1.174965 1.183934 1.192373 1.199966 1.207509 1.215036 1.222742 1.230326 1.238932 1.255303 1.262879 1.270379 1.277989 1.285643 1.294017 1.302526 1.310094 1.317626 1.332602 1.340159 1.347704 1.355284 1.362837 1.372883
Elapsed_time: 1.372883
Score: -26.456279
116
492.062634 393.174231 366.130499 332.537845 303.062993 269.439839 207.634943 167.650147 138.816349 123.275737 108.846836 100.323253 92.138005 85.169868 76.942917 68.586523 57.137545 47.470893 37.019436 29.712061 19.899195 15.645955 11.217675 8.109789 4.895707 2.278692 -0.229569 -2.861383 -5.858977 -7.737204 -10.036195 -11.944525 -14.310772 -16.128169 -17.512551 -19.306832 -20.335983 -21.247254 -21.891829 -22.551646 -23.049678 -23.692411 -24.001764 -24.349803 -24.739186 -25.092391 -25.285725 -25.492746 -25.613437 -25.734105 -25.855434 -25.919766 -25.993923 -26.083818 -26.117767 -26.175281 -26.207965 -26.243378 -26.273533 -26.293101 -26.312070 -26.327317 -26.340272 -26.351606 -26.362051 -26.373904 -26.380403 -26.389610 -26.395453 -26.401576 -26.410558 -26.418921 -26.423658 -26.429995 -26.434445 -26.439359 -26.444767 -26.446595 -26.447995 -26.450291 -26.451201 -26.452451 -26.453142 -26.453646 -26.454218 -26.454523 -26.454884 -26.455119 -26.455309 -26.455404 -26.455653 -26.455716 -26.455795 -26.455858 -26.455927 -26.455966 -26.456010 -26.456047 -26.456093 -26.456131 -26.456158 -26.456173 -26.456219 -26.456230 -26.456244 -26.456253 -26.456263 -26.456266 -26.456269 -26.456270 -26.456273 -26.456273 -26.456274 -26.456276 -26.456276 -26.456277
0.151507 0.169282 0.178135 0.186371 0.195053 0.204583 0.214236 0.223859 0.232650 0.241695 0.250096 0.258356 0.266499 0.274573 0.282791 0.290928 0.299525 0.307519 0.315478 0.323421 0.331505 0.340300 0.348417 0.356644 0.364478 0.372613 0.380533 0.388344 0.396107 0.403896 0.411759 0.419475 0.427205 0.434997 0.443511 0.452614 0.463203 0.474161 0.484656 0.493930 0.504650 0.514746 0.522483 0.530221 0.537883 0.547572 0.555330 0.565247 0.573172 0.580845 0.588678 0.596894 0.604458 0.612365 0.620195 0.628938 0.646540 0.654413 0.662153 0.669783 0.678107 0.686713 0.694473 0.703707 0.712015 0.719608 0.727272 0.735147 0.742790 0.751588 0.759136 0.767026 0.774537 0.783554 0.792335 0.799941 0.807495 0.814999 0.822850 0.830794 0.838365 0.845857 0.853384 0.860925 0.868632 0.876449 0.885458 0.895281 0.905479 0.915832 0.925994 0.935158 0.942850 0.952427 0.960681 0.969120 0.978418 0.987097 0.995198 1.002835 1.011681 1.019887 1.027416 1.035179 1.042701 1.050303 1.057845 1.065462 1.073158 1.080838 1.088424 1.096241 1.104506 1.113999 1.121791 1.130332
Elapsed_time: 1.130332
Score: -26.456277
