5
151
17125.966151 1447.428625 1388.933347 1329.391723 1269.802363 1211.783225 1156.821925 1106.029450 1059.158702 1015.537763 974.947728 936.856537 901.526562 868.390318 837.006317 807.390797 779.637044 753.235760 728.376919 704.784052 682.329949 661.300794 641.249858 622.009449 603.877119 586.434353 569.729587 553.719216 538.246167 523.523604 509.185632 495.433259 482.265716 469.496501 457.251499 445.409553 434.222269 423.128722 412.619409 402.271462 392.514239 382.984146 373.776382 364.927258 356.396110 348.059411 340.053194 332.269781 324.849327 317.756964 310.973930 304.342381 297.999999 291.705825 285.716089 280.051227 274.489006 269.137929 263.945287 258.834604 253.942328 249.188366 244.545160 240.083400 235.780281 231.680351 227.643024 223.769074 220.009343 216.385740 212.789473 209.347374 206.001799 202.759819 199.596733 196.579598 193.539734 190.532164 187.679627 184.856246 182.214271 179.521208 177.042197 174.575968 172.204477 169.862122 167.575132 165.331072 163.166171 161.051847 158.975264 156.940222 154.908732 152.899134 150.956327 149.047428 147.181684 145.372023 143.571648 141.824497 140.102186 138.444010 136.822428 135.221296 133.662761 132.135444 130.635691 129.143173 127.695450 126.288231 124.864668 123.507414 122.159183 120.856619 119.573869 118.346160 117.134700 115.958441 114.800230 113.679688 112.588820 111.541837 110.516819 109.525617 108.569220 107.643717 106.752879 105.899911 105.083028 104.303119 103.548154 102.827803 102.141369 101.489238 100.873630 100.286783 99.735483 99.216460 98.733290 98.282135 97.864694 97.482765 97.133383 96.818959 96.538796 96.293567 96.083223 95.908115 95.768144 95.663260 95.593392
0.000090 0.044587 0.060818 0.075384 0.089978 0.104511 0.119029 0.133703 0.148312 0.163117 0.179678 0.194224 0.208785 0.223330 0.237814 0.252317 0.266904 0.281424 0.295905 0.310558 0.326253 0.340783 0.355291 0.369837 0.384354 0.398920 0.413426 0.427984 0.442555 0.457499 0.472656 0.489170 0.506275 0.522802 0.537427 0.553211 0.569087 0.584386 0.599374 0.614045 0.628626 0.643153 0.657675 0.672186 0.686812 0.704074 0.720350 0.735337 0.750179 0.764794 0.779451 0.794151 0.808923 0.823671 0.838713 0.853248 0.869343 0.884617 0.899135 0.913668 0.928178 0.942996 0.964346 0.979389 0.994100 1.008796 1.023336 1.038224 1.056855 1.071992 1.086718 1.101432 1.121647 1.139075 1.158500 1.173835 1.188362 1.202976 1.217707 1.233791 1.248502 1.263648 1.278356 1.292926 1.307489 1.322345 1.342447 1.357162 1.376702 1.393285 1.408019 1.423419 1.437969 1.452482 1.468618 1.488099 1.502795 1.517540 1.532771 1.551361 1.566947 1.581484 1.597931 1.613916 1.628679 1.643157 1.657676 1.672218 1.686754 1.703751 1.718976 1.733506 1.748076 1.762751 1.778477 1.797077 1.815077 1.830786 1.846104 1.861539 1.879090 1.893851 1.908824 1.923367 1.938020 1.955348 1.969890 1.984404 1.998939 2.013491 2.028041 2.042560 2.058249 2.075410 2.092593 2.109259 2.123835 2.138410 2.152935 2.167441 2.181991 2.197697 2.212728 2.227657 2.242200 2.256754 2.271285 2.286091 2.303970 2.318677 2.333914
Elapsed_time: 2.333914
Score: 95.593392
151
16520.928974 1449.008562 1390.383401 1329.942605 1270.357330 1213.122927 1159.701248 1110.242971 1064.089557 1021.278419 981.823546 944.756912 910.062804 878.023407 847.675047 818.896855 791.700104 765.745356 740.991556 717.419864 694.570649 672.719342 651.715151 631.678130 612.480892 594.305011 576.868399 560.179518 544.222666 528.932796 514.531412 500.735673 487.479549 474.799179 462.590980 450.747818 439.386107 428.492433 418.014465 407.977714 398.343505 389.031713 379.767041 370.827656 362.210127 353.968120 345.812861 338.052095 330.455952 323.065082 315.938539 309.022015 302.337713 295.936887 289.490752 283.392197 277.428396 271.691816 265.966570 260.529522 255.094770 249.908850 244.824708 239.898160 235.148324 230.563384 226.027659 221.784794 217.624523 213.653941 209.683717 205.806125 202.046291 198.300867 194.666106 191.093530 187.620032 184.172211 180.827355 177.552108 174.280820 171.064075 167.959326 164.878477 161.880607 158.861559 155.981532 153.082715 150.327099 147.599654 144.927660 142.290803 139.729100 137.241141 134.773539 132.356488 129.979114 127.627583 125.350458 123.075330 120.849663 118.687779 116.573958 114.497147 112.462912 110.478530 108.525253 106.627425 104.794185 102.995332 101.243501 99.533653 97.845554 96.222503 94.637367 93.097894 91.614920 90.162252 88.749158 87.368203 86.029742 84.741986 83.481899 82.273961 81.103446 79.972360 78.882095 77.833241 76.825089 75.862754 74.942547 74.066334 73.228779 72.433056 71.679290 70.968470 70.301394 69.676128 69.093606 68.555054 68.059112 67.606082 67.195370 66.826706 66.499710 66.213806 65.968937 65.764958 65.601884 65.479666 65.398261
0.000054 0.045598 0.060334 0.075084 0.091520 0.110489 0.125022 0.139558 0.154144 0.168678 0.183209 0.197741 0.212430 0.227473 0.242577 0.257358 0.272837 0.291421 0.311592 0.326717 0.347494 0.363763 0.381285 0.395914 0.411990 0.426768 0.443425 0.457976 0.472550 0.487215 0.502608 0.517262 0.531750 0.547468 0.567291 0.584623 0.599597 0.615386 0.630564 0.645069 0.660386 0.675388 0.695208 0.709883 0.724382 0.738868 0.753748 0.768291 0.782885 0.797403 0.814933 0.829432 0.843983 0.858531 0.874259 0.891281 0.907838 0.922417 0.936923 0.951902 0.970774 0.985372 1.001463 1.016001 1.030480 1.044938 1.059901 1.075350 1.092003 1.106564 1.121144 1.139189 1.153677 1.168205 1.182784 1.197593 1.213426 1.228343 1.242953 1.257594 1.272396 1.287732 1.302365 1.318694 1.333768 1.348639 1.363525 1.378675 1.393587 1.408793 1.424784 1.439491 1.454071 1.468680 1.484325 1.500784 1.516188 1.532211 1.546810 1.562087 1.577241 1.592931 1.610056 1.624566 1.639083 1.654064 1.671932 1.686506 1.701094 1.715687 1.730308 1.744857 1.765256 1.779837 1.794329 1.808840 1.823473 1.841771 1.859971 1.876257 1.891646 1.909799 1.924298 1.938807 1.953468 1.968078 1.982906 1.997502 2.012619 2.027217 2.042848 2.057445 2.071999 2.086671 2.101359 2.116602 2.132826 2.147375 2.164002 2.178996 2.193793 2.208283 2.223166 2.237662 2.252210 2.266780 2.281268 2.295797 2.310298 2.325604 2.340199
Elapsed_time: 2.340199
Score: 65.398261
151
18443.844903 1455.519245 1399.443506 1342.019687 1284.426216 1228.721194 1175.307744 1124.912147 1077.985603 1033.866399 992.791862 954.573773 918.833176 885.492242 854.373116 825.197969 797.627002 771.597657 747.105927 724.088617 702.365809 682.045664 662.699225 644.305195 626.969897 610.163948 594.387246 579.190531 564.837241 550.823972 537.592309 524.958858 512.878240 501.377181 490.566082 480.012773 470.043216 460.084209 450.834809 441.678865 432.944686 424.553891 416.369952 408.342613 400.601958 393.026454 385.684444 378.558825 371.477291 364.644682 357.834332 351.218023 344.762693 338.353812 332.133622 326.101612 320.119432 314.337200 308.570911 303.064164 297.543347 292.228108 286.972091 281.886712 276.840020 271.976710 267.173711 262.539145 257.951240 253.575407 249.202545 244.979795 240.839598 236.815531 232.857726 228.956100 225.158817 221.372633 217.708299 214.133184 210.607946 207.166814 203.746752 200.443642 197.157815 193.946373 190.851055 187.749087 184.744781 181.799351 178.905658 176.055994 173.268453 170.512250 167.797046 165.128937 162.479489 159.910292 157.355000 154.875878 152.449191 150.060256 147.711810 145.414621 143.143012 140.945147 138.807404 136.690731 134.637256 132.627177 130.656412 128.721376 126.839487 125.002456 123.222942 121.496381 119.812468 118.175031 116.586484 115.037852 113.547965 112.099081 110.686114 109.326419 108.007191 106.736363 105.512754 104.337934 103.203364 102.114353 101.070782 100.074509 99.128981 98.234904 97.388347 96.585892 95.829041 95.116133 94.452160 93.837311 93.270385 92.751514 92.280057 91.856058 91.479451 91.149433 90.867226 90.632437 90.444899 90.304409 90.210826
0.000042 0.050374 0.066092 0.083440 0.101185 0.115761 0.130807 0.148251 0.169172 0.187273 0.205062 0.223168 0.238777 0.254150 0.268808 0.283420 0.298009 0.312630 0.328158 0.343025 0.357576 0.372862 0.387451 0.403620 0.418292 0.434041 0.448582 0.463777 0.482447 0.499276 0.517236 0.532120 0.546944 0.562977 0.578284 0.593826 0.608445 0.623606 0.640143 0.654977 0.672794 0.688697 0.703358 0.717938 0.732520 0.748028 0.763594 0.778183 0.794953 0.809697 0.824371 0.841625 0.856743 0.874241 0.889508 0.904760 0.919356 0.934035 0.948916 0.964905 0.981872 0.999068 1.013571 1.029827 1.044496 1.059207 1.075436 1.091236 1.106041 1.120507 1.135029 1.149559 1.166650 1.185105 1.199629 1.214374 1.229123 1.245047 1.261177 1.276269 1.291060 1.305674 1.320263 1.334812 1.349406 1.364416 1.379682 1.395650 1.410861 1.428498 1.447920 1.462424 1.477840 1.497720 1.516576 1.531747 1.546335 1.561529 1.576218 1.594716 1.611380 1.626098 1.640743 1.655351 1.669886 1.685755 1.700879 1.715425 1.730445 1.745009 1.760224 1.775332 1.790213 1.804991 1.823251 1.843980 1.860305 1.878777 1.901280 1.915887 1.932925 1.947535 1.967838 1.983033 1.998680 2.013246 2.030883 2.047927 2.066780 2.083681 2.101568 2.116295 2.131036 2.146146 2.162227 2.180385 2.196253 2.211557 2.229580 2.245308 2.263098 2.277844 2.294385 2.310525 2.326448 2.341577 2.358500 2.373089 2.389975 2.406468 2.420972
Elapsed_time: 2.420972
Score: 90.210826
151
18252.185817 1450.140010 1392.714741 1334.848626 1277.652354 1222.144315 1169.126527 1119.645981 1073.115563 1030.404733 990.532629 952.798217 917.484418 884.637951 853.579509 824.481879 796.825012 770.727180 745.908749 722.532800 700.071120 678.804736 658.417649 638.918929 620.365539 602.678899 585.674569 569.242994 553.468419 538.234131 523.592959 509.452596 495.943962 482.687125 470.021000 457.677361 445.648270 434.156512 422.985259 412.147253 401.538668 391.414501 381.332528 371.797158 362.335769 353.246416 344.424759 335.902668 327.485281 319.417914 311.590874 303.990680 296.586741 289.410076 282.484442 275.683741 269.039228 262.618528 256.471053 250.467456 244.691682 239.102372 233.673871 228.391775 223.269464 218.257262 213.489453 208.761497 204.370143 200.003146 195.795896 191.711932 187.803880 183.918696 180.232827 176.579623 173.115936 169.750707 166.434577 163.193741 160.067761 156.985117 153.987245 151.089930 148.259818 145.502373 142.869110 140.278680 137.731200 135.272799 132.901552 130.548138 128.315955 126.128312 124.023749 121.964697 119.961735 117.986661 116.094559 114.207709 112.387336 110.603494 108.834953 107.112845 105.425162 103.767159 102.151245 100.559266 99.032996 97.529042 96.073986 94.640756 93.262296 91.918860 90.617442 89.323085 88.093054 86.884383 85.707944 84.547357 83.429346 82.343853 81.286093 80.254227 79.260691 78.289973 77.362274 76.468888 75.612366 74.785195 73.994410 73.235039 72.508741 71.815850 71.161107 70.542776 69.962184 69.419800 68.911179 68.437594 67.995392 67.589623 67.221188 66.889671 66.595669 66.338573 66.118382 65.934979 65.788374 65.678504 65.605298
0.000041 0.050857 0.065391 0.079925 0.094553 0.112801 0.131872 0.152225 0.172913 0.188066 0.202778 0.220382 0.238472 0.253212 0.267863 0.282431 0.301439 0.316489 0.332959 0.347650 0.362356 0.379082 0.395429 0.410034 0.424591 0.439059 0.453843 0.468568 0.484746 0.500190 0.514700 0.529442 0.544996 0.559831 0.574495 0.593170 0.607677 0.623049 0.642614 0.660780 0.675358 0.689919 0.704403 0.720694 0.735403 0.750108 0.765300 0.780670 0.800414 0.816380 0.834883 0.850009 0.865601 0.883081 0.897652 0.912190 0.926690 0.941215 0.955760 0.970294 0.984819 0.999307 1.013815 1.028318 1.042901 1.057418 1.071931 1.086624 1.101235 1.115748 1.130676 1.145202 1.160007 1.180770 1.195329 1.210021 1.230275 1.249236 1.264534 1.281310 1.296430 1.311450 1.328599 1.343670 1.359124 1.374372 1.389194 1.404085 1.419475 1.434038 1.448911 1.463656 1.479693 1.495011 1.510551 1.525155 1.539680 1.554245 1.569099 1.583968 1.599947 1.614509 1.629066 1.643813 1.658503 1.674911 1.690276 1.705119 1.721907 1.737613 1.754751 1.771587 1.788507 1.803768 1.824369 1.842864 1.860078 1.876793 1.892894 1.908568 1.924126 1.939017 1.953625 1.968184 1.982831 1.998165 2.016994 2.031570 2.046106 2.060976 2.077184 2.091837 2.106600 2.122267 2.137025 2.152363 2.171546 2.187177 2.201670 2.217316 2.233137 2.247723 2.262227 2.276789 2.291317 2.306318 2.325334 2.343690 2.359041 2.373589 2.388101
Elapsed_time: 2.388101
Score: 65.605298
151
18583.826798 1456.257690 1401.453435 1345.483594 1290.257300 1237.012679 1186.956777 1140.387486 1096.768492 1056.192613 1018.495665 983.323747 950.431860 919.746599 890.958622 863.895379 838.238791 814.025074 791.242104 769.718254 749.487870 729.928141 711.411531 693.898067 676.925742 660.557937 644.693030 629.274329 614.270160 599.899012 585.841635 572.367362 559.368180 546.784291 534.781346 522.999533 511.644963 500.604022 490.007817 479.933008 470.060547 460.711883 451.461450 442.646006 433.991457 425.642603 417.418077 409.514476 401.812176 394.338046 386.992589 380.013644 373.177253 366.548005 360.072943 353.752981 347.683239 341.780478 336.002565 330.402586 324.973957 319.573614 314.293408 309.292760 304.251378 299.576658 294.894699 290.448289 285.954826 281.660578 277.453985 273.377737 269.448770 265.578774 261.847191 258.209614 254.617854 251.151674 247.727386 244.435808 241.164532 238.051100 234.971463 231.986145 229.065725 226.183828 223.340355 220.610610 217.901726 215.311137 212.735388 210.281672 207.831085 205.429901 203.106038 200.861211 198.609999 196.448816 194.319658 192.246408 190.217038 188.232868 186.284550 184.359982 182.474169 180.652066 178.860837 177.122898 175.407744 173.737518 172.101334 170.507848 168.959382 167.456230 165.974001 164.539773 163.143446 161.780531 160.450199 159.148036 157.887532 156.666018 155.484893 154.340096 153.235040 152.154712 151.123825 150.137103 149.184528 148.267865 147.389716 146.549420 145.750813 144.988046 144.265566 143.582633 142.939468 142.333623 141.770378 141.249164 140.768089 140.326846 139.925957 139.565489 139.245224 138.965202 138.725328 138.525779 138.366376 138.246947 138.167437
0.000041 0.044177 0.064061 0.080585 0.097926 0.112595 0.127157 0.141709 0.156507 0.172094 0.186805 0.202217 0.217765 0.233935 0.249671 0.265365 0.280408 0.295114 0.309744 0.324420 0.340348 0.356528 0.372404 0.388990 0.403971 0.418734 0.433388 0.449978 0.471060 0.485577 0.504188 0.523855 0.542476 0.559730 0.575058 0.589739 0.604725 0.619468 0.633951 0.649000 0.666230 0.682532 0.698910 0.714081 0.731023 0.747564 0.762106 0.776635 0.791277 0.812329 0.831669 0.847643 0.862185 0.876711 0.891311 0.906779 0.921303 0.935817 0.950391 0.965137 0.984388 1.002309 1.016809 1.031345 1.045918 1.061106 1.081146 1.097285 1.112122 1.132477 1.147466 1.162331 1.177208 1.195886 1.216415 1.234892 1.255105 1.271094 1.285683 1.300267 1.317165 1.332545 1.351854 1.366522 1.381813 1.396413 1.410961 1.425463 1.440045 1.454775 1.471577 1.486171 1.500879 1.516034 1.531230 1.548983 1.563530 1.582080 1.596759 1.615166 1.630608 1.648972 1.664105 1.678643 1.693253 1.711801 1.730275 1.744888 1.759568 1.776587 1.794013 1.808539 1.823059 1.837582 1.852180 1.871470 1.887204 1.901829 1.917619 1.933027 1.947580 1.962106 1.976632 1.991558 2.008477 2.026299 2.041004 2.059233 2.074867 2.089429 2.105352 2.119927 2.134432 2.148924 2.163840 2.183609 2.202377 2.221230 2.236004 2.250534 2.266371 2.281070 2.296100 2.310767 2.325363 2.341107 2.355985 2.371375 2.390743 2.405316 2.420111
Elapsed_time: 2.420111
Score: 138.167437
