5
151
12737.400673 1173.656545 1126.440798 1078.469275 1030.658210 984.475841 941.064357 900.037518 861.971028 826.374508 793.446623 762.357791 733.148151 705.718748 679.586325 655.297987 632.275191 610.760807 590.671122 571.277208 553.185653 535.805156 519.755474 504.397950 490.199069 476.508191 463.780417 451.509099 439.983514 428.912964 418.526775 408.354208 399.005854 389.787762 381.129249 372.539423 364.499087 356.629297 349.101553 341.811060 334.812785 328.061209 321.467766 315.133380 309.078650 303.108020 297.463810 291.785956 286.315090 280.879921 275.653712 270.433542 265.520754 260.540789 255.793188 251.086720 246.568479 242.148771 237.846113 233.649654 229.555460 225.457817 221.445882 217.474333 213.629863 209.847987 206.046107 202.311907 198.577179 194.957031 191.412489 187.960617 184.543749 181.183139 177.891776 174.634600 171.476134 168.416096 165.371210 162.373287 159.463030 156.577079 153.774160 150.960616 148.265180 145.581625 142.967273 140.338359 137.792108 135.263869 132.763270 130.247632 127.799357 125.371269 122.969196 120.573884 118.233734 115.927999 113.673766 111.448382 109.286026 107.135776 105.023265 102.971552 100.945746 98.960470 97.013559 95.114238 93.239669 91.415795 89.617845 87.857532 86.130811 84.449112 82.806656 81.212053 79.650608 78.137169 76.670877 75.252942 73.875051 72.547142 71.266081 70.037470 68.852686 67.717687 66.622065 65.574202 64.570807 63.611677 62.693456 61.818049 60.985447 60.197077 59.452703 58.753385 58.097622 57.480081 56.905495 56.375028 55.885959 55.436248 55.028085 54.661739 54.337030 54.053477 53.810833 53.608884 53.447516 53.326618 53.246088
0.000063 0.029936 0.040153 0.051396 0.063282 0.078667 0.091141 0.101712 0.115322 0.126818 0.136974 0.147173 0.157304 0.167286 0.177278 0.187450 0.197226 0.207143 0.218063 0.227866 0.238168 0.250178 0.264165 0.276586 0.287282 0.297603 0.308962 0.319351 0.329682 0.339733 0.349656 0.359851 0.372906 0.385160 0.396465 0.407094 0.418328 0.429575 0.440175 0.450075 0.460142 0.469957 0.480093 0.490971 0.500842 0.511291 0.521524 0.533721 0.548077 0.559537 0.571343 0.581873 0.591784 0.601726 0.611525 0.622174 0.633546 0.643393 0.654070 0.664187 0.674060 0.685708 0.697027 0.707956 0.720874 0.733081 0.744414 0.755260 0.766384 0.778000 0.789092 0.799554 0.810090 0.820802 0.831089 0.843249 0.854616 0.866294 0.877323 0.888179 0.898643 0.909376 0.920850 0.931440 0.941582 0.952444 0.965628 0.978300 0.988530 0.998991 1.009673 1.020295 1.032140 1.043542 1.053419 1.063500 1.074776 1.084784 1.094750 1.104920 1.114709 1.124609 1.135485 1.146027 1.156031 1.169507 1.179572 1.189523 1.202117 1.213329 1.223279 1.235530 1.246969 1.257090 1.268909 1.280702 1.291074 1.301174 1.310991 1.322638 1.333867 1.347061 1.359307 1.371908 1.382360 1.393661 1.403826 1.414059 1.424966 1.437208 1.447030 1.458431 1.468799 1.480342 1.490457 1.500875 1.510746 1.520572 1.530556 1.542998 1.555815 1.567348 1.578235 1.591948 1.608550 1.621834 1.632783 1.643425 1.653899 1.664967 1.677118
Elapsed_time: 1.677118
Score: 53.246088
151
12993.952854 1181.221070 1133.959196 1084.975354 1035.634390 987.195266 941.447143 898.441186 857.662452 819.805129 784.603186 751.945614 721.496425 692.978334 666.222676 641.543497 618.419765 597.129299 577.008907 558.307844 540.631530 523.919272 508.063474 493.120924 479.026255 465.590571 452.914693 441.016319 429.419065 418.470155 407.917397 397.719124 387.990795 378.760790 369.756295 361.240648 352.968987 345.152505 337.504473 330.094699 323.037213 316.087583 309.521094 303.009595 296.798518 290.605179 284.804949 279.186520 273.676863 268.186827 262.857141 257.665378 252.585341 247.695117 242.920532 238.214723 233.774769 229.337342 225.128404 220.964800 216.911472 212.918274 209.093915 205.290551 201.674751 197.990506 194.464484 190.890878 187.542760 184.276965 181.149351 178.048574 175.098001 172.080464 169.183166 166.321885 163.595386 160.814978 158.181886 155.605870 153.048834 150.564792 148.203604 145.823455 143.540837 141.288062 139.092095 136.918830 134.842208 132.757989 130.731308 128.743826 126.781876 124.873989 122.956724 121.088512 119.278673 117.483176 115.731050 113.987700 112.300630 110.630369 108.997428 107.404795 105.855590 104.331009 102.817580 101.349538 99.888367 98.463329 97.050553 95.664878 94.297415 92.970952 91.665194 90.388050 89.129472 87.909653 86.710822 85.554179 84.417688 83.322525 82.238443 81.198577 80.192489 79.210809 78.262799 77.346427 76.464051 75.620269 74.810758 74.039016 73.303388 72.607334 71.945824 71.320885 70.730867 70.178165 69.662661 69.186087 68.746896 68.344482 67.978880 67.649472 67.356333 67.099666 66.879658 66.696381 66.549863 66.440063 66.366913
0.000037 0.033554 0.045028 0.055205 0.067795 0.077560 0.088365 0.098176 0.109071 0.119312 0.129232 0.139366 0.149308 0.159324 0.169539 0.180077 0.191872 0.202239 0.213797 0.224410 0.234398 0.245353 0.256437 0.266441 0.277601 0.287810 0.299098 0.311571 0.323643 0.334403 0.344297 0.354301 0.365386 0.378587 0.390143 0.400431 0.410661 0.422761 0.434277 0.445596 0.459912 0.469912 0.480137 0.493198 0.504559 0.518925 0.529022 0.542212 0.557683 0.571155 0.582705 0.593224 0.607398 0.619284 0.629666 0.639890 0.653203 0.666443 0.676357 0.688748 0.702726 0.712558 0.722782 0.733642 0.744000 0.755220 0.768019 0.778690 0.788630 0.799966 0.810151 0.820915 0.831533 0.842208 0.857474 0.871724 0.884522 0.894561 0.904483 0.914457 0.925299 0.936183 0.948065 0.958911 0.969601 0.981010 0.992978 1.002869 1.013348 1.023593 1.033427 1.043628 1.053440 1.063971 1.073814 1.083588 1.093490 1.103318 1.113126 1.122948 1.133536 1.143642 1.153785 1.164808 1.174784 1.184783 1.194630 1.204929 1.215939 1.231169 1.241049 1.252260 1.263126 1.272993 1.284425 1.295601 1.305690 1.318834 1.331858 1.343673 1.357276 1.369356 1.383032 1.393333 1.405303 1.415398 1.425545 1.436824 1.451250 1.469778 1.484071 1.493904 1.504921 1.527563 1.545034 1.554937 1.564828 1.575565 1.591107 1.600939 1.611009 1.625925 1.642358 1.657385 1.668341 1.681956 1.691801 1.701948 1.713485 1.723771 1.738241
Elapsed_time: 1.738241
Score: 66.366913
151
13867.877349 1182.006800 1136.311898 1089.253576 1042.169901 996.970566 954.141704 914.203596 877.365362 843.066250 811.337070 782.085481 755.144539 729.749394 705.760468 683.189077 661.878177 641.731068 622.617557 604.288703 586.850394 569.936290 554.021824 538.814561 524.258992 510.411611 497.000579 484.110382 471.776209 459.952237 448.424323 437.391145 426.657488 416.668465 406.917248 397.718418 388.668396 380.192513 371.786733 363.985031 356.269258 348.912880 341.685418 334.902033 328.279950 321.824040 315.550115 309.509251 303.670460 297.980172 292.436987 287.017720 281.757902 276.605350 271.712520 266.876281 262.135128 257.575766 253.099336 248.748723 244.485624 240.286128 236.169881 232.138758 228.130826 224.282650 220.456038 216.737659 213.152471 209.591303 206.087617 202.642392 199.291484 195.968609 192.738795 189.504215 186.372331 183.228482 180.140586 177.101528 174.131122 171.133405 168.232231 165.323041 162.534657 159.730586 157.005420 154.285931 151.652170 149.012265 146.435033 143.902100 141.397548 138.914845 136.478617 134.069694 131.689186 129.344341 127.018294 124.744711 122.500784 120.291055 118.122507 116.003196 113.910125 111.876560 109.870840 107.919707 106.002060 104.125040 102.285309 100.477605 98.718826 96.999940 95.323635 93.695798 92.115005 90.579290 89.086146 87.633910 86.223207 84.855900 83.538698 82.260508 81.032061 79.838251 78.694707 77.597775 76.546092 75.537991 74.575686 73.658086 72.783714 71.954740 71.169695 70.429731 69.732863 69.079775 68.470379 67.905213 67.384056 66.906782 66.473173 66.081813 65.734194 65.429829 65.169094 64.951983 64.778420 64.648323 64.561629
0.000071 0.040696 0.056360 0.067058 0.077490 0.087317 0.098343 0.108286 0.118195 0.128200 0.140057 0.149956 0.160262 0.172289 0.189413 0.200400 0.216629 0.228256 0.238593 0.248544 0.258671 0.268630 0.278702 0.288773 0.298960 0.310052 0.321390 0.331450 0.342468 0.354108 0.366325 0.376752 0.390324 0.404170 0.414059 0.425799 0.435616 0.445447 0.455858 0.467871 0.479611 0.492859 0.503708 0.517094 0.529473 0.545587 0.563507 0.574266 0.584727 0.594987 0.605310 0.615730 0.626511 0.637034 0.648012 0.659964 0.670596 0.681353 0.691753 0.701623 0.711506 0.721712 0.731639 0.741531 0.751526 0.761950 0.773847 0.784773 0.794636 0.805227 0.815114 0.825612 0.841526 0.852323 0.862610 0.872791 0.884974 0.894872 0.904750 0.914684 0.924547 0.938680 0.948658 0.958940 0.971393 0.981208 0.991124 1.001618 1.011837 1.026033 1.036787 1.046719 1.056603 1.067643 1.078322 1.089234 1.100188 1.110319 1.120995 1.131084 1.141360 1.151292 1.161868 1.174267 1.184239 1.194224 1.204501 1.214548 1.224893 1.235931 1.245825 1.257434 1.267727 1.279677 1.290338 1.300462 1.310303 1.320162 1.330013 1.339890 1.349705 1.360619 1.373458 1.384377 1.394837 1.405368 1.415927 1.426000 1.436282 1.447392 1.458074 1.467931 1.477833 1.487863 1.498783 1.509240 1.522869 1.537518 1.551858 1.567184 1.580212 1.592966 1.608291 1.623814 1.633998 1.647878 1.660696 1.671302 1.683048 1.694092 1.705066
Elapsed_time: 1.705066
Score: 64.561629
151
13720.098488 1174.304864 1128.039374 1080.756065 1034.251567 988.987297 946.420132 907.277697 871.080537 837.834086 806.576278 777.671244 750.809696 725.803044 702.360601 680.573124 660.004893 640.589553 622.337665 604.872760 588.455540 572.806241 557.837333 543.430858 529.801787 516.650434 504.261199 492.344767 480.815452 469.651845 459.038911 448.790854 439.080105 429.620711 420.610013 411.899959 403.511992 395.429006 387.765785 380.252346 373.041046 366.112025 359.348913 352.817357 346.466355 340.383364 334.345858 328.692225 323.122056 317.870397 312.584330 307.656160 302.577445 297.935368 293.102331 288.533740 283.941870 279.705658 275.418075 271.384653 267.360608 263.505088 259.694292 255.974859 252.383506 248.930471 245.523421 242.222063 238.975883 235.883990 232.891532 230.069533 227.152640 224.365327 221.599219 219.004929 216.419713 213.954262 211.495439 209.130747 206.753465 204.520127 202.296435 200.127820 197.953453 195.935324 193.858043 191.824364 189.826307 187.886802 185.960656 184.038377 182.159992 180.286463 178.404787 176.575097 174.770115 172.976857 171.242639 169.535438 167.842505 166.169074 164.512690 162.879165 161.279346 159.713496 158.151821 156.628438 155.125214 153.646651 152.162959 150.724396 149.295632 147.892841 146.514869 145.167435 143.843783 142.544446 141.287077 140.047885 138.842214 137.660849 136.509944 135.394294 134.313134 133.263294 132.250599 131.275834 130.338530 129.436916 128.578290 127.752181 126.963768 126.215093 125.505642 124.835020 124.203409 123.611764 123.058628 122.546506 122.072565 121.637986 121.242540 120.886524 120.569975 120.293212 120.056210 119.858832 119.700975 119.582587 119.503667
0.000035 0.037276 0.048155 0.058215 0.070177 0.080726 0.094180 0.107449 0.122367 0.134123 0.144834 0.155960 0.165871 0.176104 0.187403 0.198135 0.214749 0.227114 0.237059 0.246915 0.256734 0.267189 0.284426 0.298411 0.312778 0.324821 0.335178 0.345045 0.355008 0.365335 0.377196 0.390151 0.401497 0.411869 0.422803 0.433002 0.443013 0.454426 0.466732 0.477329 0.487486 0.497340 0.507201 0.517083 0.527228 0.538789 0.553983 0.565474 0.575511 0.585965 0.596400 0.606316 0.616160 0.625990 0.636167 0.646070 0.656040 0.671823 0.681687 0.691506 0.702197 0.713958 0.731498 0.744426 0.754423 0.765617 0.776839 0.793422 0.803553 0.813529 0.823346 0.833136 0.842890 0.852733 0.862561 0.872641 0.882620 0.892480 0.902895 0.914979 0.932811 0.943531 0.958733 0.975434 0.986369 0.997628 1.011704 1.023254 1.033055 1.042849 1.053221 1.064440 1.074882 1.087989 1.097990 1.108025 1.117877 1.127816 1.137610 1.147605 1.159459 1.169953 1.181153 1.192280 1.202718 1.213451 1.223468 1.233574 1.244355 1.254710 1.269499 1.282873 1.295337 1.307196 1.321463 1.333413 1.345617 1.355749 1.367014 1.376841 1.388629 1.405488 1.416917 1.427699 1.437880 1.448158 1.458198 1.468344 1.478832 1.488773 1.498948 1.508932 1.519239 1.529196 1.542696 1.555079 1.565279 1.575525 1.588034 1.599109 1.611047 1.621491 1.633721 1.651016 1.664032 1.674449 1.684766 1.695854 1.707914 1.719251 1.729938
Elapsed_time: 1.729938
Score: 119.503667
151
14168.562457 1183.800750 1139.871056 1093.456278 1046.274562 999.857812 955.739949 914.379437 876.100646 840.558733 807.950338 777.558874 749.579591 723.275958 698.766026 676.119647 654.866861 635.019456 616.344309 599.142761 582.644653 567.214873 552.495097 538.762672 525.522914 513.019252 501.253555 490.124143 479.395190 468.989035 459.253071 449.897197 441.003172 432.458061 424.281588 416.658971 409.208680 401.975354 395.105978 388.477213 382.214624 376.006205 370.235812 364.432935 358.916006 353.418077 348.135071 342.965399 337.929473 332.878267 327.975408 323.144141 318.403572 313.678457 309.107140 304.635636 300.169881 295.893941 291.611951 287.343354 283.184968 279.074247 275.080444 271.036575 267.097898 263.126499 259.221880 255.342268 251.475467 247.666099 243.886195 240.102575 236.402773 232.695877 229.083354 225.494205 221.922874 218.332236 214.743015 211.256420 207.795126 204.373614 201.001606 197.643256 194.286371 190.966942 187.685621 184.390612 181.187359 178.017390 174.894772 171.835406 168.824686 165.829590 162.871337 159.988437 157.143541 154.368443 151.639712 148.954251 146.333010 143.781883 141.275859 138.837623 136.453720 134.122427 131.831315 129.573595 127.368773 125.209155 123.110887 121.050946 119.043119 117.092611 115.186866 113.315035 111.494247 109.728126 108.020264 106.356359 104.747330 103.193235 101.693415 100.244294 98.845617 97.500021 96.206952 94.965616 93.773807 92.634148 91.546349 90.511329 89.528345 88.596313 87.713521 86.877754 86.094237 85.360428 84.675850 84.041832 83.455548 82.918643 82.431698 81.993811 81.604704 81.264338 80.972644 80.729521 80.535094 80.389344 80.292217
0.000047 0.041873 0.052302 0.065685 0.075737 0.085905 0.095733 0.105912 0.115973 0.125890 0.135678 0.145558 0.155897 0.166569 0.179961 0.189827 0.199888 0.214375 0.228733 0.239433 0.251283 0.270109 0.280182 0.291474 0.306642 0.316916 0.326782 0.337825 0.347881 0.358384 0.368548 0.379626 0.391263 0.401289 0.411812 0.422271 0.433506 0.443953 0.461622 0.476554 0.486971 0.496961 0.506890 0.516921 0.527029 0.536989 0.549272 0.561920 0.572169 0.584073 0.595011 0.605831 0.615690 0.625669 0.635526 0.646223 0.657898 0.669176 0.681214 0.691832 0.701698 0.711737 0.723235 0.733046 0.742999 0.752960 0.767824 0.779925 0.794073 0.803946 0.814473 0.826617 0.838602 0.849398 0.859721 0.869644 0.879465 0.889688 0.899510 0.909315 0.919209 0.929008 0.938877 0.949046 0.958994 0.972982 0.984365 0.994533 1.005868 1.016108 1.029995 1.040576 1.051265 1.062513 1.077287 1.092361 1.107367 1.117696 1.127525 1.137929 1.153504 1.166341 1.178149 1.188019 1.197933 1.207815 1.217665 1.227606 1.237938 1.248447 1.259459 1.271375 1.282497 1.294434 1.305264 1.316400 1.327400 1.338062 1.349765 1.360731 1.372257 1.382862 1.393717 1.404523 1.414472 1.425482 1.435567 1.445611 1.455747 1.465730 1.476882 1.486716 1.496561 1.506530 1.526171 1.539652 1.551085 1.563936 1.577777 1.592942 1.605644 1.620315 1.630127 1.640748 1.650554 1.661719 1.671743 1.681635 1.692277 1.702115 1.711993
Elapsed_time: 1.711993
Score: 80.292217
