5
151
468.368960 347.184067 312.538468 288.992914 269.499080 252.882992 239.068823 226.023300 216.026385 205.897046 197.081849 188.758760 180.827891 173.899167 166.712587 160.817150 154.455042 148.964556 143.373988 138.580985 133.720858 129.604938 125.059691 121.093063 116.677069 113.252233 109.678060 106.371893 102.919207 100.074641 96.942626 94.376300 91.194346 88.226743 85.557684 82.764543 80.311426 77.616022 75.243617 72.787504 70.615177 68.255608 66.264589 63.899534 62.044447 59.729710 57.950616 55.668759 53.778986 51.778566 49.843579 47.904877 45.926176 44.131389 41.911388 39.968763 37.567226 35.986884 34.131216 32.784051 31.057163 29.917275 28.317483 26.988721 25.290342 23.948775 22.497127 21.007671 19.583870 18.063774 16.437243 15.058312 13.467823 11.979092 10.626987 9.340330 7.932985 6.797989 5.287592 4.097181 2.733414 1.387669 -0.115157 -1.413933 -3.233140 -4.752066 -6.741846 -8.415107 -10.582725 -12.220685 -14.511957 -16.097173 -18.045091 -19.475996 -21.530457 -22.914194 -24.689292 -26.175082 -27.843482 -29.335949 -31.114199 -32.717321 -34.395302 -36.019148 -37.882831 -39.631784 -41.600361 -43.391381 -45.307852 -47.187438 -49.135918 -51.031991 -53.071513 -54.956050 -57.013716 -59.001034 -61.055555 -63.047285 -64.957965 -66.945482 -68.901493 -70.927587 -72.879610 -74.778696 -76.657975 -78.481038 -80.270225 -81.961350 -83.649193 -85.276945 -86.854012 -88.423463 -89.963406 -91.458928 -92.911307 -94.304910 -95.628146 -96.890615 -98.086625 -99.197279 -100.225183 -101.168399 -102.020250 -102.780456 -103.449425 -104.027279 -104.515653 -104.918410 -105.238013 -105.476261 -105.634424
0.290714 0.357627 0.372143 0.386691 0.401238 0.415790 0.430341 0.444993 0.460874 0.476133 0.490616 0.505474 0.520116 0.534684 0.549301 0.565547 0.580416 0.595718 0.610706 0.628311 0.648558 0.665303 0.682718 0.699518 0.718270 0.735647 0.755480 0.770234 0.788461 0.804600 0.819372 0.834191 0.849256 0.865319 0.879867 0.894362 0.909738 0.924597 0.941837 0.960056 0.976022 0.991678 1.012036 1.031616 1.050968 1.065588 1.080102 1.094698 1.109312 1.125366 1.140387 1.157739 1.172576 1.192573 1.211554 1.229323 1.245592 1.260155 1.274656 1.289241 1.303792 1.318323 1.334411 1.349042 1.363584 1.378171 1.392920 1.412931 1.429356 1.443916 1.458672 1.473325 1.487946 1.507070 1.527123 1.547215 1.566553 1.584131 1.600074 1.616401 1.633036 1.648448 1.663708 1.679165 1.693990 1.709540 1.728250 1.746002 1.762178 1.778050 1.794457 1.813294 1.828836 1.844375 1.862770 1.877876 1.892447 1.907043 1.921597 1.936090 1.951053 1.969928 1.988170 2.005193 2.022747 2.037358 2.052080 2.066768 2.081309 2.096940 2.112453 2.127933 2.143805 2.158998 2.173673 2.188354 2.204952 2.219503 2.234312 2.250177 2.266852 2.281680 2.298960 2.315154 2.331564 2.346149 2.366634 2.387191 2.405252 2.420532 2.436966 2.451646 2.466405 2.482338 2.496848 2.511316 2.525863 2.541314 2.555955 2.574002 2.588597 2.603186 2.620068 2.634643 2.649611 2.670054 2.688988 2.704308 2.719386 2.733911 2.748469
Elapsed_time: 2.748469
Score: -105.634424
151
463.534597 341.657685 307.562674 284.225699 265.718977 250.085714 238.083285 226.263848 218.398385 209.565855 204.100931 197.054733 192.411199 187.033090 183.629612 178.970997 176.079851 171.563047 169.600517 165.199685 163.343731 158.933245 157.547072 153.253947 152.185730 148.156668 146.868442 142.663265 141.760349 137.585048 136.312128 132.029898 131.361469 127.675527 126.974199 123.339136 123.005979 119.394168 119.016101 115.918537 115.547141 112.892416 112.562299 110.007362 109.781208 107.438233 107.407939 105.075599 105.141057 102.754191 102.852025 100.524236 100.695454 98.396972 98.590111 96.233410 96.520414 94.474739 94.632253 92.703738 92.749379 90.879897 90.895475 88.986162 88.767659 87.159659 87.001024 85.435167 85.130277 83.521931 82.664198 80.858790 79.941653 78.003094 77.202168 75.209077 74.045348 72.224494 71.129741 69.526775 68.409972 66.805220 65.670472 64.108077 62.923266 61.564341 60.149450 58.703012 57.392233 56.138455 54.924011 53.606124 52.394369 50.937445 49.562078 48.208927 46.820953 45.269849 43.849335 42.228066 40.332128 38.295973 36.130186 33.866318 31.500884 29.381109 26.846824 24.487417 21.936970 19.675757 17.337078 15.028846 12.773184 10.627478 8.513741 6.446942 4.197595 2.181113 0.195395 -1.683758 -3.708049 -5.586498 -7.504703 -9.244436 -11.127914 -12.883904 -14.724231 -16.487403 -18.243186 -20.008427 -21.731823 -23.437843 -25.071074 -26.654286 -28.180926 -29.658228 -31.078052 -32.422241 -33.685712 -34.855468 -35.946340 -36.939586 -37.838312 -38.634752 -39.330926 -39.928909 -40.433195 -40.848695 -41.178196 -41.423646 -41.586449
0.267456 0.342842 0.358023 0.372960 0.388904 0.404767 0.419312 0.433798 0.449192 0.468526 0.486726 0.502379 0.516986 0.531475 0.545960 0.560617 0.580251 0.597752 0.612279 0.626827 0.641412 0.657172 0.674623 0.691172 0.707604 0.724493 0.739017 0.753746 0.772597 0.790627 0.806551 0.821232 0.836810 0.852779 0.874088 0.888884 0.904658 0.919724 0.939901 0.954406 0.973483 0.994481 1.014887 1.032768 1.047571 1.062631 1.078672 1.101580 1.117434 1.137399 1.152217 1.170889 1.188443 1.203031 1.221637 1.239918 1.256938 1.271513 1.287536 1.307151 1.325087 1.342978 1.357449 1.372247 1.391333 1.406425 1.420932 1.435473 1.450176 1.465826 1.481145 1.495675 1.510195 1.524763 1.539292 1.553857 1.568387 1.583009 1.597604 1.612195 1.626687 1.641229 1.655814 1.670363 1.684939 1.699530 1.715853 1.733512 1.748437 1.763261 1.778961 1.793572 1.809262 1.825127 1.840822 1.857286 1.871920 1.887581 1.902724 1.919118 1.937225 1.952074 1.966944 1.983357 1.998277 2.014496 2.029833 2.044346 2.058831 2.073525 2.092873 2.113201 2.128270 2.142800 2.157365 2.171869 2.186850 2.201614 2.216360 2.230975 2.245602 2.260395 2.276810 2.292744 2.308539 2.323816 2.338932 2.355499 2.371499 2.388359 2.403851 2.418363 2.432928 2.447487 2.462009 2.477014 2.491649 2.506295 2.520931 2.537589 2.555510 2.570535 2.585621 2.600296 2.614868 2.629568 2.644459 2.659429 2.675403 2.690108 2.704756
Elapsed_time: 2.704756
Score: -41.586449
151
476.649409 349.383226 310.517770 284.099990 262.126401 244.441444 227.603234 214.009119 201.936344 192.714487 182.638693 175.727011 167.498236 161.246448 155.090246 149.511426 143.634435 138.654283 133.096335 128.587676 123.548496 119.266562 115.209141 111.626274 107.835568 104.264465 100.381157 97.994963 94.732811 92.461126 89.525432 87.564369 84.773047 82.865722 80.364667 78.543979 75.670435 73.587968 70.648638 68.703411 66.298109 64.405831 61.798383 59.765780 57.195727 54.881381 52.469973 50.738928 48.252929 46.634572 44.421604 42.759055 40.886753 39.172640 37.350467 35.605691 33.922034 32.136173 30.494402 28.579878 26.937355 25.255063 23.310486 21.890751 19.848251 18.345340 16.199292 14.622607 12.484562 11.067224 8.917073 7.309920 5.054410 3.386338 0.931506 -0.888913 -3.515012 -5.702184 -8.602471 -11.012541 -13.781915 -16.090658 -18.818850 -20.859665 -23.318480 -25.341678 -28.049781 -30.031766 -32.858736 -35.043029 -37.933798 -39.955492 -42.685081 -44.894076 -47.435420 -49.471617 -51.758241 -53.725106 -56.052416 -57.831324 -60.052467 -61.911540 -64.039705 -65.773008 -67.855005 -69.591118 -71.693615 -73.321175 -75.339946 -76.929316 -79.053256 -80.766542 -82.908960 -84.780761 -87.012748 -89.005550 -91.175206 -93.328219 -95.358567 -97.466560 -99.578245 -101.601473 -103.585645 -105.535058 -107.483544 -109.371152 -111.243810 -113.051611 -114.818388 -116.527093 -118.228711 -119.868459 -121.479502 -122.999300 -124.492859 -125.903307 -127.268502 -128.546345 -129.764169 -130.890639 -131.938372 -132.892892 -133.759783 -134.532391 -135.211028 -135.798485 -136.295628 -136.706262 -137.033274 -137.277661 -137.440025
0.267584 0.339727 0.357745 0.373464 0.388047 0.402575 0.417114 0.433071 0.448153 0.465285 0.482478 0.500807 0.516965 0.531761 0.546667 0.561244 0.575840 0.590737 0.605263 0.619788 0.634314 0.648816 0.663401 0.680073 0.698431 0.715283 0.731293 0.748236 0.764078 0.779608 0.794890 0.809370 0.823944 0.842818 0.861809 0.879317 0.894553 0.909363 0.927960 0.944032 0.958571 0.973136 0.987732 1.002765 1.018740 1.036778 1.051738 1.066309 1.080780 1.095346 1.109939 1.125101 1.139666 1.157695 1.172251 1.186966 1.203469 1.218275 1.232910 1.250507 1.265068 1.279788 1.297460 1.311969 1.326735 1.347000 1.364335 1.379962 1.397218 1.412038 1.426940 1.442531 1.458077 1.474146 1.489160 1.506162 1.520930 1.536390 1.551618 1.566291 1.580864 1.595362 1.610172 1.624868 1.639461 1.653985 1.668764 1.683882 1.698465 1.712968 1.727476 1.744202 1.761684 1.777094 1.792157 1.810042 1.827024 1.841622 1.856660 1.873510 1.888176 1.904326 1.919148 1.934010 1.948710 1.963919 1.980439 1.995848 2.010913 2.027281 2.043008 2.058419 2.073455 2.088038 2.102520 2.117012 2.131681 2.148649 2.163211 2.177779 2.192328 2.207214 2.223631 2.239688 2.255948 2.270705 2.286159 2.302560 2.318963 2.336537 2.351049 2.365644 2.380185 2.396597 2.416301 2.433434 2.450311 2.466439 2.481183 2.497403 2.513700 2.528195 2.542666 2.557212 2.571749 2.586249 2.602934 2.624932 2.641756 2.658660 2.674336
Elapsed_time: 2.674336
Score: -137.440025
151
446.347178 323.224578 289.631323 267.734554 250.105831 235.206686 219.341834 208.198166 196.732744 188.131609 177.894315 170.178423 162.056496 155.616938 148.750563 142.730385 136.213845 130.613688 125.448852 120.452330 115.692283 111.385638 107.035950 102.534951 98.051100 94.057057 89.685122 86.132296 81.892076 78.472238 74.342928 70.990606 67.720512 64.339375 61.051715 57.916284 54.725380 51.741626 48.551616 45.738427 42.697469 39.925744 37.024717 34.228355 31.652476 28.885236 26.215800 23.258312 20.813542 17.817150 15.684541 12.799046 10.409409 7.728760 5.459907 2.877494 0.705431 -1.672851 -3.678431 -6.121207 -7.787382 -10.516814 -11.987974 -14.389626 -15.799510 -18.156960 -19.733665 -21.908994 -23.601331 -25.708511 -27.470525 -29.507638 -31.149515 -33.413947 -34.931715 -37.276573 -38.754850 -41.131366 -42.917816 -45.321162 -47.136679 -49.548865 -51.354785 -53.884047 -55.397090 -58.040419 -59.503169 -61.961346 -63.434372 -65.856499 -67.240239 -69.397266 -70.895070 -72.866583 -74.264911 -76.174095 -77.478709 -79.339595 -80.663716 -82.548327 -83.944985 -85.834017 -87.518958 -89.420612 -91.163407 -93.262360 -95.011658 -97.142957 -98.852608 -100.872702 -102.529775 -104.493671 -106.092045 -107.977208 -109.574253 -111.504978 -113.013242 -114.759487 -116.405208 -118.091940 -119.661409 -121.332750 -122.919409 -124.530434 -126.120689 -127.668085 -129.240337 -130.769231 -132.265446 -133.746182 -135.165133 -136.578944 -137.927760 -139.268289 -140.545756 -141.788998 -142.965720 -144.103453 -145.183300 -146.203385 -147.155752 -148.038857 -148.841395 -149.563842 -150.201872 -150.752749 -151.217761 -151.600207 -151.903231 -152.129135 -152.279143
0.275419 0.345876 0.360823 0.375419 0.389998 0.404510 0.422150 0.441849 0.456340 0.470990 0.485556 0.500313 0.514869 0.529471 0.544110 0.559323 0.576047 0.594777 0.609272 0.623766 0.638257 0.652791 0.667389 0.681986 0.702468 0.719708 0.735250 0.750520 0.765467 0.780500 0.796520 0.811052 0.825615 0.842238 0.860520 0.876230 0.890768 0.905275 0.919744 0.934621 0.950312 0.965459 0.981332 0.996996 1.012149 1.026764 1.041347 1.056035 1.070738 1.085376 1.100377 1.115819 1.131770 1.146274 1.161113 1.181668 1.200924 1.216990 1.233224 1.249559 1.265397 1.281190 1.296877 1.311438 1.326053 1.340853 1.360240 1.377988 1.393047 1.408204 1.424053 1.438829 1.454226 1.469854 1.484860 1.499906 1.515188 1.531082 1.545635 1.560191 1.574951 1.591698 1.607671 1.622732 1.637668 1.657251 1.675283 1.690216 1.706288 1.721179 1.740293 1.754830 1.769391 1.783897 1.801863 1.818085 1.832549 1.851304 1.868592 1.883193 1.897767 1.914120 1.933236 1.950715 1.970533 1.985295 2.000635 2.015474 2.032192 2.049341 2.064437 2.079525 2.094207 2.109657 2.124762 2.140154 2.154838 2.170122 2.184779 2.201547 2.216147 2.232585 2.247162 2.263129 2.277706 2.292440 2.312865 2.330397 2.345121 2.359706 2.374328 2.390067 2.405219 2.419756 2.434266 2.448829 2.463409 2.478944 2.499270 2.514254 2.529558 2.544087 2.558647 2.573122 2.587971 2.608363 2.625721 2.640300 2.654906 2.669540 2.684949
Elapsed_time: 2.684949
Score: -152.279143
151
503.304262 378.481361 337.850589 312.266017 292.578533 274.133655 259.937539 247.387855 236.369820 226.953547 217.207934 210.127999 201.998188 195.364526 189.115321 183.802677 178.627012 174.243423 169.821456 166.386384 162.841106 159.844918 156.265358 153.476713 150.303648 147.742890 145.197946 142.948964 140.525130 138.306829 136.150379 134.307472 132.375516 130.807243 128.747758 127.510671 125.527445 124.214573 122.054219 120.727282 118.735933 117.180377 114.829965 113.827432 111.767252 111.017090 108.972658 108.025282 106.025568 105.371807 103.520843 102.900675 101.328827 100.963551 99.288510 98.829360 97.103933 96.511145 94.599730 94.069350 92.375423 91.747772 90.104666 89.433313 87.852855 87.065826 85.829010 85.066295 83.936604 83.194589 82.297872 81.303862 80.382362 79.340154 78.288251 76.924804 76.067438 74.632121 73.383705 71.655066 70.124945 68.558454 66.770969 65.105734 63.347992 61.913768 59.900334 58.578107 56.557775 54.970251 52.830814 50.930837 48.890878 46.911003 44.921680 43.083098 41.260470 39.518038 37.785848 36.013032 34.489548 32.700577 31.239057 29.223664 27.489809 25.510541 23.876481 21.984325 20.441438 18.722050 17.143287 15.253645 13.602173 11.638000 9.819129 7.852228 5.997262 3.889511 1.929329 -0.144822 -2.289155 -4.305077 -6.393195 -8.364091 -10.327007 -12.200772 -14.138281 -16.030913 -17.920428 -19.806372 -21.642322 -23.438746 -25.183022 -26.871981 -28.485367 -30.053259 -31.538737 -32.950498 -34.272295 -35.508866 -36.645516 -37.696001 -38.650644 -39.507857 -40.264956 -40.923192 -41.482739 -41.943220 -42.312576 -42.587451 -42.770031
0.287252 0.360225 0.376895 0.391692 0.413217 0.427781 0.442277 0.456808 0.472010 0.486520 0.501057 0.516145 0.531920 0.546453 0.560934 0.575465 0.590643 0.605926 0.621031 0.635573 0.650046 0.664537 0.679076 0.693610 0.708093 0.722586 0.737071 0.751611 0.766168 0.780680 0.795279 0.810116 0.829674 0.847202 0.869244 0.884824 0.900969 0.916468 0.931544 0.946535 0.961289 0.976106 0.991498 1.006458 1.021869 1.036628 1.051302 1.065892 1.080460 1.095716 1.112260 1.131454 1.146016 1.163811 1.179791 1.198518 1.213910 1.230068 1.250242 1.270146 1.289275 1.310728 1.325517 1.340227 1.362231 1.376882 1.396062 1.411179 1.427098 1.446846 1.461639 1.476559 1.492429 1.507287 1.521992 1.536779 1.551894 1.566408 1.580976 1.595541 1.610539 1.625896 1.640793 1.655403 1.670130 1.684601 1.699111 1.715358 1.735824 1.752302 1.767146 1.783971 1.800737 1.818329 1.833258 1.853666 1.869214 1.884291 1.899885 1.914374 1.928861 1.943678 1.958469 1.973238 1.987976 2.002592 2.017383 2.033150 2.048084 2.064136 2.078926 2.093647 2.109216 2.125130 2.140753 2.156268 2.172163 2.188701 2.204060 2.218947 2.239485 2.254159 2.273946 2.291631 2.308231 2.324440 2.339409 2.354687 2.369611 2.396315 2.411198 2.425818 2.442144 2.461320 2.476038 2.492056 2.506613 2.521168 2.535673 2.550213 2.564781 2.579704 2.594903 2.609482 2.624011 2.638526 2.653034 2.667821 2.687503 2.702051 2.716614
Elapsed_time: 2.716614
Score: -42.770031
