5
151
12737.400673 9731.461972 2263.957829 1305.416486 1018.728900 926.214676 812.272811 746.526920 682.938079 597.057103 528.857744 479.792605 437.248971 400.162105 370.098131 342.872775 317.157550 294.814209 274.844068 258.863702 243.890929 229.094751 214.741399 201.719982 187.884380 172.877251 158.548208 144.816186 131.657122 120.735681 111.651899 101.184135 92.286087 83.476660 74.141175 64.647884 53.187574 42.331320 31.837728 21.296194 11.178907 1.765315 -7.606591 -14.969855 -22.232153 -29.132497 -35.598759 -42.546255 -49.385907 -55.866620 -62.185197 -69.195704 -75.741363 -81.509775 -86.830287 -92.332771 -96.948034 -100.525402 -105.337162 -109.593482 -114.596349 -120.982474 -126.188506 -131.244984 -137.053187 -141.377357 -145.747807 -150.404229 -153.789712 -157.232954 -160.910071 -163.428264 -166.324250 -169.366848 -171.502572 -173.635131 -175.669182 -177.393180 -178.960143 -180.414841 -181.773378 -182.892075 -183.933558 -185.457330 -186.694646 -188.062755 -190.016646 -191.296003 -192.749938 -194.349037 -195.362195 -196.499254 -197.605686 -198.341156 -198.963605 -199.555805 -200.019206 -200.476955 -200.819497 -201.128930 -201.446238 -201.875723 -202.299238 -202.706062 -203.071538 -203.423109 -203.747580 -204.060234 -204.362042 -204.641493 -204.836147 -205.074094 -205.221029 -205.382676 -205.522466 -205.634466 -205.722799 -205.839146 -205.890877 -205.952510 -206.000926 -206.039176 -206.090640 -206.120598 -206.148841 -206.182274 -206.198658 -206.224302 -206.237264 -206.257619 -206.267241 -206.278781 -206.292727 -206.301339 -206.308638 -206.313359 -206.318980 -206.323706 -206.329210 -206.331989 -206.335205 -206.339059 -206.342435 -206.343961 -206.345775 -206.346997 -206.348266 -206.349455 -206.349984 -206.350860 -206.351540
0.000036 0.024761 0.036196 0.047457 0.058501 0.070129 0.083710 0.105516 0.116646 0.126606 0.137369 0.147369 0.157776 0.168799 0.178946 0.189089 0.199199 0.209306 0.219199 0.229173 0.239176 0.249091 0.258764 0.268948 0.278585 0.291477 0.302833 0.313234 0.325817 0.335369 0.344715 0.354566 0.364048 0.374103 0.383331 0.392424 0.401442 0.410372 0.419356 0.428231 0.437044 0.445788 0.454480 0.463068 0.471809 0.480487 0.489128 0.497729 0.506445 0.515016 0.523837 0.533001 0.541755 0.550338 0.559123 0.567937 0.576501 0.585065 0.593785 0.602321 0.610872 0.619305 0.627960 0.636469 0.645172 0.653675 0.662322 0.671865 0.680274 0.689930 0.699109 0.707948 0.716326 0.725268 0.733708 0.742472 0.750981 0.759335 0.768709 0.777306 0.786868 0.795154 0.804371 0.812723 0.822270 0.831650 0.843822 0.854585 0.863004 0.871601 0.880129 0.888448 0.896974 0.905908 0.914264 0.922816 0.931190 0.939938 0.948236 0.956586 0.965149 0.976489 0.985584 0.994061 1.002489 1.010924 1.019880 1.028348 1.037146 1.045539 1.054263 1.062693 1.071858 1.080249 1.089039 1.097410 1.114266 1.122572 1.131150 1.139425 1.147764 1.156339 1.164939 1.173430 1.181747 1.190568 1.199042 1.209756 1.219029 1.228084 1.236802 1.245583 1.253916 1.262435 1.271021 1.279580 1.287966 1.296474 1.304851 1.313297 1.321665 1.329998 1.338932 1.347497 1.356440 1.365369 1.374262 1.382870 1.391361 1.399850 1.408436
Elapsed_time: 1.408436
Score: -206.351540
151
12993.952854 9942.203990 2279.530958 1318.134606 1036.391719 941.842677 812.230354 766.357180 677.921900 612.870248 531.670967 475.579704 440.994439 401.809113 367.972304 336.929929 310.969708 288.613843 265.445955 241.797432 218.630584 197.964529 181.317787 166.395349 151.778809 139.442614 127.965403 117.057493 106.765378 96.984892 87.802618 78.912615 69.933172 60.622781 50.932002 42.209523 33.364531 22.869919 13.534598 4.555181 -4.439154 -13.367665 -22.812391 -31.288741 -39.072363 -45.478149 -51.927593 -58.938887 -64.002002 -68.656414 -73.973014 -77.290805 -80.262179 -84.318914 -86.685267 -89.250241 -92.491303 -94.374962 -96.427252 -98.920028 -100.292204 -101.416187 -103.175596 -104.163302 -105.161583 -106.426384 -107.216177 -107.930050 -108.828086 -109.452596 -110.093545 -111.295181 -112.057519 -112.973401 -113.979804 -114.951574 -116.656652 -118.242418 -120.267736 -122.879185 -124.788834 -127.145497 -129.511065 -131.609916 -133.541148 -136.661233 -139.775196 -143.196826 -147.926500 -151.355001 -155.136469 -159.528909 -162.994536 -166.659158 -169.648591 -171.845417 -173.481087 -175.636822 -177.244446 -178.822677 -180.379008 -181.590477 -182.992702 -184.220405 -185.209445 -186.332474 -187.388076 -188.585803 -190.128642 -191.250513 -192.505187 -193.939038 -195.016898 -196.312245 -197.415904 -198.455574 -199.492248 -200.542424 -201.531614 -202.298735 -202.824075 -203.251436 -203.514352 -203.711950 -203.900973 -204.062993 -204.235062 -204.394973 -204.555952 -204.719268 -204.868141 -205.007765 -205.128896 -205.249260 -205.362797 -205.459954 -205.562332 -205.654462 -205.736115 -205.800204 -205.877340 -205.922808 -205.976544 -206.011238 -206.047036 -206.069205 -206.124948 -206.143856 -206.168181 -206.189103 -206.210865
0.000036 0.024220 0.035643 0.047223 0.058371 0.069705 0.080523 0.091875 0.102333 0.113172 0.124365 0.134902 0.145247 0.155654 0.166357 0.177221 0.188092 0.199968 0.210756 0.222636 0.234766 0.244566 0.255968 0.265657 0.275363 0.285961 0.296097 0.306976 0.316851 0.327316 0.337217 0.347184 0.356292 0.366528 0.376311 0.385697 0.394841 0.404962 0.413847 0.422651 0.431406 0.440714 0.450299 0.459009 0.468107 0.476803 0.485852 0.494475 0.503674 0.512267 0.521006 0.529521 0.538229 0.546894 0.555821 0.564356 0.572934 0.581503 0.590212 0.598863 0.607471 0.616272 0.625198 0.634166 0.642998 0.651689 0.660199 0.668692 0.677985 0.686529 0.696183 0.705140 0.717884 0.728359 0.737118 0.745643 0.754372 0.762784 0.771487 0.780090 0.789189 0.797653 0.806372 0.815004 0.826374 0.835016 0.843337 0.852673 0.862189 0.874288 0.883148 0.891539 0.900075 0.908446 0.917153 0.925433 0.934776 0.944541 0.955017 0.964657 0.973033 0.981460 0.989810 0.998085 1.006747 1.015582 1.026640 1.035327 1.043713 1.052013 1.060378 1.068834 1.077381 1.091972 1.101642 1.112889 1.126530 1.137635 1.146493 1.155088 1.163703 1.173949 1.187243 1.202168 1.213821 1.222569 1.233889 1.242855 1.253753 1.264633 1.277841 1.291002 1.301143 1.312557 1.322950 1.331327 1.339916 1.350907 1.359446 1.368129 1.377351 1.388001 1.397292 1.405669 1.414213 1.422528 1.430983 1.439640 1.448893 1.457914 1.469750
Elapsed_time: 1.469750
Score: -206.210865
151
13867.877349 10660.689987 2392.649620 1346.416619 1038.258996 944.920361 829.711367 766.411143 713.133883 643.523863 586.949044 544.993933 504.059603 464.715369 425.663311 387.074296 349.791929 317.102986 288.409114 264.833564 246.457362 230.158570 215.258427 201.225716 185.729142 167.937620 150.330307 133.789678 118.044448 104.288848 91.359592 78.057775 66.456687 55.259861 44.480720 31.486073 19.570733 8.373043 -3.154385 -13.269709 -23.939332 -34.377324 -43.007099 -51.146683 -60.598956 -69.421588 -78.349319 -88.808150 -98.410816 -106.736135 -113.840106 -119.603761 -124.629770 -129.557127 -133.736920 -137.518682 -140.902457 -144.171569 -147.463475 -150.809884 -154.508248 -157.939613 -161.595422 -165.922780 -169.482646 -173.207994 -177.370668 -180.532793 -183.330778 -185.685790 -187.170599 -188.459892 -189.588768 -190.576154 -191.554863 -192.355719 -193.281109 -193.994704 -194.735580 -195.560220 -196.142193 -196.794843 -197.508466 -198.025317 -198.504381 -199.308295 -199.704761 -200.105898 -200.680913 -201.055278 -201.489385 -202.093100 -202.378571 -202.847205 -203.006962 -203.599816 -203.849258 -204.130726 -204.508492 -204.691768 -204.934512 -205.090160 -205.264285 -205.393169 -205.497292 -205.619197 -205.699227 -205.817546 -205.895990 -205.952804 -206.019022 -206.071779 -206.124035 -206.159186 -206.191126 -206.218096 -206.239915 -206.259667 -206.274445 -206.288025 -206.298053 -206.305284 -206.315058 -206.320068 -206.326850 -206.330489 -206.334905 -206.336352 -206.341525 -206.343174 -206.344896 -206.347130 -206.348311 -206.349788 -206.350780 -206.352209 -206.352859 -206.353609 -206.354380 -206.354781 -206.355197 -206.355501 -206.355745 -206.355952 -206.356180 -206.356287 -206.356406 -206.356516 -206.356673 -206.356737 -206.356810
0.000055 0.026986 0.039916 0.051144 0.064389 0.077128 0.087823 0.110296 0.120857 0.132713 0.142678 0.152675 0.163408 0.173459 0.184735 0.196338 0.207532 0.219143 0.230190 0.241093 0.252212 0.262505 0.273482 0.283690 0.294132 0.303656 0.313429 0.322971 0.332234 0.342681 0.353457 0.366322 0.379508 0.389742 0.403581 0.413610 0.424535 0.433403 0.442130 0.450833 0.459661 0.468291 0.476876 0.485444 0.493942 0.502406 0.510870 0.519644 0.528081 0.538518 0.549814 0.564521 0.578875 0.590369 0.601589 0.616900 0.634511 0.648876 0.660751 0.670797 0.679127 0.687445 0.696138 0.704949 0.717169 0.726570 0.735099 0.744459 0.752954 0.761903 0.770587 0.779006 0.788310 0.797299 0.808075 0.817181 0.825979 0.834728 0.843391 0.852402 0.862651 0.875372 0.888874 0.899185 0.907633 0.916769 0.925116 0.934085 0.942761 0.951353 0.959899 0.968597 0.977207 0.985774 0.994141 1.002686 1.011215 1.020898 1.029250 1.045966 1.054612 1.062970 1.072311 1.080638 1.090684 1.102228 1.115866 1.126105 1.134983 1.145716 1.155798 1.166144 1.175211 1.183832 1.192314 1.201006 1.210665 1.220214 1.229183 1.238807 1.247295 1.256659 1.265196 1.274249 1.282801 1.292105 1.300680 1.310026 1.319832 1.328258 1.336763 1.345174 1.361899 1.370313 1.378755 1.387163 1.403860 1.412249 1.420667 1.429128 1.437515 1.446179 1.454794 1.463212 1.471650 1.480369 1.488775 1.497193 1.505735 1.514242 1.522737
Elapsed_time: 1.522737
Score: -206.356810
151
13720.098488 10569.193072 2374.487512 1335.074217 1025.196705 928.898019 816.875233 752.538954 698.686207 630.915668 575.790989 536.937199 502.103314 467.801029 435.632219 405.672421 376.552289 351.212691 327.706139 305.841841 287.759722 270.750100 254.036587 238.163092 223.531984 208.905765 195.389651 182.821352 170.734352 159.664730 148.677410 137.151192 124.647555 113.184706 102.067302 91.486678 82.618080 73.638441 63.343434 52.796610 41.564164 29.299089 16.866347 3.698788 -10.852185 -24.760624 -38.350817 -51.874315 -62.466178 -71.998786 -80.516190 -86.875310 -93.151547 -100.101099 -105.856880 -111.774069 -116.675320 -121.221609 -125.803182 -130.439612 -134.853261 -139.578960 -144.598273 -149.768736 -154.619836 -158.838348 -162.700549 -165.888611 -168.335716 -170.478941 -172.837083 -175.081242 -177.117325 -179.529658 -181.172630 -182.563285 -184.238211 -185.404894 -186.947063 -188.192816 -189.348785 -190.437517 -191.675396 -192.648953 -193.957025 -195.004125 -195.884023 -196.789976 -197.639535 -198.290411 -198.923382 -199.510625 -200.013702 -200.570320 -201.113046 -201.567982 -201.936176 -202.213127 -202.494507 -202.710791 -202.923400 -203.124808 -203.263625 -203.406395 -203.601396 -203.716593 -203.834620 -204.016670 -204.153082 -204.247597 -204.494499 -204.580483 -204.712050 -204.856330 -205.008442 -205.112789 -205.238015 -205.348962 -205.480994 -205.583956 -205.657648 -205.730973 -205.798902 -205.861496 -205.908951 -205.957745 -206.002990 -206.045408 -206.079799 -206.110069 -206.134493 -206.165430 -206.182871 -206.208616 -206.229113 -206.246573 -206.264727 -206.275960 -206.292555 -206.303206 -206.314372 -206.321083 -206.327280 -206.332373 -206.336365 -206.339601 -206.342264 -206.343042 -206.346628 -206.347349 -206.348628
0.000035 0.023434 0.035520 0.047876 0.059020 0.072565 0.086515 0.107986 0.119946 0.137475 0.157505 0.169016 0.179153 0.189308 0.199910 0.210484 0.220784 0.231030 0.241487 0.251573 0.261809 0.271717 0.281634 0.291586 0.301208 0.311297 0.320817 0.330507 0.339911 0.349387 0.358770 0.368052 0.377373 0.386555 0.395711 0.404857 0.413880 0.422845 0.433618 0.445527 0.454681 0.463490 0.472196 0.481022 0.490684 0.500997 0.510037 0.518745 0.527354 0.535938 0.544756 0.554072 0.567752 0.580798 0.590043 0.603007 0.612734 0.621251 0.629867 0.638367 0.647493 0.655950 0.664873 0.673420 0.681801 0.690212 0.698575 0.706941 0.715231 0.723915 0.732407 0.740735 0.749011 0.757990 0.766530 0.778273 0.791325 0.804914 0.814250 0.824046 0.832380 0.840785 0.849085 0.857405 0.865694 0.874047 0.882296 0.890550 0.898814 0.907427 0.915812 0.924331 0.932675 0.941374 0.949814 0.958572 0.967098 0.975702 0.984048 0.993009 1.001834 1.013188 1.021485 1.030036 1.038470 1.046824 1.055103 1.063388 1.072029 1.080961 1.089352 1.097674 1.106468 1.116095 1.124668 1.133057 1.141486 1.149935 1.158450 1.166822 1.175414 1.183770 1.192391 1.201885 1.211124 1.222850 1.235285 1.243894 1.252301 1.261357 1.281539 1.290084 1.298927 1.311684 1.320974 1.329327 1.338132 1.349638 1.365641 1.379328 1.394637 1.407783 1.420639 1.434818 1.443606 1.451986 1.460830 1.471030 1.480355 1.488791 1.497263
Elapsed_time: 1.497263
Score: -206.348628
151
14168.562457 10924.290160 2429.046988 1359.448738 1048.034400 951.718476 826.909542 759.201970 703.998013 628.239810 563.509240 521.230101 487.453814 455.832024 428.222952 401.688725 376.735483 353.489273 332.921441 314.281789 296.817779 278.549525 257.519142 235.067817 211.191012 182.742279 155.845798 129.596303 102.854490 83.214474 64.789946 47.282600 30.473976 15.636156 1.750124 -11.431485 -23.425217 -35.490049 -46.771014 -54.885970 -62.085620 -70.010511 -76.231685 -81.961856 -87.367763 -92.595893 -98.089672 -104.091158 -110.135726 -115.522337 -121.293527 -127.921050 -134.399210 -140.321801 -146.460649 -151.233335 -154.946158 -158.941429 -162.179975 -165.390512 -168.295067 -171.195075 -174.239619 -177.144875 -179.774890 -181.997333 -184.221932 -186.009642 -187.502321 -188.848755 -190.667134 -191.696022 -192.825375 -193.729288 -194.547897 -195.362820 -196.299419 -196.893005 -197.519734 -198.041991 -198.587340 -199.022723 -199.369276 -199.648273 -200.054121 -200.235541 -200.559610 -200.734960 -201.092073 -201.284580 -201.484658 -201.824670 -202.023452 -202.385436 -202.693138 -203.048052 -203.380480 -203.702289 -204.145316 -204.405783 -204.625032 -204.973169 -205.125090 -205.262029 -205.488001 -205.582924 -205.668241 -205.791839 -205.836496 -205.883202 -205.968763 -206.002940 -206.032779 -206.092016 -206.125504 -206.155839 -206.200807 -206.224123 -206.245994 -206.262435 -206.273974 -206.289340 -206.297474 -206.305623 -206.315056 -206.319803 -206.326021 -206.330512 -206.332783 -206.336050 -206.338355 -206.340796 -206.342570 -206.343969 -206.345574 -206.347232 -206.347982 -206.348882 -206.349525 -206.350356 -206.350910 -206.351352 -206.352030 -206.352539 -206.352847 -206.353207 -206.353534 -206.353968 -206.354301 -206.354616 -206.354851
0.000037 0.026953 0.038464 0.049893 0.061346 0.076311 0.087033 0.108366 0.119099 0.129565 0.139674 0.149630 0.159645 0.169863 0.180044 0.190342 0.200309 0.210413 0.220981 0.230977 0.240971 0.250944 0.260659 0.270505 0.280150 0.290701 0.300193 0.309652 0.321611 0.331012 0.340309 0.349469 0.358967 0.368448 0.378032 0.387081 0.395915 0.404785 0.413783 0.423250 0.432477 0.441251 0.450677 0.460175 0.469101 0.478112 0.486745 0.495281 0.504856 0.514456 0.523227 0.533035 0.546488 0.555322 0.563719 0.572199 0.581319 0.590530 0.600898 0.609746 0.618853 0.627928 0.637165 0.646426 0.655286 0.665401 0.675212 0.684708 0.694517 0.702960 0.712378 0.721820 0.731430 0.739798 0.748356 0.756996 0.765471 0.775008 0.783762 0.792251 0.800740 0.810020 0.818860 0.827325 0.836165 0.845237 0.853577 0.862542 0.871466 0.882274 0.890895 0.899306 0.916085 0.924857 0.933993 0.942737 0.951175 0.960234 0.970171 0.978677 0.987893 0.996773 1.005653 1.014768 1.025427 1.034648 1.043850 1.052401 1.061705 1.070534 1.079604 1.088178 1.096769 1.105173 1.114608 1.134568 1.144095 1.153750 1.162727 1.172018 1.180395 1.189341 1.198239 1.207012 1.217205 1.225953 1.235732 1.244525 1.253871 1.268471 1.276988 1.285954 1.295432 1.303972 1.313336 1.322120 1.330439 1.338985 1.347935 1.361460 1.370767 1.381283 1.392323 1.400971 1.411444 1.422812 1.435483 1.446139 1.454811 1.463150 1.473804
Elapsed_time: 1.473804
Score: -206.354851
