5
151
17125.966151 13423.722682 2995.057758 1665.328225 1265.154386 1144.248931 1008.109456 955.066211 848.862621 782.003756 685.773291 616.446645 569.720980 513.242166 465.720261 421.837647 381.982895 352.121764 323.494154 292.187665 261.631287 236.869737 212.884223 200.337937 184.698200 171.934499 159.597399 147.615604 138.205063 128.130616 118.755589 111.202871 102.876143 101.563608 90.048789 81.544595 71.290228 64.699959 55.712872 47.650556 40.549491 33.054222 24.365324 17.080147 7.652285 -1.080305 -11.237684 -21.440143 -29.823564 -39.183657 -49.165890 -58.000602 -68.529265 -78.459441 -88.291785 -96.172376 -102.444489 -109.358611 -116.294241 -122.578389 -128.420315 -134.696319 -140.637382 -145.779190 -149.574278 -155.184691 -158.773544 -162.912662 -166.888780 -170.232697 -174.119775 -178.850647 -182.473216 -186.918476 -194.260006 -198.675092 -205.480209 -210.538149 -215.942104 -223.077597 -229.708224 -235.425870 -240.958962 -245.667297 -250.546591 -256.051537 -260.327801 -264.447290 -268.373418 -271.534490 -274.767174 -278.582283 -281.246246 -283.646642 -286.506973 -288.662288 -290.926477 -293.098529 -294.677270 -296.076378 -297.498901 -298.549873 -299.551021 -300.693716 -301.550718 -302.394944 -303.374276 -304.113241 -304.890581 -305.788641 -306.512168 -307.245435 -308.169843 -308.746132 -309.349570 -310.088907 -310.677312 -311.584647 -312.182796 -312.616006 -313.260091 -313.741305 -314.193033 -314.607559 -314.956206 -315.339276 -315.838349 -316.255087 -316.628869 -316.985659 -317.318711 -317.615562 -317.934881 -318.182761 -318.433386 -318.662930 -318.823180 -318.981581 -319.092172 -319.182137 -319.299159 -319.368756 -319.464435 -319.511235 -319.570998 -319.627911 -319.700081 -319.732999 -319.776403 -319.812595 -319.853987
0.000043 0.035922 0.053461 0.070390 0.087079 0.103516 0.120970 0.139893 0.159377 0.178973 0.196376 0.212857 0.228026 0.243895 0.261978 0.277299 0.296897 0.311674 0.326219 0.340546 0.354860 0.368961 0.383130 0.398678 0.416954 0.435414 0.452888 0.468294 0.487611 0.505347 0.522031 0.537298 0.552018 0.568302 0.582248 0.597629 0.612427 0.625694 0.639033 0.654542 0.672789 0.690680 0.708497 0.724757 0.737969 0.753444 0.767696 0.781723 0.797102 0.810871 0.824282 0.837339 0.853561 0.866245 0.878901 0.891618 0.904214 0.917335 0.931415 0.948394 0.960964 0.973482 0.985892 0.998545 1.013738 1.026145 1.038579 1.050966 1.063384 1.076330 1.093400 1.108771 1.121363 1.134028 1.147598 1.161311 1.178092 1.195799 1.209261 1.226442 1.238682 1.251019 1.263221 1.275470 1.287635 1.299769 1.312298 1.326872 1.343734 1.360110 1.372379 1.384534 1.396768 1.408963 1.421151 1.433340 1.445575 1.457890 1.470237 1.482610 1.495696 1.509142 1.523675 1.538839 1.552472 1.565965 1.581277 1.593761 1.606315 1.618786 1.631763 1.644242 1.656459 1.668725 1.681019 1.693265 1.705496 1.717776 1.730075 1.742958 1.755513 1.767695 1.779833 1.792213 1.805018 1.817202 1.829304 1.841423 1.853524 1.865652 1.877826 1.889912 1.902056 1.914192 1.926462 1.939904 1.952178 1.967581 1.979792 1.993585 2.006377 2.018823 2.030972 2.043052 2.055711 2.072694 2.089661 2.103801 2.120038 2.132118 2.144384
Elapsed_time: 2.144384
Score: -319.853987
151
16520.928974 12936.527358 2903.187207 1646.423194 1271.804456 1154.563403 1014.667759 954.737574 854.487176 784.229973 701.109026 629.121116 582.665937 518.923582 473.070828 430.357168 389.519119 350.463696 318.034611 287.218335 256.922767 230.801991 205.016533 179.891483 154.033623 137.813553 121.286323 107.252309 93.563629 77.669970 64.955575 53.912214 44.647466 34.475604 25.206292 16.464112 9.998209 3.609987 -3.489917 -10.020903 -14.772248 -20.192379 -25.293766 -30.470628 -36.269188 -40.516511 -46.364059 -54.338991 -58.390036 -62.628386 -68.282595 -73.425299 -81.566476 -89.101005 -96.100817 -103.299266 -108.492183 -113.561116 -118.512185 -122.159850 -125.763420 -129.464473 -131.970350 -134.158568 -136.162675 -137.916042 -139.713597 -141.409437 -143.671936 -145.518861 -147.488487 -149.782591 -151.734515 -154.680309 -157.717830 -161.388946 -165.416214 -169.577130 -174.210930 -178.838971 -183.232316 -187.887802 -192.636406 -196.910510 -200.667005 -204.552163 -207.975637 -211.263912 -214.148783 -216.789593 -218.880106 -220.906083 -223.125053 -224.833659 -226.163770 -227.398630 -228.510894 -229.464634 -230.157410 -230.798929 -231.424136 -231.938192 -232.419009 -232.837019 -233.323315 -233.817897 -234.305997 -234.785327 -235.233889 -235.594258 -235.887949 -236.181219 -236.437898 -236.662616 -236.836496 -237.089918 -237.262058 -237.445432 -237.638364 -237.792339 -237.865522 -238.134611 -238.208983 -238.325253 -238.440029 -238.551499 -238.617933 -238.698610 -238.737893 -238.775897 -238.812317 -238.836309 -238.868539 -238.917681 -238.935531 -238.967453 -238.985886 -239.017982 -239.040857 -239.060443 -239.098288 -239.117265 -239.149830 -239.176929 -239.202790 -239.232558 -239.255293 -239.273577 -239.293151 -239.314395 -239.338320
0.000043 0.034164 0.050930 0.069731 0.086082 0.105573 0.121837 0.138927 0.155732 0.171052 0.187222 0.203672 0.218549 0.235177 0.253327 0.269862 0.286342 0.301691 0.318056 0.335373 0.350873 0.364799 0.379936 0.395095 0.409080 0.422654 0.436258 0.449763 0.464039 0.477699 0.492712 0.507707 0.521075 0.534962 0.548121 0.561582 0.574695 0.587795 0.601070 0.614247 0.627300 0.640671 0.654790 0.669140 0.683120 0.697420 0.710968 0.724296 0.737702 0.751174 0.763919 0.776797 0.789509 0.802241 0.814944 0.827617 0.840403 0.853848 0.866901 0.881030 0.895499 0.908138 0.922477 0.935022 0.947772 0.961187 0.978031 0.994303 1.007206 1.019857 1.033175 1.049208 1.061800 1.074310 1.086947 1.099466 1.112135 1.126428 1.140107 1.152606 1.165044 1.178417 1.192518 1.204863 1.218432 1.230731 1.243018 1.255386 1.267688 1.280025 1.292777 1.308907 1.325579 1.341123 1.355323 1.371528 1.384994 1.397305 1.409640 1.421886 1.434210 1.446565 1.458908 1.471209 1.483495 1.496287 1.510998 1.527151 1.539749 1.553439 1.566251 1.580871 1.596789 1.609817 1.622246 1.634825 1.648668 1.664307 1.676722 1.689105 1.702027 1.717733 1.730118 1.742421 1.754759 1.767023 1.779441 1.793467 1.808825 1.821430 1.834082 1.851297 1.867886 1.882520 1.894801 1.907284 1.920128 1.936073 1.948887 1.961503 1.974078 1.999645 2.011997 2.024307 2.036865 2.049425 2.062717 2.074945 2.087324 2.099561 2.111761
Elapsed_time: 2.111761
Score: -239.338320
151
18443.844903 14517.212967 3158.005375 1717.926163 1283.982298 1158.386724 1018.698305 919.076472 848.085581 750.893280 659.004755 598.952860 546.717490 490.768753 442.562831 399.266639 360.326982 324.119546 291.224957 262.519018 238.174489 217.282620 196.810054 177.076216 159.909218 145.115848 128.648192 115.177995 101.215897 85.967710 70.860439 57.651477 43.899802 32.313832 18.692524 3.727188 -10.761522 -23.944779 -36.177324 -48.398990 -57.981185 -66.633572 -74.060499 -81.400503 -88.104212 -93.878672 -99.307584 -104.995154 -110.505364 -116.023246 -121.441463 -126.488489 -130.819841 -134.982558 -139.149301 -142.549485 -145.775119 -149.312938 -151.939315 -154.348157 -157.503669 -160.365158 -161.712250 -165.565524 -169.140724 -172.737949 -177.074363 -177.688335 -181.038964 -183.545956 -186.965780 -191.442223 -197.184765 -201.021730 -205.466656 -211.634084 -216.423780 -221.413228 -225.620132 -229.923865 -233.673868 -237.196736 -240.625495 -243.929684 -247.477046 -250.447830 -253.347940 -255.869991 -258.626569 -260.934027 -262.967860 -265.184394 -267.209109 -268.893774 -270.606984 -272.572851 -274.879219 -276.930755 -279.299876 -281.589882 -283.848764 -285.981323 -288.128199 -290.534533 -292.739278 -294.776893 -296.952084 -298.994251 -300.600562 -302.062660 -303.411510 -304.969788 -306.475280 -307.709085 -308.917301 -310.154072 -311.180851 -312.088935 -312.961808 -313.481915 -313.948162 -314.529653 -314.929410 -315.425836 -315.818035 -316.151500 -316.439701 -316.736844 -316.983337 -317.182278 -317.383331 -317.575199 -317.743945 -317.898257 -318.081900 -318.235231 -318.376796 -318.518683 -318.634840 -318.789160 -318.876522 -318.952587 -319.022749 -319.095295 -319.164298 -319.220097 -319.271460 -319.323844 -319.382913 -319.442532 -319.487237
0.000042 0.040196 0.061788 0.078970 0.095997 0.114690 0.130409 0.164567 0.181094 0.196596 0.212710 0.228051 0.244239 0.260458 0.277349 0.292409 0.307424 0.322985 0.337585 0.352054 0.367228 0.382216 0.396293 0.411218 0.425979 0.440355 0.454044 0.467445 0.480904 0.494627 0.508267 0.523973 0.537115 0.550182 0.563261 0.576242 0.589355 0.602948 0.620101 0.637718 0.655382 0.669198 0.682040 0.696183 0.712013 0.724960 0.740157 0.753420 0.766948 0.781089 0.794057 0.806848 0.819448 0.832306 0.846481 0.861128 0.878969 0.895552 0.908247 0.921159 0.933979 0.946792 0.959588 0.972995 0.986043 0.999147 1.013692 1.038523 1.051104 1.064788 1.077414 1.091198 1.106354 1.119518 1.131936 1.145734 1.159692 1.172237 1.184723 1.197165 1.209896 1.222279 1.235509 1.247926 1.261161 1.274888 1.287168 1.299421 1.311869 1.325031 1.337563 1.351166 1.363638 1.375982 1.389369 1.402292 1.416927 1.430643 1.442884 1.455881 1.469173 1.481543 1.494079 1.506305 1.518667 1.531346 1.544229 1.556545 1.570437 1.586171 1.598895 1.611309 1.623906 1.636522 1.649177 1.661917 1.674696 1.691467 1.705669 1.720670 1.732795 1.745089 1.757164 1.769388 1.781612 1.793904 1.806600 1.820073 1.832663 1.845214 1.857435 1.869702 1.882191 1.897092 1.910604 1.925403 1.937689 1.949959 1.963173 1.975755 1.988531 2.001453 2.013803 2.025946 2.038145 2.050203 2.062268 2.074458 2.086681 2.098853 2.111089
Elapsed_time: 2.111089
Score: -319.487237
151
18252.185817 14372.349332 3122.055608 1698.879615 1267.946455 1141.820396 1013.841228 950.352239 847.406714 785.696080 703.468332 625.657263 582.594946 521.746470 471.719784 425.938084 378.469293 343.710694 311.594140 281.459034 248.303315 223.488981 200.612724 182.039225 164.028634 151.109314 135.427871 126.105935 117.108466 106.897847 96.660627 85.165548 76.565776 67.556825 57.493628 50.451844 43.523210 34.432647 28.005789 21.063137 13.070262 5.461905 -2.659215 -13.011578 -21.100601 -28.968809 -39.331267 -47.670041 -57.058842 -66.914352 -79.233823 -92.098541 -106.192154 -119.494159 -130.504607 -141.963330 -154.740106 -163.570537 -170.270367 -176.913987 -182.860069 -189.306187 -195.615431 -201.902667 -206.992464 -212.143863 -217.929568 -222.252544 -226.602896 -231.619975 -235.269736 -239.444975 -244.450572 -247.998605 -251.031096 -255.158747 -258.323657 -261.622161 -265.120075 -267.745137 -270.211745 -273.284283 -275.662813 -278.045071 -281.897545 -284.285472 -287.059407 -290.290768 -292.335219 -294.618454 -297.163123 -298.944474 -300.709785 -302.904829 -304.222521 -305.563008 -307.030073 -308.061084 -309.332256 -310.386319 -311.259479 -312.315464 -313.037847 -313.936355 -314.454138 -314.976975 -315.150710 -315.843781 -316.048096 -316.349527 -316.642138 -316.887593 -317.070496 -317.227433 -317.314001 -317.408312 -317.492126 -317.559687 -317.714147 -317.840989 -317.929752 -318.040745 -318.124773 -318.265978 -318.366526 -318.461548 -318.571120 -318.683850 -318.829307 -318.944238 -319.061714 -319.159425 -319.276025 -319.387833 -319.473302 -319.529967 -319.609899 -319.643193 -319.699806 -319.737045 -319.768830 -319.825554 -319.855448 -319.885883 -319.910281 -319.939505 -319.947202 -319.980381 -319.991808 -320.007675 -320.030269
0.000052 0.034531 0.051400 0.068090 0.084429 0.100672 0.117065 0.133225 0.148402 0.163429 0.179532 0.196210 0.211503 0.226672 0.241808 0.256631 0.271344 0.285970 0.302168 0.316900 0.331046 0.345043 0.358988 0.373070 0.389914 0.405570 0.419954 0.434408 0.448086 0.462530 0.477716 0.491180 0.504613 0.519003 0.533698 0.547638 0.561253 0.577654 0.592874 0.608207 0.621660 0.635507 0.648772 0.661909 0.675622 0.689517 0.702587 0.715516 0.728362 0.741273 0.754047 0.766949 0.781801 0.796057 0.809706 0.822804 0.835299 0.847924 0.860404 0.872919 0.885511 0.897895 0.910799 0.925014 0.940593 0.952956 0.965341 0.977655 0.989965 1.002325 1.014610 1.026958 1.039286 1.051861 1.066664 1.081476 1.094943 1.108098 1.121114 1.135284 1.148459 1.161687 1.174155 1.186404 1.198759 1.211214 1.223858 1.236850 1.249225 1.261637 1.274011 1.286503 1.300188 1.313235 1.326140 1.338424 1.350675 1.363795 1.376235 1.388867 1.401164 1.413499 1.425666 1.437916 1.452085 1.464302 1.477681 1.489904 1.502880 1.515495 1.528886 1.542513 1.554769 1.567170 1.579452 1.591584 1.605479 1.617770 1.630070 1.645231 1.657507 1.669912 1.683043 1.696337 1.708822 1.721176 1.733544 1.745944 1.758432 1.771105 1.783537 1.798127 1.810542 1.822730 1.835092 1.847300 1.861367 1.874685 1.888698 1.901467 1.914460 1.926867 1.951087 1.963327 1.975410 1.987557 1.999691 2.011836 2.023946 2.036131 2.048353
Elapsed_time: 2.048353
Score: -320.030269
151
18583.826798 14648.746496 3174.263573 1728.418252 1298.658505 1179.383558 1049.337539 962.147131 896.875502 808.054764 733.819184 681.399272 632.532717 579.161634 533.588584 492.750630 454.132784 423.114244 394.139552 365.731218 338.497404 312.833131 287.494632 262.911039 241.428015 219.178086 195.302035 175.604908 157.396297 137.105930 121.874065 108.184258 96.765716 87.151448 77.829246 69.784072 61.389532 52.487265 43.451504 35.612785 28.851049 22.065278 15.401712 8.980774 2.497616 -3.664165 -9.373549 -14.581427 -20.169210 -25.331895 -29.964142 -34.148600 -37.746906 -41.984123 -46.979006 -51.120270 -55.039770 -60.165248 -63.338381 -66.447851 -69.964251 -72.629253 -75.975817 -79.219504 -81.747961 -84.206444 -86.586215 -88.988349 -91.445929 -93.833924 -96.607835 -99.547321 -102.292284 -105.379087 -108.214621 -111.064631 -114.040318 -116.905023 -120.298896 -125.241764 -129.716153 -134.202136 -140.964810 -145.446384 -150.716438 -156.196813 -161.054561 -166.905180 -173.122272 -178.019355 -184.258376 -189.049463 -194.666148 -199.233202 -203.677757 -207.610678 -213.151858 -216.523907 -221.099137 -227.177584 -232.330837 -237.293202 -242.437693 -246.650306 -251.946155 -259.419141 -264.180619 -268.717516 -275.775371 -279.826633 -284.290038 -288.551778 -291.905132 -296.010692 -299.664269 -301.658985 -302.137478 -304.762441 -306.708887 -308.275110 -309.957846 -311.362161 -312.340104 -313.380621 -314.115077 -314.852018 -315.445497 -315.874543 -316.258864 -316.764338 -316.972794 -317.270262 -317.451121 -317.796253 -317.960442 -318.108278 -318.334689 -318.453518 -318.589064 -318.690102 -318.813099 -318.896745 -318.999554 -319.076357 -319.148056 -319.185381 -319.326484 -319.372715 -319.435614 -319.517111 -319.578474
0.000043 0.035621 0.055172 0.074635 0.092048 0.109468 0.126358 0.158944 0.174251 0.189716 0.205890 0.221013 0.237394 0.252655 0.268351 0.286145 0.301559 0.316541 0.331552 0.346870 0.361863 0.376881 0.391578 0.406004 0.420024 0.434661 0.452219 0.465981 0.479682 0.493268 0.506877 0.520554 0.534216 0.549482 0.564344 0.578243 0.592604 0.606473 0.621775 0.635545 0.649139 0.663007 0.676302 0.689604 0.702851 0.716871 0.730163 0.743923 0.757174 0.771071 0.784307 0.799685 0.812818 0.825784 0.838792 0.853966 0.866899 0.879815 0.897119 0.911680 0.924708 0.937568 0.950401 0.963168 0.975974 0.988787 1.001515 1.014651 1.028132 1.041032 1.053860 1.067662 1.082043 1.095946 1.108538 1.121049 1.133619 1.146106 1.158629 1.171163 1.183634 1.196010 1.208438 1.221093 1.236366 1.253313 1.266141 1.281444 1.296303 1.308872 1.321871 1.336148 1.348521 1.361262 1.373679 1.386300 1.398723 1.411094 1.423314 1.435808 1.448721 1.461003 1.473197 1.485422 1.497645 1.509819 1.522102 1.534367 1.546761 1.558955 1.571189 1.585540 1.598436 1.610802 1.623930 1.637751 1.650256 1.662822 1.675279 1.687599 1.699979 1.712412 1.724760 1.737977 1.750205 1.762473 1.775117 1.787853 1.800000 1.812599 1.824768 1.836865 1.849039 1.861231 1.873418 1.885602 1.898515 1.924140 1.936380 1.948761 1.961066 1.973338 1.985631 1.997914 2.010594 2.023559 2.036745 2.048916 2.061243 2.074153 2.100337
Elapsed_time: 2.100337
Score: -319.578474
