5
151
414.866046 314.803010 283.627115 251.723975 215.643940 182.374625 127.105309 70.481397 21.611418 -16.578816 -42.544352 -61.186211 -73.081904 -83.539044 -90.875653 -97.992316 -105.197141 -113.188406 -121.811949 -131.959209 -140.762037 -149.088869 -156.727218 -163.419572 -167.509781 -170.467168 -173.689502 -176.194829 -178.174717 -179.788520 -181.593679 -183.297582 -184.858538 -186.644560 -188.270583 -189.824342 -189.992317 -190.924962 -191.699088 -192.513460 -193.340875 -193.882411 -194.523332 -194.964743 -195.454431 -196.011140 -196.642720 -197.280563 -197.932747 -198.602497 -199.395001 -200.051474 -200.651244 -201.234145 -201.896342 -202.379487 -202.821386 -203.111349 -203.530976 -203.743913 -203.967951 -204.137098 -204.420353 -204.547513 -204.695387 -204.781142 -204.921860 -204.985855 -205.054159 -205.128148 -205.158820 -205.204856 -205.238629 -205.284967 -205.364445 -205.417611 -205.483284 -205.546227 -205.596816 -205.647975 -205.725347 -205.759126 -205.800987 -205.847799 -205.901026 -205.946231 -205.988820 -206.024274 -206.054473 -206.094024 -206.113789 -206.130885 -206.159820 -206.176045 -206.183422 -206.225174 -206.234221 -206.247472 -206.259863 -206.275786 -206.287496 -206.297241 -206.305541 -206.316067 -206.323126 -206.329044 -206.332955 -206.339798 -206.342058 -206.344892 -206.346622 -206.349544 -206.350691 -206.351783 -206.353269 -206.353751 -206.354812 -206.355133 -206.355712 -206.356061 -206.356644 -206.356826 -206.357020 -206.357203 -206.357376 -206.357468 -206.357565 -206.357628 -206.357680 -206.357734 -206.357758 -206.357797 -206.357810 -206.357834 -206.357846 -206.357860 -206.357879 -206.357893 -206.357903 -206.357911 -206.357919 -206.357927 -206.357935 -206.357939 -206.357944 -206.357945 -206.357952 -206.357954 -206.357956 -206.357959 -206.357961
0.185169 0.213371 0.222675 0.233802 0.244218 0.253573 0.263524 0.274025 0.289139 0.299959 0.310433 0.319752 0.328779 0.337341 0.345956 0.354530 0.363078 0.371557 0.380014 0.389192 0.398548 0.407769 0.417742 0.426858 0.435919 0.445483 0.454463 0.463415 0.472609 0.480999 0.489563 0.497970 0.506398 0.515594 0.523998 0.533508 0.541824 0.550568 0.558924 0.567362 0.575843 0.584210 0.592592 0.600950 0.609571 0.618371 0.626962 0.635435 0.643780 0.652247 0.660828 0.670023 0.683811 0.695346 0.704312 0.713278 0.722455 0.730772 0.739685 0.748050 0.756757 0.769357 0.782908 0.797014 0.805752 0.814020 0.822288 0.831138 0.840886 0.856892 0.870187 0.878823 0.887193 0.895562 0.904139 0.922002 0.930666 0.939011 0.947491 0.956060 0.966800 0.978372 0.990605 1.001894 1.013572 1.022386 1.031049 1.040851 1.049525 1.057927 1.066288 1.074565 1.082977 1.091868 1.100198 1.112500 1.122420 1.134154 1.146553 1.154977 1.163383 1.173373 1.183067 1.194926 1.205456 1.213718 1.221991 1.230267 1.238694 1.247160 1.255730 1.264366 1.273079 1.281406 1.289757 1.298018 1.306369 1.314605 1.322928 1.331306 1.340225 1.348869 1.357589 1.366493 1.374917 1.383347 1.391856 1.400289 1.408821 1.417219 1.425964 1.434782 1.445376 1.457391 1.465960 1.477478 1.486348 1.495084 1.503649 1.512530 1.525082 1.534201 1.542654 1.551036 1.559671 1.569430 1.578275 1.587169 1.595627 1.604103 1.624426
Elapsed_time: 1.624426
Score: -206.357961
151
437.669741 337.856006 310.332479 278.295470 245.712872 214.360261 160.080906 106.351098 73.010486 52.788064 39.402807 30.469737 24.687267 21.024420 17.701070 13.791914 9.176424 3.642407 -4.306132 -12.368875 -21.405624 -32.606276 -38.645011 -47.466858 -56.087151 -62.537431 -67.709731 -73.512294 -80.050024 -85.404216 -94.296037 -103.743389 -112.096067 -117.542219 -124.086859 -130.086141 -136.561606 -141.845520 -146.873787 -151.171046 -155.361556 -158.574826 -161.653642 -164.953124 -168.149034 -170.134653 -172.579922 -174.501037 -176.713017 -178.255102 -179.619762 -180.958489 -182.497357 -183.306526 -184.542396 -185.606617 -186.855592 -187.632789 -188.435617 -189.236865 -190.061024 -190.886643 -191.603284 -192.504471 -193.576080 -194.654544 -195.681306 -196.652365 -197.431632 -198.153317 -198.835037 -199.458070 -200.063756 -200.552115 -200.993439 -201.379989 -201.723396 -202.003744 -202.247745 -202.499014 -202.720321 -202.921349 -203.130751 -203.375477 -203.600263 -203.800667 -204.035599 -204.252648 -204.451317 -204.640909 -204.790432 -204.945600 -205.099691 -205.236071 -205.356847 -205.472882 -205.555621 -205.642591 -205.670441 -205.802698 -205.841022 -205.893389 -205.953550 -206.007651 -206.040081 -206.072284 -206.093831 -206.118713 -206.150470 -206.168090 -206.183502 -206.215792 -206.226977 -206.239522 -206.257620 -206.267757 -206.289311 -206.298586 -206.305110 -206.311184 -206.316985 -206.323253 -206.327602 -206.330688 -206.334154 -206.336236 -206.340225 -206.342139 -206.344300 -206.347475 -206.348194 -206.350242 -206.350726 -206.351642 -206.351924 -206.352941 -206.353327 -206.353757 -206.354378 -206.354680 -206.355055 -206.355311 -206.355631 -206.355797 -206.356068 -206.356211 -206.356347 -206.356495 -206.356657 -206.356721 -206.356816
0.206398 0.226218 0.235876 0.244978 0.254820 0.265025 0.278365 0.287759 0.296922 0.305995 0.315032 0.323941 0.332872 0.341699 0.350537 0.359411 0.368241 0.377031 0.385898 0.394815 0.404078 0.413950 0.422909 0.431846 0.441664 0.450326 0.459348 0.467882 0.476710 0.485221 0.493785 0.502219 0.510757 0.519301 0.527719 0.536217 0.544590 0.553510 0.564222 0.572943 0.581792 0.590282 0.598736 0.607300 0.615676 0.624138 0.633378 0.641939 0.650385 0.659262 0.668324 0.678208 0.687760 0.696174 0.704544 0.713769 0.723059 0.731535 0.740968 0.749531 0.757886 0.766910 0.775430 0.783715 0.792274 0.801830 0.811396 0.820041 0.829064 0.837832 0.848552 0.858006 0.866421 0.875392 0.885487 0.896517 0.905806 0.915266 0.927451 0.936693 0.951890 0.964666 0.977738 0.987934 0.996002 1.003752 1.012007 1.018297 1.024852 1.031096 1.037597 1.044454 1.050597 1.057964 1.063860 1.069405 1.075956 1.081633 1.087416 1.093382 1.098982 1.105165 1.110623 1.116199 1.121986 1.128122 1.134219 1.140500 1.145990 1.152218 1.158604 1.164912 1.171604 1.177332 1.182746 1.188752 1.194260 1.205726 1.211941 1.217341 1.224595 1.231329 1.237349 1.244088 1.250168 1.256313 1.262224 1.267775 1.273478 1.279007 1.284579 1.290937 1.296972 1.302611 1.308554 1.314125 1.319722 1.325303 1.330756 1.341936 1.347384 1.353255 1.358758 1.365083 1.370872 1.376378 1.381867 1.387769 1.393350 1.399720 1.407377
Elapsed_time: 1.407377
Score: -206.356816
151
406.675378 308.109515 278.042532 249.983903 225.755356 199.510741 146.784137 101.030471 61.797618 32.557593 15.168302 2.842239 -4.583111 -10.689563 -15.409825 -19.466057 -23.558252 -28.770753 -35.619457 -43.133330 -52.200950 -59.796244 -68.001091 -75.182248 -80.921718 -84.765898 -88.080737 -90.847159 -92.802425 -94.442909 -96.098812 -97.049687 -97.835306 -98.601940 -99.174742 -99.803917 -100.297305 -100.734665 -101.192290 -101.646343 -102.013131 -102.294277 -102.556510 -102.734508 -102.929547 -103.118243 -103.301344 -103.479510 -103.622338 -103.730601 -103.846668 -103.977708 -104.073258 -104.152535 -104.225531 -104.295559 -104.379611 -104.457652 -104.527522 -104.583367 -104.647695 -104.700576 -104.759109 -104.816442 -104.854677 -104.898290 -104.944874 -104.986388 -105.027677 -105.068684 -105.127877 -105.178556 -105.247938 -105.349422 -105.472188 -105.581955 -105.796199 -105.999688 -106.246320 -106.507185 -106.787754 -107.146962 -107.535214 -108.119414 -108.935322 -109.898948 -110.978610 -112.799716 -115.565164 -118.485370 -122.334376 -127.283590 -132.322647 -138.301993 -143.115845 -147.518952 -153.106023 -158.522324 -163.234226 -167.654395 -172.103327 -176.418124 -179.764041 -182.714069 -185.601496 -188.494300 -190.838451 -192.995588 -195.058379 -196.631037 -198.090251 -199.568711 -200.467189 -201.257755 -202.023427 -202.510026 -203.020932 -203.575874 -203.882254 -204.115728 -204.462077 -204.633319 -204.812076 -205.019511 -205.130095 -205.234296 -205.421980 -205.486896 -205.549154 -205.637861 -205.688283 -205.777255 -205.821092 -205.868541 -205.892408 -205.930224 -205.955535 -205.997882 -206.018946 -206.040860 -206.071438 -206.093809 -206.114450 -206.130544 -206.147087 -206.152624 -206.183543 -206.192070 -206.205884 -206.223594 -206.241950
0.157965 0.183872 0.193204 0.202698 0.212804 0.223244 0.232956 0.243441 0.252659 0.262122 0.273352 0.286387 0.300089 0.313449 0.327159 0.340920 0.355968 0.365646 0.374428 0.383339 0.392423 0.400914 0.409661 0.421897 0.433432 0.442720 0.451232 0.459859 0.468918 0.477839 0.488873 0.503841 0.516497 0.525538 0.534139 0.543112 0.551982 0.561883 0.572500 0.582083 0.592520 0.604177 0.617960 0.629081 0.640361 0.650652 0.661277 0.670969 0.679500 0.689136 0.697730 0.706728 0.715420 0.724419 0.733005 0.741971 0.751026 0.759533 0.768781 0.777475 0.786433 0.795630 0.804401 0.812877 0.821432 0.829928 0.838923 0.850149 0.862689 0.871179 0.879665 0.888381 0.896920 0.906884 0.915353 0.924237 0.934447 0.943206 0.960513 0.969268 0.978942 0.987575 0.997647 1.006074 1.014658 1.023200 1.032297 1.042713 1.051712 1.060164 1.068851 1.077502 1.085954 1.095254 1.111644 1.120515 1.129377 1.140281 1.148541 1.156753 1.164966 1.173189 1.181359 1.189600 1.197795 1.206031 1.214245 1.222539 1.230803 1.239396 1.248511 1.259903 1.268991 1.278772 1.287659 1.296376 1.305693 1.315469 1.324490 1.335900 1.349707 1.363390 1.377607 1.387417 1.396480 1.405509 1.414635 1.423651 1.432679 1.441135 1.449545 1.458793 1.467066 1.475531 1.483950 1.493051 1.501286 1.509663 1.517981 1.526249 1.535509 1.543919 1.552217 1.560517 1.568806 1.577185 1.585670 1.594350 1.603300 1.612669 1.621767
Elapsed_time: 1.621767
Score: -206.241950
151
411.886188 310.013181 279.641860 248.956230 213.128898 179.836362 122.453229 60.472026 10.448095 -23.684537 -47.010687 -62.350161 -72.250023 -79.283915 -85.862915 -91.648442 -97.237063 -104.150232 -110.854121 -118.628280 -129.452948 -137.780138 -146.127653 -154.145172 -158.456610 -162.495549 -166.324688 -169.538395 -172.535753 -174.981862 -177.243257 -179.364167 -181.638574 -183.678915 -185.599464 -187.406988 -189.238169 -190.991502 -192.466608 -194.054834 -195.497358 -196.728029 -197.808143 -198.982733 -200.005743 -200.859240 -201.614018 -202.092434 -202.537312 -202.872655 -203.132401 -203.384324 -203.587683 -203.749906 -203.924424 -204.105663 -204.251005 -204.358459 -204.471861 -204.586695 -204.683886 -204.779178 -204.872555 -204.988595 -205.090704 -205.196755 -205.289693 -205.379153 -205.440541 -205.507541 -205.577606 -205.650947 -205.709726 -205.760646 -205.816621 -205.868648 -205.913254 -205.952015 -205.995915 -206.031110 -206.053939 -206.088666 -206.103163 -206.131274 -206.150712 -206.168595 -206.202016 -206.220553 -206.237525 -206.253650 -206.269383 -206.284117 -206.295358 -206.305198 -206.312293 -206.320708 -206.327096 -206.330720 -206.335923 -206.337275 -206.341127 -206.342662 -206.344558 -206.346786 -206.347581 -206.348891 -206.349333 -206.350026 -206.350357 -206.351124 -206.351417 -206.351791 -206.352266 -206.352614 -206.353005 -206.353285 -206.353618 -206.353972 -206.354471 -206.354711 -206.355042 -206.355179 -206.355483 -206.355681 -206.355842 -206.356141 -206.356283 -206.356477 -206.356617 -206.356803 -206.356869 -206.357003 -206.357069 -206.357148 -206.357262 -206.357315 -206.357394 -206.357432 -206.357483 -206.357520 -206.357589 -206.357615 -206.357642 -206.357676 -206.357695 -206.357730 -206.357745 -206.357762 -206.357786 -206.357813 -206.357828
0.190347 0.212580 0.224089 0.237092 0.250518 0.263728 0.276388 0.285998 0.297286 0.306801 0.315854 0.327102 0.335893 0.344991 0.353638 0.363777 0.373803 0.382385 0.390966 0.399767 0.408632 0.417017 0.425538 0.435907 0.445663 0.454026 0.462611 0.471397 0.482739 0.492439 0.504698 0.516548 0.528425 0.538500 0.547111 0.556254 0.565457 0.575403 0.589973 0.602610 0.611974 0.620564 0.629799 0.638451 0.646831 0.657204 0.665711 0.674853 0.683751 0.696577 0.706951 0.715319 0.723610 0.732004 0.740322 0.748815 0.757151 0.766101 0.774568 0.783012 0.792517 0.800902 0.809248 0.817602 0.826038 0.834504 0.845329 0.853892 0.862570 0.871642 0.880131 0.890100 0.898530 0.908223 0.916730 0.926192 0.935015 0.944036 0.954223 0.964239 0.972833 0.981231 0.989601 0.998994 1.007456 1.016536 1.029640 1.053212 1.061618 1.069921 1.078214 1.086576 1.094926 1.103670 1.112212 1.120739 1.129364 1.137821 1.147135 1.156732 1.165176 1.173718 1.182091 1.190720 1.199357 1.208058 1.217617 1.226839 1.236164 1.244560 1.252867 1.261208 1.269540 1.278018 1.286441 1.295197 1.303711 1.312509 1.320894 1.329929 1.338952 1.347401 1.355706 1.364037 1.372443 1.380745 1.397423 1.405801 1.414218 1.423233 1.431897 1.440522 1.449014 1.457418 1.465757 1.475265 1.483925 1.492294 1.500769 1.509706 1.518223 1.528081 1.536787 1.545534 1.554108 1.563492 1.572818 1.581757 1.590726 1.599154 1.608188
Elapsed_time: 1.608188
Score: -206.357828
151
418.155537 318.246744 287.529322 258.192477 230.697754 201.737135 142.061664 85.790790 32.840931 -18.185032 -49.284245 -69.127996 -82.098061 -93.267787 -100.479667 -106.417868 -112.600287 -119.371042 -127.060311 -135.003582 -143.127067 -151.747276 -159.611440 -166.362004 -170.678280 -173.954589 -177.109215 -179.539103 -181.278004 -183.029060 -184.879172 -186.519028 -188.134041 -189.462345 -190.758719 -192.463280 -193.880366 -195.404640 -196.781219 -197.763283 -198.667321 -199.589904 -200.182841 -200.618018 -201.265092 -201.669982 -202.118372 -202.600895 -202.906692 -203.280245 -203.580297 -203.787386 -203.997031 -204.152326 -204.295868 -204.406959 -204.508767 -204.602197 -204.716254 -204.776745 -204.857855 -204.925808 -205.034902 -205.088565 -205.163163 -205.231989 -205.320398 -205.400504 -205.466763 -205.538130 -205.609219 -205.695641 -205.758030 -205.803471 -205.899275 -205.944439 -205.989781 -206.041938 -206.072885 -206.102551 -206.154902 -206.168418 -206.192141 -206.201982 -206.227550 -206.239861 -206.251342 -206.267252 -206.274794 -206.288538 -206.293906 -206.301621 -206.310901 -206.319275 -206.323330 -206.328291 -206.331588 -206.334787 -206.339139 -206.340860 -206.342881 -206.346781 -206.348145 -206.349067 -206.351176 -206.351603 -206.352384 -206.352841 -206.353415 -206.353953 -206.354190 -206.354543 -206.354738 -206.355038 -206.355175 -206.355338 -206.355512 -206.355646 -206.355796 -206.355930 -206.356080 -206.356184 -206.356282 -206.356429 -206.356492 -206.356573 -206.356643 -206.356714 -206.356839 -206.356925 -206.357023 -206.357097 -206.357174 -206.357230 -206.357298 -206.357342 -206.357379 -206.357453 -206.357470 -206.357534 -206.357558 -206.357600 -206.357648 -206.357702 -206.357734 -206.357766 -206.357786 -206.357810 -206.357835 -206.357846 -206.357860
0.180022 0.199599 0.208912 0.218012 0.227323 0.236626 0.245843 0.254915 0.263888 0.272613 0.281233 0.289906 0.299340 0.308968 0.318797 0.328142 0.338012 0.346540 0.355199 0.363772 0.372317 0.381866 0.390664 0.399016 0.407407 0.416512 0.425206 0.435213 0.443602 0.451898 0.460250 0.468500 0.477289 0.486686 0.495908 0.504457 0.513491 0.522328 0.531895 0.541192 0.549739 0.559588 0.569294 0.577643 0.587017 0.595429 0.603868 0.612403 0.621761 0.631192 0.639586 0.648206 0.656610 0.665016 0.673666 0.682769 0.692136 0.700439 0.709575 0.717937 0.726222 0.734687 0.743028 0.751309 0.759705 0.768054 0.776364 0.784675 0.792943 0.801454 0.809772 0.818211 0.826725 0.835084 0.843476 0.851921 0.860307 0.868916 0.877484 0.887712 0.896170 0.905040 0.913591 0.922521 0.931008 0.939614 0.950275 0.959659 0.967967 0.976266 0.984580 0.992912 1.001238 1.009579 1.017906 1.026247 1.034573 1.042917 1.051290 1.059616 1.068031 1.076384 1.093486 1.101762 1.110138 1.118413 1.126760 1.135222 1.143793 1.153964 1.170980 1.179659 1.189725 1.199768 1.218154 1.226722 1.236278 1.244790 1.253193 1.261608 1.269981 1.278884 1.287276 1.296200 1.304812 1.314824 1.323421 1.333022 1.342024 1.358829 1.367386 1.377017 1.387139 1.395819 1.404261 1.413012 1.422379 1.431056 1.440439 1.448878 1.457258 1.465709 1.474823 1.483239 1.491735 1.500447 1.509538 1.519427 1.528070 1.536903 1.547075
Elapsed_time: 1.547075
Score: -206.357860
