5
151
414.866046 385.340188 355.250383 353.087536 334.595118 333.296941 316.555520 313.792447 298.029525 294.988415 281.745891 279.732563 267.283199 267.064301 254.907972 255.029824 243.688455 241.608031 229.082928 228.398041 217.145770 216.575259 206.778939 206.247463 197.122313 196.680628 187.243930 186.937523 178.241752 177.626011 167.937040 167.520768 158.293609 158.540914 149.826357 150.784359 142.093707 142.784862 135.330756 135.458105 128.199924 128.484703 121.600038 122.209692 115.697643 116.557116 110.662255 111.338816 105.738954 106.224485 100.544431 101.085214 95.899222 95.847122 90.467171 91.052453 85.877275 86.353469 81.129048 80.731791 75.413097 74.974405 69.600046 68.857932 64.689154 63.598470 59.472240 58.600170 54.476943 53.959104 50.312779 49.945869 46.583446 46.130693 42.891220 42.532883 39.369222 39.003181 35.833481 35.214769 31.853594 31.474043 28.495680 27.672149 24.602600 24.130538 21.015595 20.673252 17.677412 16.852137 13.778111 12.851905 9.056070 8.002568 4.793886 3.981421 0.838214 -0.208537 -3.354147 -4.132196 -7.087793 -7.704478 -10.390386 -11.354617 -14.016964 -14.800623 -17.825352 -19.047937 -21.940391 -23.918430 -26.158291 -28.187197 -30.558477 -32.674252 -34.965655 -37.193351 -39.663163 -41.754026 -44.099556 -45.916816 -48.142729 -50.067898 -52.251413 -54.188142 -56.419833 -58.483250 -60.602782 -62.725101 -64.844194 -66.995151 -69.079774 -71.111771 -73.254905 -75.325141 -77.395388 -79.344687 -81.309774 -83.217378 -85.038835 -86.832478 -88.555012 -90.204704 -91.751551 -93.197124 -94.516209 -95.703483 -96.738241 -97.609840 -98.306835 -98.824333 -99.165933
0.198142 0.235946 0.245946 0.259276 0.271108 0.281087 0.291840 0.301720 0.312206 0.322768 0.334329 0.344453 0.355605 0.366972 0.377132 0.388286 0.398628 0.409598 0.422470 0.433318 0.444041 0.455875 0.466031 0.475926 0.485941 0.496442 0.507778 0.518022 0.531841 0.545174 0.558715 0.568906 0.578998 0.588826 0.598751 0.608552 0.618415 0.628239 0.638500 0.653622 0.664736 0.675130 0.686112 0.699414 0.710517 0.722785 0.736361 0.747439 0.758114 0.768096 0.778051 0.788473 0.798474 0.809616 0.822180 0.834616 0.844561 0.854559 0.865497 0.875510 0.888227 0.901367 0.912017 0.922112 0.932224 0.943722 0.953587 0.963590 0.973844 0.983949 0.993838 1.003618 1.013635 1.023495 1.033409 1.043561 1.054052 1.064443 1.078629 1.095079 1.108720 1.121730 1.136884 1.152078 1.162659 1.173103 1.183293 1.195275 1.205445 1.215496 1.227725 1.237570 1.247709 1.260868 1.278208 1.297356 1.313600 1.328636 1.338608 1.348832 1.361346 1.373228 1.386720 1.397750 1.414022 1.425190 1.439800 1.456203 1.471605 1.483250 1.498493 1.509482 1.524061 1.533891 1.543911 1.555457 1.565485 1.576199 1.591988 1.606689 1.618992 1.633508 1.645995 1.655800 1.665812 1.676425 1.686547 1.696338 1.706183 1.715963 1.725835 1.735851 1.749753 1.763312 1.778869 1.792642 1.802547 1.813228 1.823923 1.837428 1.847698 1.862911 1.873997 1.885121 1.895079 1.906862 1.917263 1.927241 1.938994 1.952272 1.963055
Elapsed_time: 1.963055
Score: -99.165933
151
437.669741 410.034118 362.235711 374.021631 338.975747 347.958388 318.379414 324.247369 300.098766 307.786306 286.652021 293.925581 271.846905 279.864552 258.914068 266.639043 248.902163 257.181239 239.939807 247.892492 231.763333 240.101713 224.988633 233.041537 218.444953 225.993003 211.685880 218.719099 205.069096 212.217971 199.540347 206.208408 194.002459 200.478960 188.159068 194.241576 182.692870 188.752676 177.704109 183.840708 172.803074 178.942818 168.175141 174.190668 163.720306 169.473843 159.357814 164.953959 155.131721 160.213829 151.124636 155.848006 147.121180 151.667587 143.083124 147.558011 139.366845 143.810482 135.682017 140.313467 132.270142 136.835397 128.816373 133.093278 125.644785 129.665635 122.499277 126.256897 119.473446 123.054038 116.243300 119.754724 112.947825 116.456895 109.737854 113.171897 106.713999 110.096480 104.152966 107.270095 101.761017 104.315070 98.797662 101.296132 95.518453 98.244423 92.352512 94.712174 89.411950 91.891243 86.691607 89.460822 84.344056 86.935396 82.186267 84.625434 80.009617 82.133770 77.754407 79.456056 75.132518 76.139922 72.360714 73.025446 69.478217 69.860062 66.734732 66.652778 63.365496 62.984055 59.439887 59.247639 56.335406 56.081231 53.371181 52.956765 50.265893 49.798050 47.190333 46.576325 44.600909 43.741810 41.887471 40.833700 38.979219 37.666322 35.801642 34.334515 32.314675 30.822617 28.740718 27.237735 25.275227 23.691844 21.709748 20.060521 18.156174 16.528636 14.860610 13.295957 11.812065 10.365160 9.014194 7.811192 6.703583 5.736762 4.895618 4.197201 3.639937 3.230041 2.961662
0.198146 0.235313 0.245266 0.255268 0.265413 0.276181 0.286887 0.296737 0.306643 0.316739 0.328391 0.340990 0.352483 0.363546 0.373745 0.384407 0.394554 0.404814 0.421063 0.435418 0.446182 0.457224 0.467355 0.478581 0.493561 0.509025 0.522714 0.532757 0.542881 0.554271 0.564209 0.574201 0.586243 0.596308 0.613416 0.624083 0.634815 0.644717 0.654997 0.666126 0.676121 0.685976 0.695850 0.708100 0.718177 0.729028 0.739608 0.749924 0.761968 0.772652 0.786380 0.798385 0.810494 0.824740 0.835543 0.845470 0.855307 0.865228 0.875773 0.885823 0.896405 0.910527 0.924519 0.940635 0.953459 0.963480 0.977996 0.988055 1.002795 1.012650 1.023000 1.032811 1.042630 1.052564 1.064317 1.077719 1.088413 1.098330 1.108168 1.118063 1.128365 1.140848 1.158722 1.173206 1.183954 1.201167 1.218296 1.232566 1.249404 1.266294 1.284367 1.302048 1.312484 1.323637 1.335851 1.347054 1.358170 1.368359 1.381600 1.391568 1.401612 1.413129 1.425158 1.436218 1.448832 1.461289 1.473459 1.483316 1.494052 1.504817 1.519365 1.537241 1.552554 1.566726 1.584615 1.595444 1.605189 1.615768 1.626172 1.637719 1.648959 1.662567 1.672625 1.684604 1.695231 1.706558 1.717292 1.727504 1.737492 1.747618 1.757712 1.767763 1.777851 1.788378 1.798246 1.811784 1.827878 1.843970 1.859045 1.874504 1.884356 1.894869 1.907685 1.922212 1.935707 1.953252 1.969920 1.981972 1.994463 2.004588 2.014915
Elapsed_time: 2.014915
Score: 2.961662
151
406.675378 401.893110 339.634800 363.028314 320.991626 341.151900 305.828196 320.834861 290.822992 305.245488 277.282434 290.055749 261.903892 275.506524 250.681755 264.265492 241.151047 254.738870 232.688146 245.461565 224.722046 237.367377 217.640868 229.923377 210.672896 222.731570 204.055823 216.196072 198.477751 211.001355 193.429752 205.452845 188.899492 200.947693 184.780370 196.328353 180.069991 190.259034 174.879022 184.532521 169.690813 178.464601 164.190540 173.276099 159.293143 167.998896 154.249016 163.209509 150.293079 158.810890 146.329337 154.521434 142.155403 149.790162 138.369672 145.807052 134.936794 142.097125 131.006800 138.300858 127.416864 134.196004 123.931150 130.408208 119.904781 125.827652 115.792249 121.569406 112.217030 117.686411 108.557654 113.674786 104.555054 109.528271 100.866196 105.757994 96.857334 101.690967 93.362937 97.546064 89.799870 93.816079 86.256068 89.645386 82.561976 85.520083 78.980363 81.542110 75.460626 77.965126 72.106280 74.037395 68.720659 70.580903 65.207262 66.925673 62.124213 63.515304 59.083900 59.940285 55.972215 57.089237 53.384452 54.659536 51.156474 52.176587 48.819753 49.622829 46.327622 46.893590 43.451259 43.898399 40.556068 40.337655 36.878325 36.208153 33.412552 32.733853 29.804312 28.825806 26.196695 25.013059 22.357105 20.801164 18.084426 16.358281 13.832264 12.122621 9.664487 7.864425 5.512346 3.609452 1.341941 -0.658009 -2.666701 -4.642650 -6.633916 -8.522774 -10.432390 -12.255424 -14.059794 -15.763532 -17.387506 -18.888531 -20.239887 -21.436302 -22.465129 -23.321558 -23.997159 -24.494856 -24.822214
0.189169 0.229764 0.241002 0.251446 0.262491 0.272673 0.283078 0.293225 0.303231 0.313264 0.325088 0.335591 0.346718 0.357287 0.367307 0.378002 0.388481 0.400143 0.410388 0.421224 0.431092 0.441030 0.450976 0.460852 0.471080 0.484332 0.495295 0.507411 0.517256 0.527081 0.536917 0.546708 0.558594 0.568568 0.579886 0.589847 0.599758 0.609711 0.619670 0.629876 0.639829 0.650008 0.659892 0.670976 0.682165 0.692558 0.702347 0.712143 0.721928 0.732128 0.742786 0.756339 0.768716 0.781315 0.791084 0.801313 0.817769 0.827970 0.837964 0.847859 0.857668 0.867484 0.877365 0.887271 0.897923 0.907791 0.918467 0.933855 0.944858 0.955232 0.966014 0.976492 0.987309 1.000155 1.011493 1.022120 1.032048 1.041909 1.052058 1.062372 1.076374 1.091455 1.101334 1.115359 1.125983 1.136086 1.146603 1.156567 1.166405 1.177100 1.187475 1.198284 1.208638 1.222936 1.235244 1.245275 1.255121 1.264898 1.274896 1.286999 1.297872 1.311292 1.322030 1.334354 1.345174 1.355300 1.366890 1.376973 1.387978 1.395940 1.408631 1.416332 1.423510 1.432264 1.439581 1.446587 1.453613 1.460765 1.467809 1.474808 1.482822 1.490024 1.497020 1.504510 1.511532 1.522526 1.529540 1.536570 1.543792 1.550787 1.563218 1.571306 1.578882 1.586019 1.593289 1.600422 1.612052 1.619805 1.627766 1.635416 1.642588 1.662024 1.669923 1.677001 1.683986 1.691005 1.698108 1.705241 1.712316 1.720185 1.728604
Elapsed_time: 1.728604
Score: -24.822214
151
411.886188 387.407897 347.542760 349.924908 324.179231 328.386798 307.087957 309.767873 292.791358 294.219387 277.568810 278.266055 261.181988 262.680423 247.873967 251.212292 236.618226 240.055092 228.237019 230.745055 218.390352 221.008596 209.497130 213.109654 202.340678 205.083386 194.838405 197.353775 187.570335 189.543131 180.382722 183.055025 174.052953 176.436312 167.977762 169.186258 161.660446 162.786744 155.091738 156.467192 148.260792 149.181618 141.056951 142.507147 135.228744 136.210201 128.775717 130.298648 123.335376 124.911810 118.086702 119.340350 112.634484 113.953613 107.314855 108.213412 102.274526 103.010828 96.840622 97.015853 90.949334 90.659091 85.056296 85.486633 79.961969 80.340423 74.955221 75.173598 69.998550 70.389470 65.186046 65.566244 60.493355 60.784909 55.891435 56.286233 51.152940 51.800981 47.036028 47.131985 42.561208 42.890196 38.596102 38.871465 34.630659 34.556185 30.586813 30.273749 26.293710 25.857637 22.284973 21.412882 18.018373 17.093551 13.850788 13.124476 9.596295 8.773863 5.555598 4.649819 1.480898 0.608148 -2.392726 -3.398110 -6.177654 -7.409223 -10.227505 -11.316292 -13.875656 -14.987821 -17.445500 -18.657950 -21.118205 -22.597009 -25.291197 -26.889853 -29.636928 -31.086603 -33.670813 -34.954560 -37.294231 -38.625683 -40.828333 -42.199660 -44.502795 -45.968394 -48.235077 -49.701432 -51.858653 -53.535369 -55.667036 -57.459385 -59.536053 -61.314926 -63.318909 -65.160605 -67.028953 -68.801609 -70.574172 -72.176486 -73.793799 -75.282045 -76.691633 -77.987373 -79.175230 -80.232320 -81.144806 -81.905920 -82.512246 -82.959328 -83.251501
0.132550 0.160850 0.168301 0.179183 0.188463 0.195630 0.202986 0.212395 0.220189 0.227280 0.234491 0.242065 0.250341 0.258237 0.265318 0.272411 0.281319 0.288299 0.295341 0.302532 0.310524 0.319276 0.326397 0.336507 0.343779 0.350827 0.358285 0.365602 0.372936 0.379909 0.386997 0.397276 0.407951 0.415257 0.435710 0.442748 0.449778 0.456851 0.464374 0.471591 0.482834 0.490019 0.497231 0.504743 0.512256 0.520692 0.529881 0.538602 0.545999 0.553615 0.560876 0.568236 0.575304 0.582891 0.590156 0.597080 0.603488 0.610861 0.617736 0.624207 0.631499 0.638481 0.646056 0.653058 0.660092 0.667744 0.674828 0.681808 0.688430 0.695442 0.702327 0.709190 0.715807 0.722577 0.729155 0.735460 0.741832 0.748581 0.754931 0.761393 0.768484 0.775505 0.782236 0.788703 0.795028 0.801595 0.808111 0.814443 0.821342 0.827980 0.834557 0.841053 0.847548 0.854424 0.860887 0.868578 0.875233 0.881759 0.888617 0.895223 0.901680 0.908416 0.914900 0.921457 0.928315 0.934842 0.941482 0.948644 0.955392 0.962067 0.968646 0.975280 0.981887 0.989278 0.999411 1.011321 1.022913 1.032935 1.043050 1.054144 1.063943 1.073778 1.083574 1.093429 1.103274 1.113150 1.123056 1.133947 1.143809 1.153602 1.163559 1.173357 1.183344 1.193127 1.202924 1.214025 1.225510 1.236582 1.247382 1.257206 1.267275 1.278878 1.289035 1.299444 1.309484 1.319451 1.331250 1.345893 1.361018 1.371125 1.381046
Elapsed_time: 1.381046
Score: -83.251501
151
418.155537 400.460719 347.982603 353.986951 327.388606 330.877737 308.733713 311.136507 290.595656 293.427626 276.312740 278.218375 263.551829 265.237599 250.989968 252.754478 239.900646 242.450654 231.014478 233.670795 222.674937 224.757446 215.202655 217.572581 208.450248 209.888222 201.707187 203.033955 195.457553 196.709238 188.982036 190.433338 183.575319 184.977038 177.277667 178.701271 171.671134 173.283964 167.169940 168.010507 162.225392 162.592820 157.853069 158.335670 153.627251 154.369685 149.655853 150.294869 145.912134 146.559787 142.121125 142.985229 138.350889 139.071343 134.782858 135.247644 130.864314 131.424246 127.076094 127.821660 123.837278 124.281253 120.450634 120.493713 116.598410 116.676930 112.306412 112.770956 108.226389 108.797125 104.792626 105.137298 101.209119 101.300164 97.807259 97.651211 94.583518 94.254229 91.260754 90.908339 88.004004 87.321074 84.723163 83.782826 81.127762 79.449332 77.395396 75.594751 73.433682 71.925211 69.634883 68.034153 66.319652 64.608696 62.988665 61.489397 59.592875 58.438197 56.776245 55.721031 53.886238 52.685950 50.912606 49.711604 47.559170 46.142030 44.065788 42.154462 39.739711 37.508724 34.578841 31.872952 28.312297 25.274197 21.568556 18.681540 15.089313 12.321732 8.615089 5.540054 2.181241 -0.916483 -4.320671 -7.365795 -10.495386 -13.421296 -16.499897 -19.500881 -22.537411 -25.565472 -28.584919 -31.545707 -34.537114 -37.484956 -40.364941 -43.199695 -45.916539 -48.523023 -51.037639 -53.450890 -55.724584 -57.866948 -59.858829 -61.680358 -63.324974 -64.771428 -66.018158 -67.056851 -67.886771 -68.505362 -68.914000
0.177733 0.215251 0.225953 0.236840 0.248350 0.258640 0.268683 0.278840 0.290096 0.299881 0.310989 0.320960 0.331540 0.342483 0.353616 0.363573 0.373789 0.383697 0.393704 0.403721 0.413979 0.424506 0.435079 0.446241 0.456335 0.466389 0.477982 0.490901 0.505043 0.514943 0.525161 0.535258 0.546147 0.556561 0.567163 0.578126 0.588330 0.604664 0.619399 0.632809 0.647435 0.657386 0.667274 0.677204 0.687452 0.697634 0.707468 0.717714 0.728260 0.738116 0.748064 0.757975 0.767827 0.777636 0.787556 0.797871 0.807906 0.817796 0.827653 0.837481 0.847825 0.857772 0.870583 0.884496 0.897539 0.908627 0.920355 0.932121 0.945620 0.955789 0.967124 0.977132 0.986905 0.997054 1.007000 1.016881 1.026700 1.036557 1.046437 1.056512 1.067064 1.076927 1.087473 1.098290 1.108291 1.118146 1.127982 1.138056 1.148423 1.159328 1.169280 1.179289 1.189380 1.199293 1.211281 1.222264 1.232471 1.242361 1.252318 1.263667 1.273450 1.288443 1.298512 1.309618 1.321629 1.332227 1.342148 1.352130 1.363579 1.373460 1.383315 1.393318 1.404990 1.415837 1.426541 1.436655 1.446897 1.456773 1.466864 1.477231 1.487337 1.497545 1.507375 1.517161 1.527963 1.539499 1.550419 1.560833 1.570778 1.581440 1.593185 1.604597 1.616315 1.627329 1.637796 1.649000 1.659288 1.669358 1.680031 1.691125 1.701716 1.711733 1.721960 1.732125 1.742139 1.753247 1.764554 1.774677 1.784514 1.795727 1.806198
Elapsed_time: 1.806198
Score: -68.914000
