5
151
468.368960 353.022740 315.528384 284.400108 252.542260 221.667512 168.186267 104.725620 60.920777 26.006501 2.115688 -24.007947 -36.509133 -48.949443 -55.270472 -60.796441 -66.519264 -71.772711 -77.752118 -82.751398 -88.637330 -96.943788 -103.643875 -110.685430 -120.627889 -128.266515 -135.555705 -142.231067 -147.887725 -153.587358 -158.991874 -163.376739 -167.086380 -172.028492 -175.438316 -178.952330 -182.170609 -185.644952 -189.185793 -193.252610 -196.013884 -199.183662 -201.630386 -205.369930 -207.070135 -209.088242 -211.114132 -213.009616 -214.303216 -215.831954 -217.018787 -218.303127 -219.993752 -221.049752 -222.721923 -223.979166 -225.048284 -226.146123 -227.129881 -228.163649 -229.113846 -229.954396 -230.718239 -231.508905 -232.221922 -232.886667 -233.475787 -234.171830 -234.865378 -235.505980 -236.182690 -236.778106 -237.448855 -238.035543 -238.678863 -239.272549 -239.710264 -240.115141 -240.540691 -240.887791 -241.259068 -241.743030 -242.068600 -242.387058 -242.915033 -243.234272 -243.582645 -244.101645 -244.592653 -245.150064 -246.188318 -246.886926 -248.040058 -249.081742 -250.438386 -252.251500 -254.608672 -257.164915 -260.857512 -263.208157 -266.641973 -270.308489 -273.673871 -277.594691 -280.756026 -284.036128 -286.656983 -289.225549 -291.296014 -293.284566 -295.554817 -297.974764 -299.845696 -301.927787 -302.734837 -305.048075 -305.925176 -306.993641 -308.146251 -309.194179 -309.791227 -310.439328 -310.875526 -311.268259 -311.856994 -312.189861 -312.677987 -313.077272 -313.564526 -313.829196 -314.269768 -314.435692 -314.974418 -315.238066 -315.507959 -315.955130 -316.226399 -316.688641 -316.974085 -317.301345 -317.564435 -317.779265 -318.053252 -318.206000 -318.349372 -318.591707 -318.698359 -318.802681 -318.978578 -319.064126 -319.184291
0.269840 0.299788 0.318325 0.335858 0.350136 0.366232 0.380186 0.394145 0.412144 0.426747 0.439962 0.453123 0.466137 0.479197 0.492166 0.505948 0.519001 0.532276 0.546543 0.559869 0.573576 0.586518 0.599420 0.612658 0.627838 0.640723 0.653479 0.666296 0.680060 0.692748 0.706380 0.719043 0.731747 0.744352 0.756961 0.769496 0.782092 0.794532 0.809006 0.821522 0.834116 0.847619 0.862074 0.874682 0.888723 0.901127 0.913626 0.926030 0.940559 0.953955 0.966730 0.979433 0.993021 1.005323 1.017615 1.030008 1.042298 1.054768 1.067259 1.086546 1.099722 1.114704 1.127789 1.140144 1.152644 1.166517 1.179753 1.192145 1.204663 1.217059 1.230218 1.243474 1.256424 1.269473 1.282130 1.294926 1.307960 1.321061 1.333442 1.345771 1.358135 1.370406 1.382782 1.395119 1.407569 1.420805 1.433294 1.447356 1.459864 1.472333 1.485669 1.498482 1.510934 1.523459 1.535878 1.550649 1.563796 1.576200 1.588565 1.603801 1.617827 1.631187 1.643431 1.655873 1.668401 1.680944 1.693313 1.705531 1.718007 1.731309 1.744005 1.756783 1.768939 1.782160 1.795404 1.808810 1.823709 1.837854 1.851255 1.868060 1.880365 1.892629 1.904846 1.917327 1.930880 1.942981 1.955257 1.969003 1.981223 1.993399 2.005483 2.017687 2.029829 2.042096 2.057256 2.069534 2.093790 2.106054 2.119033 2.132220 2.144392 2.157457 2.170705 2.182983 2.197337 2.211842 2.224845 2.236989 2.250586 2.264045 2.276328
Elapsed_time: 2.276328
Score: -319.184291
151
463.534597 348.313419 309.456438 278.448299 246.651390 217.197349 168.706271 110.200200 61.333720 24.654763 0.098699 -16.253829 -27.797931 -35.901016 -41.490087 -46.118432 -49.701282 -53.887434 -58.463435 -63.557990 -70.645774 -76.588957 -83.179242 -91.437382 -97.224984 -103.445467 -110.148925 -114.867136 -119.714001 -124.814014 -129.237572 -133.561710 -137.977120 -142.115036 -146.153959 -150.637978 -154.711875 -158.607309 -162.889782 -166.178559 -169.200783 -172.632426 -175.923339 -178.649503 -182.736697 -185.276626 -188.821467 -191.905064 -196.338151 -199.249538 -202.117985 -205.057778 -208.123763 -210.365984 -213.310248 -215.093391 -217.220927 -219.034423 -220.564269 -222.018500 -224.087893 -225.299327 -226.766864 -227.991547 -229.271516 -230.403583 -231.285431 -232.287508 -233.082464 -233.559949 -234.109867 -234.452629 -234.818955 -235.104251 -235.367832 -235.654038 -236.006907 -236.216105 -236.544065 -236.903854 -237.324401 -237.620575 -237.948787 -238.243560 -238.550236 -238.946262 -239.134652 -239.354128 -239.688612 -239.878716 -240.024989 -240.190645 -240.319629 -240.456631 -240.612032 -240.752490 -240.893941 -241.031439 -241.168156 -241.300884 -241.447289 -241.560483 -241.672542 -241.834258 -241.954480 -242.146383 -242.291323 -242.474969 -242.614818 -242.783070 -242.939301 -243.178865 -243.339598 -243.519916 -243.846012 -244.023570 -244.418882 -244.648329 -244.967177 -245.334763 -245.751025 -246.132363 -246.566887 -247.098984 -247.652863 -248.320787 -248.838667 -249.395322 -250.149588 -250.728097 -251.351603 -252.490197 -253.335987 -254.308778 -255.893022 -257.169523 -258.702169 -260.088628 -262.932102 -265.099419 -267.703676 -270.262332 -273.550497 -276.483169 -279.507352 -283.797248 -288.279556 -292.201541 -295.733641 -298.232369 -300.666611
0.263858 0.297749 0.311583 0.325112 0.338868 0.352690 0.366533 0.380343 0.394356 0.409283 0.424427 0.440386 0.453399 0.466503 0.483494 0.501490 0.519043 0.533237 0.546624 0.559743 0.574159 0.588322 0.602284 0.615393 0.629435 0.644096 0.658027 0.673096 0.686608 0.699236 0.711774 0.724438 0.736931 0.749405 0.762031 0.775608 0.793381 0.809573 0.825561 0.841187 0.856496 0.871257 0.883684 0.896674 0.910427 0.923153 0.937254 0.949660 0.967687 0.982329 0.995540 1.008711 1.021141 1.034055 1.046381 1.058759 1.071300 1.086919 1.100283 1.113132 1.125550 1.137954 1.150435 1.162865 1.175291 1.187743 1.200274 1.213332 1.227753 1.242240 1.254583 1.268693 1.284936 1.297669 1.309970 1.322276 1.334741 1.349236 1.365421 1.381706 1.395742 1.409909 1.423290 1.438374 1.450718 1.463042 1.476764 1.489288 1.502758 1.516858 1.530722 1.543139 1.556289 1.569653 1.582134 1.596543 1.608945 1.621334 1.633712 1.646020 1.658448 1.670969 1.683311 1.695632 1.707893 1.720264 1.732599 1.744937 1.757439 1.772005 1.785025 1.797306 1.809631 1.821954 1.835289 1.848618 1.861605 1.875707 1.888121 1.900575 1.913826 1.927780 1.940520 1.952877 1.965234 1.977562 1.989913 2.003338 2.019116 2.035811 2.048689 2.063482 2.077027 2.089411 2.101850 2.114236 2.127415 2.140797 2.153948 2.166516 2.181454 2.194383 2.206630 2.218804 2.231057 2.243237 2.255575 2.268820 2.284970 2.301565 2.316864
Elapsed_time: 2.316864
Score: -300.666611
151
476.649409 358.530380 319.094583 287.586489 250.070270 215.265298 158.430592 97.212764 46.042832 9.075263 -31.870382 -52.060055 -72.016294 -80.219907 -90.081330 -96.183567 -103.302251 -107.621224 -112.331642 -120.408921 -127.026635 -133.544391 -141.810362 -148.267677 -157.013905 -165.830539 -172.769247 -178.032657 -184.173015 -189.098980 -194.156097 -199.458345 -204.163718 -209.595513 -215.053319 -220.811067 -226.171630 -231.743270 -238.983392 -244.974845 -251.466228 -258.587325 -263.440499 -268.055067 -273.514158 -277.073667 -280.616480 -284.367888 -287.200326 -290.092960 -292.918194 -295.516401 -297.838518 -300.469542 -302.394326 -304.199438 -305.690943 -307.385002 -308.431885 -309.874577 -310.630957 -311.587318 -311.938344 -313.122032 -313.538269 -314.067798 -314.735804 -314.890976 -315.618570 -315.804558 -316.116491 -316.359207 -316.680702 -316.852700 -317.049312 -317.264311 -317.489818 -317.638609 -317.834206 -317.990402 -318.167074 -318.374162 -318.511254 -318.648263 -318.834961 -318.951792 -319.040284 -319.153247 -319.244857 -319.275329 -319.422038 -319.463327 -319.527033 -319.604126 -319.650373 -319.718207 -319.750919 -319.795344 -319.828596 -319.870295 -319.895974 -319.917832 -319.937073 -319.953457 -319.975953 -319.989061 -319.999832 -320.015289 -320.023472 -320.036696 -320.048035 -320.053988 -320.063202 -320.068770 -320.076210 -320.082083 -320.086880 -320.095225 -320.102850 -320.107507 -320.114684 -320.118135 -320.122448 -320.127538 -320.130329 -320.133346 -320.139537 -320.140983 -320.143443 -320.144863 -320.146658 -320.148559 -320.149778 -320.151111 -320.152355 -320.153551 -320.154466 -320.155348 -320.156185 -320.156990 -320.157666 -320.158496 -320.158928 -320.159448 -320.159865 -320.160243 -320.160764 -320.161396 -320.161686 -320.162190 -320.162484
0.288722 0.318016 0.331855 0.345650 0.359244 0.372970 0.386796 0.400276 0.414448 0.427684 0.440764 0.453721 0.466630 0.479623 0.492429 0.505431 0.518068 0.530726 0.543341 0.558601 0.575857 0.590869 0.604676 0.620750 0.636854 0.652211 0.669403 0.685984 0.702383 0.719683 0.735307 0.747531 0.759711 0.772013 0.784186 0.796473 0.808715 0.820956 0.833340 0.849572 0.863547 0.879226 0.894809 0.910022 0.922755 0.935532 0.947957 0.960132 0.972269 0.984463 0.996679 1.008868 1.020976 1.033125 1.045241 1.057689 1.070639 1.082825 1.095066 1.107228 1.119398 1.131683 1.143797 1.158465 1.171456 1.183672 1.195882 1.209396 1.224059 1.236205 1.248344 1.260557 1.272610 1.284806 1.298078 1.312252 1.324488 1.338764 1.350923 1.363829 1.377114 1.389762 1.402470 1.419871 1.437156 1.453857 1.466002 1.478039 1.490162 1.502428 1.514648 1.526820 1.538987 1.551094 1.563433 1.575646 1.588335 1.600394 1.624563 1.636790 1.648926 1.661024 1.673152 1.685198 1.697362 1.709494 1.721534 1.733678 1.745785 1.758750 1.770983 1.784189 1.796313 1.808513 1.820996 1.833771 1.845880 1.857970 1.870058 1.886550 1.903408 1.921751 1.940961 1.958466 1.970819 1.983146 1.995782 2.008485 2.020880 2.046388 2.058988 2.071718 2.084214 2.096277 2.108490 2.121669 2.135162 2.147682 2.160572 2.172769 2.186111 2.199392 2.212964 2.227541 2.240730 2.254121 2.267433 2.280295 2.294484 2.306689 2.319630
Elapsed_time: 2.319630
Score: -320.162484
151
446.347178 329.703077 290.537239 259.570214 226.127189 195.594822 148.204878 82.912204 35.459681 0.070675 -29.265258 -56.044640 -68.692950 -82.103083 -87.616590 -95.451912 -100.653062 -107.514184 -111.671024 -116.331030 -123.495602 -129.399418 -135.593297 -142.891485 -150.130877 -158.389730 -167.650184 -173.239872 -179.631796 -183.466159 -190.006720 -193.258696 -197.481600 -202.432729 -207.570720 -211.617243 -216.492818 -220.511825 -224.605550 -232.877831 -236.892037 -241.444199 -247.839584 -252.370338 -260.754632 -263.521808 -269.458689 -272.445361 -276.271984 -280.822048 -283.952616 -287.114080 -289.320079 -291.975421 -294.809581 -297.587565 -299.649456 -301.576302 -302.502918 -304.779436 -305.569534 -306.523382 -307.787501 -308.924599 -309.724990 -310.644766 -311.341820 -312.227738 -312.748345 -313.259922 -313.708943 -314.168224 -314.457277 -314.879588 -315.130261 -315.422541 -315.786586 -316.108126 -316.290718 -316.507518 -316.664939 -316.868121 -317.141741 -317.270207 -317.406984 -317.595459 -317.715315 -317.810868 -318.055564 -318.156488 -318.294952 -318.444270 -318.612179 -318.718158 -318.839180 -318.920493 -319.021091 -319.122744 -319.187630 -319.263121 -319.353706 -319.402549 -319.459510 -319.496675 -319.573084 -319.606869 -319.646813 -319.698692 -319.749979 -319.783866 -319.820780 -319.847822 -319.879985 -319.913819 -319.934134 -319.948194 -319.977687 -319.987706 -320.001018 -320.012886 -320.025714 -320.041788 -320.052058 -320.062373 -320.069164 -320.077125 -320.085171 -320.092256 -320.100568 -320.105605 -320.112507 -320.121027 -320.125344 -320.129320 -320.133783 -320.136798 -320.140691 -320.143335 -320.145445 -320.146815 -320.149597 -320.150643 -320.151881 -320.153036 -320.154337 -320.155044 -320.155787 -320.156501 -320.157356 -320.158026 -320.158633
0.279731 0.309110 0.322966 0.337642 0.354605 0.368236 0.382356 0.399088 0.416939 0.435036 0.451713 0.464765 0.482307 0.496252 0.509129 0.523290 0.540387 0.553536 0.566195 0.578729 0.591253 0.605213 0.618797 0.637996 0.650942 0.663545 0.676042 0.688552 0.701110 0.714906 0.727578 0.740621 0.753629 0.766496 0.779229 0.791701 0.804140 0.816468 0.828874 0.841319 0.853721 0.866131 0.879083 0.891516 0.904760 0.920501 0.936260 0.948450 0.960674 0.972988 0.986519 1.002637 1.018902 1.035336 1.050950 1.063726 1.076381 1.093000 1.106814 1.118904 1.131013 1.143184 1.155266 1.167578 1.180302 1.193350 1.205441 1.220441 1.232837 1.247419 1.262445 1.274928 1.287488 1.300299 1.312874 1.325091 1.338036 1.351489 1.364394 1.376653 1.388880 1.401470 1.416394 1.430215 1.442528 1.455914 1.468230 1.480396 1.493242 1.506502 1.519642 1.534107 1.547230 1.562093 1.574189 1.587048 1.600950 1.614000 1.626082 1.638211 1.650384 1.662456 1.674619 1.686698 1.698806 1.710942 1.723129 1.735421 1.750382 1.762831 1.776550 1.790104 1.802820 1.816271 1.828731 1.841065 1.854266 1.866956 1.879578 1.892272 1.904453 1.916717 1.940998 1.953361 1.967081 1.982418 1.995653 2.010564 2.026157 2.038608 2.050736 2.062945 2.087105 2.099301 2.111425 2.123669 2.136963 2.149595 2.161875 2.174153 2.186411 2.198563 2.210958 2.223499 2.238286 2.251336 2.264626 2.276812 2.289293 2.303795 2.316012
Elapsed_time: 2.316012
Score: -320.158633
151
503.304262 387.256351 348.598402 315.567922 280.024025 248.606062 201.524913 141.533675 98.050141 68.304458 42.443151 23.741877 9.788323 1.599991 -5.414707 -11.460875 -16.745805 -20.931719 -27.058984 -32.813875 -41.126506 -49.589378 -58.013269 -67.289451 -77.453289 -87.206208 -96.594003 -104.925750 -115.865089 -122.068817 -129.375858 -136.056947 -143.578868 -148.893888 -153.875304 -158.262910 -164.024362 -167.307415 -171.671612 -177.055896 -181.116071 -184.946602 -187.396193 -189.895309 -192.967959 -195.789780 -198.455151 -201.333405 -204.432521 -207.490646 -210.786744 -213.506910 -216.678891 -219.753088 -222.207462 -224.304152 -226.346120 -227.978186 -229.560935 -231.158828 -232.825356 -234.445934 -235.882041 -237.609918 -238.768291 -239.807238 -240.811340 -241.513941 -242.408259 -243.162266 -243.745421 -244.564512 -245.183970 -245.971930 -246.618888 -247.279578 -248.157373 -249.180493 -250.041033 -251.161390 -252.229195 -253.604374 -255.055073 -256.351549 -257.995154 -259.734872 -261.434605 -262.984667 -264.579729 -266.160484 -267.650920 -269.085032 -269.587291 -272.053037 -272.784772 -274.217573 -275.738601 -277.470027 -279.206219 -281.139327 -282.939194 -285.094263 -288.600551 -290.687957 -292.716209 -296.762060 -299.343372 -302.182721 -304.780578 -306.504699 -307.946514 -309.726548 -310.836717 -311.894843 -312.790021 -313.560330 -314.323273 -314.947735 -315.507068 -315.946236 -316.429097 -316.875330 -317.224508 -317.522028 -317.936127 -318.130849 -318.368537 -318.552494 -318.686343 -318.827095 -318.946767 -319.027038 -319.117246 -319.190444 -319.265847 -319.388783 -319.464608 -319.557029 -319.631231 -319.697499 -319.746430 -319.803647 -319.836713 -319.868227 -319.909579 -319.933150 -319.961669 -319.983897 -320.002457 -320.014126 -320.030515
0.276988 0.310078 0.325069 0.338751 0.352528 0.366518 0.380579 0.395829 0.410985 0.427261 0.443083 0.458703 0.473686 0.487664 0.500768 0.515234 0.528683 0.542063 0.556366 0.569758 0.583452 0.596548 0.609478 0.622302 0.635247 0.648004 0.660749 0.673629 0.686427 0.702370 0.720958 0.734148 0.750884 0.767267 0.781013 0.794814 0.809033 0.821933 0.838130 0.854975 0.871511 0.887249 0.899729 0.912324 0.925567 0.939787 0.953346 0.965773 0.980867 0.993221 1.005763 1.018101 1.030683 1.043029 1.055339 1.067650 1.079872 1.092560 1.107193 1.120182 1.134100 1.146880 1.159238 1.171586 1.184642 1.197490 1.210277 1.222864 1.235952 1.249034 1.261556 1.274332 1.286730 1.299389 1.312015 1.324553 1.337276 1.351024 1.363947 1.377471 1.390509 1.406115 1.418708 1.431049 1.443466 1.456878 1.471544 1.485427 1.497953 1.513859 1.526218 1.538741 1.551038 1.563269 1.575663 1.587947 1.600959 1.614889 1.627097 1.639189 1.651397 1.664244 1.676879 1.689797 1.702139 1.714496 1.726946 1.739306 1.752044 1.764418 1.776906 1.789725 1.801874 1.814057 1.826217 1.838356 1.851308 1.864580 1.877416 1.890268 1.903701 1.917606 1.931238 1.945256 1.957383 1.969439 1.981460 1.993606 2.005701 2.018415 2.031072 2.045714 2.057891 2.069979 2.082223 2.094524 2.106648 2.121514 2.133711 2.145825 2.157994 2.171601 2.184986 2.197181 2.210471 2.222806 2.235200 2.247366 2.261349 2.273538 2.285908
Elapsed_time: 2.285908
Score: -320.030515
