5
151
322.546805 203.726823 173.874833 152.845289 133.417514 117.398402 104.508833 91.365636 83.491532 73.969436 67.301413 59.182743 53.593284 46.388034 41.158071 34.973975 30.889061 25.908946 22.124320 17.775280 14.111217 9.903828 6.586231 2.435874 -0.281295 -3.834540 -6.201274 -9.747887 -12.177892 -15.281823 -17.588654 -20.566217 -22.697345 -25.662099 -27.622219 -30.362286 -31.954546 -34.585583 -35.664273 -38.374573 -39.949606 -42.420564 -44.126086 -46.792865 -48.475211 -51.148200 -52.370808 -55.081454 -56.161689 -58.619246 -59.809557 -62.323736 -63.209962 -65.841754 -66.555097 -69.282910 -70.271747 -72.981718 -74.130951 -76.810037 -78.067703 -80.706331 -82.151696 -84.877970 -86.601313 -89.323360 -90.957191 -93.739413 -95.454433 -98.321401 -100.271389 -102.674586 -104.472995 -107.026595 -108.708323 -111.133087 -112.517932 -115.146151 -116.854602 -119.573614 -121.679697 -124.632056 -126.747126 -129.673013 -131.842770 -135.051395 -137.370294 -140.616690 -143.078796 -146.081425 -148.328398 -151.235512 -153.323329 -156.035681 -158.088621 -160.671283 -162.600961 -165.100638 -167.098130 -169.749436 -171.926371 -174.556660 -176.736278 -179.369559 -181.714777 -184.499067 -186.819144 -189.480035 -191.708049 -194.284819 -196.572122 -199.127122 -201.384063 -203.772066 -206.038478 -208.568356 -210.920701 -213.404031 -215.782984 -218.175431 -220.536214 -222.880508 -225.148173 -227.409821 -229.666585 -231.868358 -234.032863 -236.124215 -238.139693 -240.106043 -241.997792 -243.851695 -245.645557 -247.355168 -248.989755 -250.525157 -251.981746 -253.339708 -254.613688 -255.791898 -256.881497 -257.871309 -258.766612 -259.565855 -260.272444 -260.885840 -261.408481 -261.840847 -262.184856 -262.441863 -262.612710
0.282749 0.343015 0.356517 0.370107 0.383799 0.397147 0.410524 0.423915 0.437253 0.450590 0.463970 0.477327 0.490663 0.504174 0.517555 0.530899 0.544263 0.557607 0.571075 0.584637 0.598052 0.611425 0.625183 0.639357 0.653069 0.667107 0.680520 0.693918 0.707256 0.720643 0.734653 0.748059 0.761482 0.774916 0.789090 0.802509 0.815901 0.829259 0.842875 0.856243 0.870111 0.886499 0.899960 0.913382 0.926808 0.940590 0.954640 0.968505 0.982082 0.995805 1.010374 1.024323 1.037828 1.051231 1.064617 1.078211 1.093020 1.109933 1.123264 1.137222 1.156569 1.175403 1.188986 1.207527 1.226728 1.243696 1.259507 1.275451 1.289049 1.302728 1.316252 1.330052 1.343583 1.357951 1.371536 1.389508 1.403180 1.416653 1.433237 1.452051 1.469459 1.484563 1.500214 1.515588 1.530951 1.544953 1.558386 1.571816 1.585156 1.598636 1.612976 1.628450 1.642760 1.656505 1.671699 1.688033 1.701388 1.714749 1.728149 1.741552 1.755085 1.768456 1.783407 1.800269 1.816455 1.831801 1.845333 1.859758 1.875295 1.891802 1.906861 1.923551 1.937771 1.952330 1.968075 1.984236 2.001542 2.015140 2.029393 2.043253 2.057030 2.071282 2.084858 2.098788 2.112556 2.126101 2.139609 2.153043 2.166984 2.180912 2.194592 2.208648 2.224019 2.237335 2.250709 2.264085 2.277449 2.290820 2.304241 2.318225 2.331804 2.345172 2.358622 2.372479 2.386710 2.400097 2.413552 2.426948 2.440360 2.454032 2.472828
Elapsed_time: 2.472828
Score: -262.612710
150
319.477617 197.611932 170.170775 149.764084 133.950230 118.015587 105.142611 93.470536 84.781117 73.045744 65.845811 57.794761 51.951852 45.038612 39.675805 33.695118 27.828279 22.426504 17.384484 11.941716 6.497982 0.680914 -4.213320 -9.026567 -14.541818 -18.613001 -23.969865 -28.331566 -33.103513 -37.552231 -41.755756 -45.656974 -50.445934 -53.838298 -58.443161 -61.730478 -66.281093 -69.739362 -74.288267 -77.118137 -80.938212 -83.463058 -87.431860 -89.620058 -93.597388 -96.431593 -100.132469 -102.809878 -106.028558 -109.203020 -111.842936 -114.706284 -116.999624 -119.620840 -121.990828 -124.471430 -127.212296 -129.878030 -132.664864 -135.421932 -137.612357 -140.452244 -142.458376 -145.006767 -146.955274 -149.287107 -151.295519 -153.470486 -155.383734 -157.310882 -159.587077 -161.296911 -163.794706 -166.007692 -168.099460 -170.093724 -172.227496 -174.427940 -176.639972 -178.796789 -181.176390 -183.089807 -185.311908 -187.249712 -189.755324 -191.959611 -194.634568 -196.629284 -199.270853 -201.318822 -203.686666 -205.833841 -208.194274 -210.219661 -212.540761 -214.665110 -216.912421 -219.046384 -221.352758 -223.675347 -226.003297 -228.341917 -230.836739 -233.094326 -235.474909 -237.760431 -240.355274 -242.852601 -245.578534 -248.083444 -250.759324 -253.153108 -255.801600 -258.327882 -260.990894 -263.447205 -265.962249 -268.294249 -270.784616 -273.125989 -275.515561 -277.795172 -280.098926 -282.276967 -284.467061 -286.522941 -288.590968 -290.541683 -292.460703 -294.294652 -296.101188 -297.813532 -299.483240 -301.058707 -302.580493 -304.002896 -305.360541 -306.622399 -307.808129 -308.900551 -309.908433 -310.822259 -311.653657 -312.394970 -313.049616 -313.619940 -314.104288 -314.505769 -314.825301 -315.064159
0.305641 0.365690 0.380006 0.397496 0.415299 0.428919 0.446342 0.460211 0.473703 0.490040 0.504635 0.518070 0.534301 0.549005 0.563550 0.580447 0.594983 0.608471 0.622976 0.636524 0.651969 0.666461 0.679954 0.694060 0.707466 0.721912 0.736131 0.751009 0.768830 0.782155 0.795555 0.809247 0.827290 0.844590 0.858153 0.871747 0.887219 0.900599 0.914126 0.927883 0.941323 0.954700 0.968206 0.982120 0.996073 1.009578 1.025372 1.039158 1.052786 1.066408 1.080665 1.097550 1.110983 1.126272 1.140587 1.154039 1.168798 1.184181 1.197592 1.210935 1.224483 1.241868 1.260171 1.276785 1.290618 1.306152 1.319611 1.334045 1.349171 1.363295 1.377130 1.390698 1.404158 1.417642 1.431143 1.444494 1.457868 1.472989 1.486418 1.499800 1.513394 1.526879 1.540454 1.554087 1.568743 1.582159 1.595516 1.609222 1.622660 1.636092 1.653378 1.671429 1.690189 1.705145 1.718747 1.734859 1.748456 1.762274 1.776155 1.789549 1.803094 1.821084 1.839153 1.852880 1.866386 1.879820 1.893565 1.907473 1.922503 1.936219 1.949844 1.963366 1.976788 1.992241 2.008004 2.024170 2.037535 2.051862 2.069045 2.084656 2.098307 2.112641 2.128145 2.144702 2.158865 2.172620 2.186344 2.200926 2.214683 2.228726 2.242295 2.255888 2.271014 2.284354 2.297946 2.316349 2.332886 2.349460 2.363910 2.377282 2.390696 2.404113 2.417506 2.431131 2.445530 2.459328 2.473427 2.487038 2.501996 2.515463
Elapsed_time: 2.515463
Score: -315.064159
150
330.666295 207.376420 171.040039 146.952937 123.985559 106.451455 89.406884 77.003007 62.910506 53.475267 43.992744 35.536631 27.557208 20.240369 12.858621 6.868591 1.084840 -3.691441 -8.747821 -12.227734 -16.589115 -20.232348 -23.960427 -26.841034 -31.122520 -33.537528 -37.565549 -39.394166 -42.787360 -44.474435 -47.868853 -49.993433 -53.316370 -55.205974 -58.757240 -61.046592 -64.219751 -65.648710 -69.229518 -71.112601 -74.698206 -76.812623 -79.747589 -81.892118 -84.847717 -86.739327 -89.658105 -91.823870 -94.807534 -97.047273 -99.645140 -101.923925 -104.840048 -106.424654 -109.082994 -110.725174 -113.468404 -115.358286 -118.317603 -120.306826 -123.037751 -125.640212 -128.574026 -131.165181 -134.297408 -136.989286 -139.847751 -142.301839 -145.169041 -147.538769 -150.347465 -152.274044 -155.004767 -156.769869 -159.218703 -161.405358 -163.630937 -165.893350 -168.121062 -170.528516 -172.756430 -175.030315 -177.259467 -179.414100 -181.842520 -183.923475 -186.543605 -188.711609 -191.118907 -193.294668 -195.823208 -197.976149 -200.349483 -202.644581 -205.110062 -207.513818 -209.847852 -212.505531 -214.919678 -217.302781 -219.787307 -222.004297 -224.446765 -226.732688 -229.271726 -231.595701 -234.139431 -236.424264 -238.818759 -241.252524 -243.772614 -246.257705 -248.815999 -251.369040 -253.855874 -256.435270 -258.972432 -261.532265 -264.103585 -266.627877 -269.073104 -271.457226 -273.818387 -276.124560 -278.347234 -280.534165 -282.648692 -284.724887 -286.744289 -288.686845 -290.569579 -292.364012 -294.098068 -295.734080 -297.306212 -298.783528 -300.182361 -301.486729 -302.707787 -303.834439 -304.872796 -305.818139 -306.674126 -307.437648 -308.111461 -308.696495 -309.194585 -309.607440 -309.936337 -310.182244
0.311159 0.371273 0.384735 0.398260 0.411783 0.425957 0.439389 0.455489 0.468943 0.482335 0.495945 0.509742 0.523345 0.536909 0.550326 0.565587 0.579294 0.592707 0.608054 0.621956 0.638036 0.651533 0.666385 0.679913 0.693607 0.707184 0.723327 0.741217 0.755278 0.771252 0.789384 0.802832 0.816228 0.830338 0.843831 0.857349 0.872192 0.885592 0.899052 0.913295 0.926977 0.941102 0.955009 0.969907 0.983434 0.997163 1.010800 1.024512 1.041216 1.056831 1.075456 1.088778 1.102348 1.115900 1.130138 1.143907 1.159439 1.173140 1.187573 1.201483 1.215028 1.228557 1.242232 1.256092 1.269570 1.283088 1.296603 1.310135 1.323574 1.337284 1.350877 1.364482 1.381283 1.394889 1.408361 1.423841 1.438810 1.452233 1.466125 1.480093 1.496895 1.510442 1.523835 1.537201 1.551624 1.567743 1.581432 1.594793 1.608484 1.626094 1.644367 1.658278 1.673650 1.687875 1.701529 1.714934 1.728485 1.742246 1.755703 1.769174 1.782777 1.796441 1.811297 1.824970 1.839437 1.852816 1.866141 1.879680 1.893243 1.908344 1.921732 1.935104 1.948458 1.961815 1.975198 1.988601 2.002044 2.015527 2.029084 2.043497 2.057450 2.070857 2.084269 2.097763 2.121018 2.140226 2.153602 2.167014 2.180344 2.195065 2.208702 2.222102 2.235504 2.251044 2.264581 2.278231 2.292239 2.305654 2.320264 2.333849 2.347182 2.360679 2.377589 2.395490 2.413872 2.427273 2.440616 2.454222 2.468471 2.481966
Elapsed_time: 2.481966
Score: -310.182244
150
314.302548 192.329569 166.050411 142.322642 123.917260 108.102671 94.411430 80.696610 70.327403 60.647330 52.035638 42.908485 35.526283 27.593058 20.600081 12.877730 6.751101 0.192001 -5.720630 -11.285085 -15.849084 -21.087457 -25.652511 -30.700206 -34.698617 -40.093125 -43.601198 -48.132599 -51.672090 -56.103456 -59.391087 -64.059793 -66.749427 -70.965876 -73.385133 -77.367910 -79.626159 -83.353156 -85.664789 -89.135442 -91.459086 -94.708408 -96.590755 -100.046522 -102.020231 -105.288063 -107.645998 -111.085627 -113.563636 -117.101863 -119.485203 -122.840672 -124.734573 -128.074091 -129.469777 -132.676585 -134.020935 -137.113590 -138.448975 -141.403831 -143.090592 -146.496763 -147.977228 -151.092009 -152.661766 -155.383575 -156.813788 -159.472202 -160.752027 -163.306676 -164.535980 -167.294468 -168.482045 -171.202089 -172.664458 -175.466913 -177.615759 -180.525003 -182.941406 -185.593157 -187.960987 -190.606833 -192.951811 -195.626746 -197.613523 -199.804622 -201.938960 -204.273337 -206.466102 -209.048423 -211.494740 -214.107464 -216.569689 -219.370405 -221.765221 -224.271219 -226.634490 -229.182210 -231.629531 -234.221810 -236.830534 -239.445875 -242.306231 -245.136624 -247.975603 -250.771930 -253.619768 -256.362968 -259.102268 -261.784044 -264.572857 -267.272754 -270.049592 -272.760808 -275.502381 -278.193024 -280.925591 -283.624029 -286.238941 -288.794372 -291.283825 -293.673082 -296.084854 -298.410885 -300.732801 -303.016234 -305.225740 -307.380856 -309.452783 -311.473739 -313.430259 -315.310347 -317.123884 -318.845449 -320.493492 -322.043188 -323.520357 -324.893835 -326.180759 -327.370757 -328.464224 -329.461542 -330.361249 -331.166395 -331.876818 -332.494496 -333.020403 -333.458873 -333.808555 -334.069947
0.292518 0.351921 0.365547 0.381425 0.398170 0.411564 0.424885 0.438585 0.452197 0.469301 0.483410 0.497101 0.510907 0.524532 0.538068 0.551827 0.565359 0.578964 0.593437 0.606978 0.621849 0.636213 0.650588 0.663932 0.677540 0.696330 0.711196 0.729339 0.743844 0.757656 0.771176 0.784659 0.798126 0.811563 0.825881 0.840862 0.854298 0.868478 0.881879 0.895301 0.910121 0.923586 0.937266 0.950813 0.965596 0.978986 0.992581 1.006586 1.020894 1.036372 1.054741 1.074307 1.091175 1.106570 1.122712 1.138488 1.152542 1.166089 1.180566 1.194256 1.208224 1.222472 1.235855 1.249700 1.263025 1.276791 1.296514 1.309881 1.323285 1.337673 1.351050 1.364539 1.378183 1.391494 1.404903 1.418381 1.432557 1.445976 1.459831 1.473214 1.488297 1.505863 1.521050 1.534560 1.549480 1.562824 1.576191 1.589750 1.603537 1.620671 1.634187 1.649606 1.666429 1.679812 1.693286 1.708093 1.721559 1.735309 1.749023 1.764216 1.777684 1.791774 1.805222 1.818829 1.832661 1.850233 1.865888 1.879971 1.893493 1.907907 1.921540 1.935599 1.952214 1.967777 1.982629 1.996451 2.010239 2.023922 2.037650 2.051144 2.064704 2.079178 2.095638 2.111204 2.125202 2.138579 2.152353 2.165756 2.179167 2.195001 2.215261 2.228759 2.244684 2.258126 2.271966 2.285737 2.299269 2.313347 2.326785 2.340245 2.353727 2.367983 2.381535 2.395082 2.408850 2.422451 2.441689 2.457863 2.473686 2.491170
Elapsed_time: 2.491170
Score: -334.069947
151
335.946002 213.359974 184.897001 161.559572 145.503789 127.117284 115.356162 101.770154 91.783528 81.897853 73.483451 65.692946 58.991886 52.299915 46.385976 40.198505 34.966982 30.121258 24.910976 20.694025 16.499781 12.706916 8.583103 4.817096 1.300203 -2.572300 -6.540242 -10.045984 -13.931463 -16.705204 -20.353991 -23.818429 -27.629884 -31.716237 -34.403512 -38.635507 -40.793935 -44.735434 -46.630798 -50.092849 -52.563905 -56.259508 -59.106070 -62.177774 -65.317963 -68.009491 -70.695399 -73.286542 -76.121284 -79.101956 -81.551149 -84.978325 -87.897511 -91.104876 -94.130981 -97.234530 -100.257215 -103.543765 -106.491165 -109.430192 -112.324906 -115.812282 -118.654881 -122.212389 -125.343863 -129.018430 -131.620725 -135.318836 -138.168946 -141.035184 -143.620570 -146.860072 -149.459211 -152.243422 -155.123174 -157.906187 -160.962851 -163.258173 -165.786947 -168.114968 -170.458860 -172.589549 -174.975240 -177.035487 -179.731609 -182.114261 -184.758113 -187.167218 -189.766659 -192.047927 -194.480688 -196.744523 -199.126681 -201.356459 -203.673220 -205.973578 -208.451167 -210.705533 -213.173169 -215.396579 -217.732125 -220.060689 -222.404114 -224.795754 -227.209226 -229.478607 -231.772280 -234.078277 -236.244837 -238.433842 -240.695742 -242.824475 -245.039009 -247.200320 -249.358540 -251.553192 -253.802424 -256.079772 -258.389412 -260.724747 -263.007603 -265.274946 -267.538844 -269.741021 -271.911402 -274.043307 -276.128578 -278.160324 -280.159551 -282.105680 -284.004139 -285.820201 -287.574831 -289.245316 -290.851575 -292.371452 -293.814562 -295.167989 -296.439672 -297.621019 -298.712963 -299.711449 -300.617897 -301.430255 -302.147776 -302.772505 -303.304922 -303.746773 -304.098984 -304.362423 -304.537710
0.305417 0.365915 0.379483 0.393356 0.408145 0.421715 0.437961 0.451852 0.466769 0.480656 0.494161 0.509572 0.525044 0.538473 0.551986 0.566479 0.580684 0.594887 0.610020 0.623489 0.637190 0.651572 0.665902 0.679526 0.693046 0.706754 0.720244 0.734330 0.748962 0.762931 0.777629 0.791117 0.804719 0.819907 0.833785 0.848569 0.862834 0.876270 0.891163 0.906718 0.920464 0.934667 0.948151 0.961817 0.975287 0.988907 1.002552 1.016964 1.030330 1.045397 1.058889 1.072665 1.088017 1.102586 1.116548 1.130237 1.143595 1.157023 1.170396 1.184010 1.199821 1.219479 1.232910 1.247099 1.260598 1.274095 1.287489 1.301082 1.315995 1.329491 1.343492 1.356931 1.370498 1.384518 1.398148 1.411759 1.427753 1.441264 1.456656 1.470311 1.487395 1.500746 1.514225 1.531793 1.550540 1.565479 1.584050 1.605029 1.618352 1.631798 1.645591 1.658962 1.672471 1.686665 1.700135 1.713663 1.727640 1.742060 1.755700 1.769242 1.784310 1.797732 1.811134 1.824653 1.840988 1.857109 1.873503 1.888877 1.904129 1.919659 1.933241 1.946962 1.960641 1.974013 1.987384 2.001299 2.014920 2.032879 2.048182 2.065321 2.080743 2.095404 2.109448 2.123043 2.138794 2.154222 2.167755 2.181982 2.200141 2.215964 2.229295 2.242622 2.256021 2.269350 2.283402 2.298722 2.312371 2.326184 2.339869 2.353671 2.367172 2.380666 2.395917 2.414798 2.432207 2.445561 2.459062 2.476832 2.491055 2.505246 2.518819
Elapsed_time: 2.518819
Score: -304.537710
