5
151
11940.420383 1321.887775 1256.089357 1189.760642 1125.967292 1066.107636 1011.454295 961.747060 916.195971 874.732422 836.023069 800.050271 766.175757 734.762038 704.928901 677.275996 651.117816 626.807619 604.049288 582.751476 562.364469 543.515726 525.445959 508.488184 492.156709 476.919370 462.412824 448.436182 434.899558 422.124126 409.647697 397.756958 386.106947 374.958846 364.038153 353.365024 342.973133 332.956964 323.127525 313.651020 304.518182 295.506362 286.732476 278.107228 269.782606 261.588066 253.676521 245.874342 238.271194 230.798783 223.606448 216.601550 209.755152 203.192592 196.729205 190.539503 184.558227 178.715956 172.940809 167.310047 161.899059 156.628147 151.408506 146.376293 141.442158 136.618041 131.879122 127.300472 122.765985 118.293707 113.818750 109.461254 105.148763 100.941618 96.864024 92.785256 88.867851 84.931820 81.232801 77.493989 73.833648 70.245267 66.767033 63.288126 59.870975 56.523051 53.220139 49.989203 46.794756 43.733893 40.692670 37.698291 34.726820 31.870210 28.998369 26.234923 23.511518 20.842469 18.220950 15.686807 13.160437 10.735157 8.311257 5.963194 3.647551 1.402310 -0.823175 -2.971281 -5.073776 -7.120712 -9.158167 -11.123531 -13.058684 -14.931559 -16.779411 -18.578947 -20.337826 -22.044138 -23.697676 -25.306970 -26.871156 -28.380373 -29.850554 -31.261988 -32.630786 -33.950816 -35.223068 -36.436262 -37.604803 -38.724678 -39.795989 -40.816436 -41.793499 -42.721252 -43.595125 -44.423108 -45.200231 -45.928959 -46.607825 -47.239676 -47.821327 -48.354732 -48.838673 -49.274004 -49.661098 -49.999550 -50.289585 -50.531162 -50.724312 -50.869212 -50.965803
0.000066 0.041329 0.059325 0.072821 0.086511 0.101295 0.114700 0.130278 0.143887 0.157380 0.173520 0.186998 0.200599 0.214135 0.227773 0.242481 0.258438 0.275231 0.289773 0.303590 0.317197 0.331064 0.344479 0.360638 0.374157 0.387705 0.402009 0.415471 0.428960 0.442743 0.456465 0.469884 0.483252 0.496622 0.510091 0.524451 0.537873 0.551291 0.565968 0.582042 0.597323 0.612246 0.625570 0.639154 0.655510 0.669120 0.685882 0.699433 0.714153 0.727665 0.741024 0.754429 0.770583 0.790491 0.805080 0.818609 0.832074 0.845496 0.858900 0.872336 0.889798 0.903656 0.922690 0.938132 0.957938 0.980169 0.994087 1.007473 1.020966 1.034562 1.049597 1.063357 1.081939 1.095705 1.109137 1.123884 1.137220 1.150948 1.165831 1.179268 1.197162 1.212304 1.230775 1.244590 1.258330 1.272190 1.285671 1.303899 1.322758 1.341624 1.355524 1.369404 1.383851 1.398381 1.412063 1.425435 1.438863 1.454732 1.473998 1.491899 1.506077 1.522590 1.536549 1.555109 1.572529 1.585995 1.599382 1.613591 1.626982 1.640388 1.653813 1.667324 1.681028 1.694658 1.708310 1.724343 1.741877 1.758116 1.771588 1.785177 1.798987 1.813047 1.827683 1.841552 1.854990 1.868474 1.881964 1.896347 1.910754 1.925674 1.940513 1.953965 1.970547 1.986891 2.003436 2.017009 2.032660 2.047518 2.061603 2.075177 2.088623 2.102016 2.115685 2.129131 2.142809 2.158111 2.172505 2.186283 2.199714 2.213152 2.226595
Elapsed_time: 2.226595
Score: -50.965803
151
11421.463936 1321.369402 1258.259896 1194.189697 1131.173541 1071.416468 1016.072757 966.741344 921.986462 881.363103 844.076455 809.269821 776.252176 745.469843 716.278081 688.784548 662.938107 638.585538 615.755738 594.431353 574.144132 555.156361 537.166996 520.305337 504.244119 488.955416 474.258438 460.107725 446.591010 433.720604 421.302372 409.160125 397.441388 386.061157 375.335924 364.658460 354.460352 344.288608 334.503867 324.891777 315.620719 306.428429 297.477713 288.654223 280.213412 271.921194 263.895773 255.903965 248.118479 240.273344 232.705767 225.266996 218.042205 210.990592 204.184094 197.429364 190.894664 184.296986 178.018340 171.730763 165.595755 159.595679 153.799006 148.119496 142.628014 137.138413 131.817522 126.475197 121.309307 116.120855 111.145962 106.267222 101.542851 96.860149 92.309602 87.837129 83.460883 79.168557 74.977895 70.878095 66.884117 63.000648 59.196149 55.526455 51.861727 48.308608 44.782448 41.325090 37.874045 34.555529 31.254966 28.029989 24.812416 21.647043 18.502785 15.436235 12.433881 9.481034 6.565926 3.707897 0.896268 -1.850707 -4.552465 -7.182633 -9.761301 -12.265522 -14.716583 -17.094148 -19.414002 -21.681573 -23.878446 -26.017124 -28.100455 -30.128709 -32.111541 -34.009204 -35.866260 -37.648714 -39.379494 -41.056460 -42.690238 -44.265432 -45.792843 -47.262170 -48.688766 -50.053246 -51.366136 -52.621055 -53.827027 -54.976693 -56.077854 -57.127952 -58.125283 -59.071207 -59.964685 -60.807133 -61.601064 -62.343057 -63.034323 -63.674212 -64.263822 -64.803561 -65.294072 -65.735234 -66.127144 -66.469787 -66.763057 -67.007151 -67.202238 -67.348431 -67.445836
0.000042 0.042638 0.056128 0.070998 0.084674 0.105204 0.121220 0.134634 0.148153 0.162112 0.176930 0.192036 0.208192 0.221565 0.235223 0.248579 0.261991 0.275642 0.288959 0.306001 0.325313 0.339776 0.353272 0.369111 0.382679 0.396501 0.410333 0.425053 0.439571 0.453320 0.466690 0.480133 0.493547 0.506949 0.520584 0.534119 0.550231 0.563552 0.578799 0.597801 0.611535 0.629242 0.644196 0.659108 0.673921 0.687336 0.701789 0.716305 0.731608 0.748022 0.765169 0.781833 0.795952 0.809693 0.823569 0.837466 0.851112 0.864891 0.878407 0.891972 0.908261 0.922298 0.936395 0.950108 0.964233 0.978674 0.993937 1.008011 1.023847 1.038590 1.052005 1.065444 1.081644 1.097178 1.110784 1.126845 1.142842 1.158595 1.175746 1.189495 1.203130 1.217681 1.232099 1.246932 1.260315 1.274265 1.287944 1.301445 1.314943 1.328456 1.341959 1.355475 1.370953 1.384573 1.398097 1.412637 1.426193 1.439687 1.456051 1.470102 1.485929 1.501146 1.515300 1.531159 1.544614 1.557988 1.571454 1.584919 1.599868 1.614721 1.628230 1.642002 1.655412 1.669256 1.684852 1.698395 1.713636 1.727880 1.742017 1.759351 1.775558 1.789195 1.803015 1.820120 1.836402 1.851099 1.866906 1.882680 1.896080 1.909475 1.922837 1.936209 1.949639 1.963159 1.976590 1.990667 2.008373 2.025061 2.040956 2.056410 2.070050 2.083511 2.097106 2.110481 2.123996 2.139215 2.153565 2.170703 2.185401 2.199434 2.213295
Elapsed_time: 2.213295
Score: -67.445836
151
12606.846721 1328.480905 1267.095686 1205.124321 1144.474490 1087.114272 1034.676607 987.048812 943.965582 904.288070 867.327141 832.697848 799.770025 769.025262 739.641872 711.945483 685.860869 661.111750 637.771360 615.666175 595.252309 575.792003 557.498711 540.003538 523.517987 507.878114 492.746604 478.417644 464.610464 451.219222 438.205780 425.987981 413.737981 402.256002 390.857801 380.058771 369.387463 359.112235 349.026791 339.301725 329.787616 320.548505 311.382239 302.538573 293.864260 285.334016 276.934859 268.753326 260.817769 252.907683 245.272545 237.743856 230.444581 223.165446 216.088207 209.043024 202.313814 195.554671 188.974909 182.459365 176.119438 169.858799 163.744847 157.746214 151.911516 146.117294 140.479641 134.891719 129.432575 124.086534 118.905855 113.749923 108.722075 103.802226 98.970106 94.234581 89.634701 85.160814 80.837214 76.568584 72.391509 68.289401 64.327651 60.395083 56.580516 52.807043 49.107589 45.435380 41.880599 38.396772 34.948118 31.579213 28.259851 25.061131 21.864519 18.755555 15.694983 12.726982 9.818034 6.982826 4.189738 1.478903 -1.184105 -3.810432 -6.384067 -8.924787 -11.398731 -13.809614 -16.168960 -18.461002 -20.691990 -22.884831 -25.025992 -27.101871 -29.122007 -31.093316 -33.012329 -34.873274 -36.681134 -38.421425 -40.110828 -41.745516 -43.325623 -44.851441 -46.320312 -47.741363 -49.110891 -50.426162 -51.682624 -52.892428 -54.045834 -55.142919 -56.186092 -57.176277 -58.114923 -59.001403 -59.836623 -60.617557 -61.346423 -62.023001 -62.646884 -63.218094 -63.736062 -64.201282 -64.613920 -64.974558 -65.283529 -65.540959 -65.746822 -65.901186 -66.004066
0.000040 0.044402 0.057936 0.071504 0.085144 0.098478 0.113640 0.130442 0.147716 0.162264 0.178268 0.193063 0.207910 0.221288 0.236938 0.252201 0.269858 0.285801 0.299492 0.317808 0.331205 0.344533 0.358046 0.375906 0.389925 0.406243 0.420394 0.434677 0.450339 0.464007 0.477553 0.491055 0.504456 0.518347 0.533862 0.547239 0.560567 0.574645 0.588305 0.601978 0.616151 0.630893 0.644340 0.659744 0.678095 0.691717 0.705332 0.719579 0.733061 0.747655 0.761643 0.775016 0.788319 0.801641 0.815099 0.829209 0.842599 0.855973 0.869374 0.882737 0.896287 0.910957 0.929503 0.946213 0.959541 0.972898 0.986303 0.999683 1.013046 1.026414 1.040049 1.054967 1.070729 1.086020 1.099801 1.118354 1.133254 1.152014 1.170399 1.186847 1.204151 1.220862 1.237631 1.251037 1.264731 1.279903 1.299904 1.313244 1.326795 1.341073 1.358659 1.373443 1.387112 1.401003 1.415213 1.428680 1.442458 1.461261 1.474726 1.488213 1.501873 1.515468 1.529175 1.542841 1.556397 1.570019 1.587006 1.601578 1.616816 1.632253 1.646209 1.660894 1.674342 1.688763 1.704941 1.718939 1.735044 1.750662 1.765644 1.783043 1.798434 1.812730 1.826153 1.839605 1.853018 1.866387 1.880203 1.899737 1.913151 1.926584 1.939938 1.953632 1.968779 1.983226 1.996786 2.013384 2.028455 2.042684 2.056203 2.070344 2.083729 2.097667 2.116489 2.133619 2.147462 2.160873 2.174285 2.187665 2.201888 2.215479 2.229009
Elapsed_time: 2.229009
Score: -66.004066
151
12784.180091 1323.298223 1259.446893 1195.334584 1133.145208 1074.780854 1021.826213 974.180256 931.058021 891.572368 854.944984 820.939390 788.347358 757.336212 727.622719 699.755245 673.347358 648.091209 624.527646 602.285274 581.285462 561.288526 542.661013 524.915445 508.209057 492.406258 477.455425 463.156713 449.586474 436.572752 424.076400 412.027873 400.574078 389.265128 378.437033 367.948639 357.838519 348.069636 338.638124 329.463595 320.557860 311.826347 303.381916 295.216732 287.407079 279.640008 272.171172 264.703871 257.568339 250.589326 243.853942 237.271211 230.708750 224.465601 218.305973 212.417950 206.501217 200.817713 195.254115 189.867050 184.601083 179.491253 174.549427 169.722178 164.962853 160.357163 155.899417 151.528439 147.293879 143.066003 138.954024 134.890251 130.902922 126.962159 123.136759 119.466792 115.801462 112.195665 108.756573 105.307210 101.967793 98.663708 95.418139 92.247056 89.125859 86.045493 83.007842 80.015084 77.109661 74.224174 71.419053 68.606499 65.877991 63.188451 60.565227 58.009266 55.482079 52.985024 50.566857 48.173216 45.818706 43.510597 41.270606 39.071065 36.922107 34.844956 32.779372 30.783772 28.824917 26.906017 25.057937 23.236110 21.470138 19.742100 18.075708 16.435683 14.847583 13.281688 11.753524 10.287972 8.865985 7.477643 6.141370 4.850072 3.597122 2.389236 1.222439 0.105105 -0.968675 -1.994209 -2.978851 -3.923328 -4.818006 -5.673110 -6.485184 -7.253120 -7.976347 -8.651350 -9.281469 -9.865426 -10.403700 -10.897039 -11.345146 -11.747538 -12.104854 -12.417439 -12.685328 -12.908322 -13.086644 -13.220284 -13.309326
0.000048 0.048848 0.062344 0.075762 0.089277 0.103327 0.117513 0.130984 0.144605 0.160838 0.174460 0.188007 0.201562 0.217074 0.230557 0.245774 0.259363 0.273549 0.288068 0.304543 0.318329 0.332380 0.346242 0.359701 0.373326 0.389816 0.403146 0.416519 0.430289 0.447096 0.465850 0.479273 0.492926 0.509781 0.524060 0.539920 0.553696 0.567562 0.581513 0.594928 0.611083 0.624693 0.638161 0.653204 0.667050 0.680468 0.694027 0.708636 0.722067 0.736588 0.751284 0.764822 0.778275 0.791731 0.805162 0.818580 0.832024 0.845523 0.859833 0.873701 0.887594 0.901125 0.917168 0.930965 0.944981 0.958698 0.972456 0.985949 0.999439 1.013133 1.027608 1.044959 1.058628 1.071987 1.085393 1.098744 1.112184 1.125841 1.139442 1.153226 1.166925 1.183106 1.197689 1.211085 1.224458 1.240969 1.254342 1.267714 1.282045 1.295538 1.309016 1.322454 1.335887 1.349313 1.362730 1.376152 1.389603 1.403052 1.416503 1.430012 1.443465 1.456892 1.470324 1.483758 1.497211 1.510633 1.524054 1.537501 1.550901 1.564617 1.578006 1.593533 1.606989 1.620505 1.634041 1.647506 1.660931 1.674380 1.687810 1.701249 1.714696 1.728122 1.741576 1.756022 1.769418 1.782797 1.796139 1.809496 1.822879 1.836269 1.849636 1.863015 1.876391 1.889761 1.903129 1.917282 1.932180 1.946407 1.960058 1.973750 1.987868 2.001303 2.014766 2.028235 2.041648 2.055133 2.068559 2.081987 2.095415 2.108894 2.123062
Elapsed_time: 2.123062
Score: -13.309326
151
12693.592802 1324.499899 1262.254902 1199.873095 1138.699390 1080.708540 1028.104673 981.129302 938.787648 899.567389 863.129384 828.785213 796.155125 765.611590 736.770144 709.531493 684.007387 659.968616 637.388049 616.174015 596.206549 577.710007 559.973062 543.676097 528.272397 513.633213 499.507853 486.338406 473.633846 461.766983 450.190926 439.046106 428.286084 418.048298 408.012239 398.685740 389.233818 380.474995 371.661557 363.410877 355.154957 347.411456 339.682725 332.367958 325.092198 318.182196 311.314670 304.735181 298.392410 292.164150 286.055116 280.114337 274.228011 268.615717 263.109733 257.814094 252.465062 247.417164 242.451757 237.676199 232.798891 228.192792 223.602344 219.148365 214.691374 210.451089 206.226056 202.148500 198.190427 194.328092 190.515148 186.756429 183.118510 179.468282 175.943556 172.387765 168.971463 165.585835 162.308647 158.966675 155.721647 152.543642 149.502530 146.470712 143.458848 140.488197 137.581967 134.693383 131.895166 129.181235 126.510084 123.828357 121.209304 118.624925 116.171089 113.701816 111.290250 108.876365 106.512044 104.172794 101.897331 99.641832 97.443403 95.260571 93.111442 90.986118 88.925320 86.870360 84.889663 82.940266 81.064613 79.216288 77.411731 75.636860 73.899837 72.209102 70.565063 68.963556 67.395765 65.876528 64.392199 62.952914 61.549819 60.187808 58.864013 57.580938 56.340967 55.149546 54.009837 52.918664 51.875350 50.873742 49.914329 49.001096 48.137385 47.322387 46.553177 45.833312 45.163485 44.539155 43.964519 43.439284 42.962455 42.533556 42.152032 41.817970 41.531655 41.293186 41.102489 40.959531 40.864259
0.000041 0.040575 0.054024 0.067464 0.080916 0.094278 0.107630 0.121029 0.134369 0.148134 0.164138 0.177499 0.190907 0.204590 0.219314 0.232857 0.246266 0.259775 0.273229 0.286629 0.302454 0.315854 0.329216 0.342549 0.355969 0.369378 0.382690 0.396096 0.409502 0.422890 0.436570 0.449968 0.463319 0.479227 0.492601 0.505971 0.519356 0.532789 0.546520 0.559956 0.573370 0.586808 0.600216 0.613632 0.627074 0.640473 0.653888 0.667338 0.680736 0.694147 0.707609 0.721415 0.735136 0.748521 0.761907 0.775289 0.788671 0.801985 0.815340 0.828714 0.842071 0.855453 0.868830 0.882533 0.895945 0.909348 0.922786 0.936212 0.949632 0.963068 0.976497 0.989983 1.003392 1.016814 1.030276 1.043725 1.057147 1.070581 1.084048 1.097485 1.110901 1.124329 1.137805 1.151271 1.164678 1.178217 1.191606 1.205297 1.221113 1.234578 1.251434 1.265820 1.279335 1.294912 1.311143 1.324501 1.337876 1.351290 1.364705 1.378084 1.391634 1.404998 1.418368 1.432729 1.446147 1.459536 1.472900 1.486291 1.500035 1.513926 1.527287 1.540667 1.554155 1.567824 1.583729 1.597464 1.610961 1.624365 1.637842 1.651584 1.665022 1.678418 1.691873 1.705303 1.718718 1.732119 1.745592 1.759038 1.772565 1.786008 1.799432 1.812768 1.826122 1.840614 1.854002 1.867586 1.881008 1.894552 1.909120 1.925380 1.945370 1.958753 1.972094 1.985449 1.998816 2.012154 2.025503 2.038836 2.052204 2.065564 2.078927
Elapsed_time: 2.078927
Score: 40.864259
