5
151
322.546805 212.997971 173.950220 147.187888 122.315634 101.779776 71.713037 28.951226 -15.414258 -46.196704 -78.964274 -111.328053 -147.749876 -185.189223 -214.583524 -235.472698 -257.938032 -260.861669 -271.874734 -276.331722 -282.357818 -288.614437 -291.415810 -296.962867 -299.993459 -304.124233 -310.315487 -313.438333 -320.603405 -324.282019 -328.555108 -334.754166 -340.750577 -346.057645 -350.414869 -354.157802 -358.498407 -362.498464 -366.247096 -369.126577 -372.357250 -374.791700 -376.986450 -379.776215 -382.391968 -385.486920 -387.833294 -390.433116 -393.391905 -396.041089 -399.306465 -403.243020 -406.667527 -410.178068 -412.760264 -417.478738 -419.769398 -423.044681 -427.981852 -431.304767 -435.896027 -439.430829 -442.972977 -446.868511 -452.420710 -456.554846 -460.682761 -465.014269 -470.156342 -476.178553 -480.599235 -486.142303 -491.835316 -498.134912 -503.384361 -509.451899 -516.042276 -521.422315 -525.526348 -530.610282 -534.628015 -538.024249 -542.063029 -545.098528 -548.477808 -552.088350 -554.555849 -557.028403 -559.699173 -561.699310 -563.241696 -566.157690 -567.598614 -569.122975 -570.820047 -572.256418 -573.395365 -575.443944 -576.428353 -577.782155 -579.279949 -581.003179 -582.191896 -583.680668 -585.029640 -586.492618 -587.469483 -588.855502 -589.920046 -591.203097 -592.859615 -593.988153 -596.007821 -598.091872 -600.389593 -602.241738 -604.382846 -606.630972 -608.812273 -611.083923 -613.105232 -616.149293 -618.450161 -620.737427 -622.581593 -625.400631 -626.197980 -629.079748 -630.338253 -632.224445 -633.748276 -635.894828 -637.547620 -639.134088 -641.937823 -643.389850 -645.598740 -647.566071 -649.477409 -651.451662 -653.529318 -655.380732 -657.079442 -658.603868 -660.253767 -661.422321 -662.615250 -664.071122 -664.964633 -666.621166 -667.768274
0.292618 0.324394 0.341696 0.357757 0.373330 0.387487 0.402726 0.415120 0.430354 0.443649 0.455410 0.467039 0.478606 0.490234 0.501663 0.515307 0.527026 0.538167 0.549389 0.560551 0.571677 0.582942 0.594110 0.608014 0.622734 0.637590 0.649047 0.660145 0.671276 0.682361 0.694187 0.706340 0.717911 0.729317 0.742295 0.759370 0.771719 0.782739 0.793882 0.804897 0.816111 0.827241 0.840794 0.856783 0.869191 0.881466 0.894478 0.908187 0.919756 0.931586 0.942968 0.954116 0.965983 0.977112 0.988431 1.003374 1.016527 1.027551 1.038938 1.050497 1.066375 1.077934 1.089744 1.100990 1.111926 1.122862 1.133709 1.144642 1.155542 1.166430 1.177589 1.188675 1.199797 1.210756 1.221617 1.232523 1.246055 1.258300 1.269270 1.280512 1.291649 1.305114 1.319928 1.340363 1.353969 1.364974 1.375773 1.386657 1.397516 1.408373 1.419202 1.430109 1.441440 1.452388 1.463257 1.475111 1.486434 1.497434 1.508387 1.519362 1.530825 1.541940 1.552748 1.563646 1.575189 1.586283 1.598174 1.609257 1.621318 1.633157 1.645723 1.657416 1.669991 1.680755 1.691871 1.702767 1.713998 1.725421 1.736804 1.748245 1.760325 1.772243 1.783716 1.797932 1.808764 1.819474 1.830210 1.840942 1.851595 1.862253 1.873345 1.885111 1.899802 1.914746 1.928221 1.949692 1.960425 1.971101 1.981755 1.992483 2.003179 2.013884 2.024533 2.035215 2.045874 2.056518 2.067181 2.077841 2.088547 2.099739 2.111353
Elapsed_time: 2.111353
Score: -667.768274
151
319.477617 209.483671 169.507532 142.881255 119.002103 97.244246 68.788518 26.996326 -16.825062 -55.618020 -108.998846 -152.802668 -197.495884 -236.811139 -263.954220 -275.420127 -287.920486 -295.776013 -304.253575 -310.963968 -317.664861 -321.720478 -326.525880 -331.189096 -335.408663 -339.653402 -345.339231 -350.801819 -356.207121 -359.913455 -366.294656 -370.301206 -377.069864 -381.366795 -386.225255 -394.194124 -398.440983 -405.727847 -408.741540 -413.958118 -417.748716 -423.587065 -427.080185 -431.219497 -436.555946 -440.828470 -444.788544 -449.156984 -453.178098 -456.983621 -461.601896 -466.055464 -470.181742 -474.998387 -480.965504 -485.773319 -490.786559 -494.253368 -498.888969 -503.470006 -509.314169 -513.572079 -517.969282 -524.125829 -529.899604 -535.649552 -542.512981 -546.777317 -551.025035 -558.207698 -562.269414 -565.981585 -572.742349 -576.430646 -579.675520 -585.856191 -590.144104 -593.333436 -600.329213 -603.602175 -607.992275 -610.679789 -614.657638 -618.238009 -621.003340 -627.151123 -630.450824 -634.862833 -639.679267 -643.157129 -647.268512 -651.853097 -655.199592 -657.845492 -661.169243 -664.348009 -667.453069 -670.219196 -672.463691 -674.826856 -676.956535 -679.113177 -680.827620 -682.522912 -684.481940 -686.146992 -687.690586 -689.003060 -690.320442 -691.322707 -692.402732 -693.430255 -694.502579 -695.671845 -696.609667 -697.594555 -698.587242 -699.305507 -700.011866 -701.210692 -701.808673 -702.456452 -703.183751 -703.765516 -704.790702 -705.483685 -706.238336 -706.925299 -707.551120 -708.321962 -709.091996 -709.737105 -710.274406 -711.311296 -711.854990 -712.559207 -713.259967 -713.825203 -714.474338 -715.364786 -715.803053 -716.536804 -717.295107 -718.028059 -718.590630 -719.235400 -719.709255 -720.250644 -720.968569 -721.395537 -722.132714
0.302591 0.328425 0.340819 0.352931 0.365515 0.378702 0.392198 0.406648 0.418837 0.430574 0.442132 0.453593 0.464908 0.476291 0.490033 0.504612 0.519381 0.534530 0.549406 0.560487 0.571687 0.583522 0.598153 0.609532 0.623807 0.637171 0.649346 0.660227 0.671150 0.682050 0.692963 0.703896 0.714860 0.726429 0.741226 0.756095 0.769120 0.783525 0.794450 0.805306 0.816300 0.829041 0.841168 0.852437 0.864918 0.875872 0.886874 0.898495 0.910338 0.921684 0.932693 0.944155 0.955229 0.966182 0.977098 0.990298 1.002196 1.013115 1.025308 1.036957 1.050055 1.061833 1.073346 1.085688 1.096800 1.107878 1.119291 1.130165 1.141114 1.153350 1.164196 1.175186 1.186638 1.200876 1.215775 1.229194 1.240046 1.250810 1.261575 1.272415 1.283170 1.293963 1.304972 1.316282 1.329254 1.342440 1.365330 1.378298 1.389932 1.402861 1.414546 1.425293 1.439833 1.455299 1.470289 1.484912 1.498942 1.509929 1.521016 1.532987 1.546975 1.557801 1.569402 1.582289 1.593097 1.603853 1.614712 1.625449 1.636214 1.647580 1.659598 1.671673 1.683019 1.693846 1.704523 1.715255 1.726827 1.737784 1.749564 1.761306 1.773234 1.784462 1.798139 1.811255 1.822130 1.835252 1.845941 1.856840 1.868868 1.880970 1.893492 1.906138 1.917066 1.927869 1.938834 1.950500 1.962253 1.974751 1.986098 1.996946 2.008213 2.021337 2.033621 2.044642 2.057429 2.068528 2.079871 2.090654 2.101366 2.112149 2.122887
Elapsed_time: 2.122887
Score: -722.132714
151
330.666295 220.583002 180.133526 151.910311 117.475146 89.802440 47.590362 -15.726592 -65.856817 -111.296805 -154.193492 -207.631091 -245.309556 -279.076700 -294.279038 -310.562125 -325.568402 -333.865802 -340.478345 -345.593818 -350.184249 -353.001771 -358.203309 -360.597723 -364.161660 -366.792123 -370.954045 -374.053026 -377.094738 -382.747442 -386.595731 -391.407741 -396.224322 -400.830204 -405.447513 -411.205037 -414.620680 -419.366691 -424.965005 -430.440346 -434.447356 -438.787493 -442.873962 -447.383292 -452.356037 -455.965696 -459.311737 -464.798033 -468.212770 -471.280124 -477.039225 -480.396412 -483.953739 -491.820475 -495.451349 -499.720552 -505.570902 -509.611502 -515.135037 -519.973632 -524.521962 -529.481962 -533.679117 -538.546639 -544.066073 -548.135823 -551.865798 -558.680179 -562.527734 -566.286859 -570.494447 -573.771508 -578.243476 -582.353126 -586.011701 -589.215994 -592.167267 -594.764373 -597.509372 -599.870164 -602.351420 -605.357825 -607.619526 -610.156928 -612.749460 -614.685169 -616.455910 -618.919466 -620.281838 -621.698198 -623.163736 -624.335000 -625.409383 -627.142691 -628.048782 -629.333608 -630.114285 -631.553023 -632.388486 -633.188244 -634.612824 -634.974794 -636.916049 -637.488383 -638.311506 -639.327433 -640.425266 -641.424975 -642.439490 -643.259599 -644.206602 -645.381728 -646.193284 -647.085491 -648.245428 -649.146598 -650.251989 -651.507074 -652.736856 -653.688735 -655.293754 -656.287524 -657.397872 -658.426347 -659.276713 -659.766225 -661.445934 -662.035100 -662.997699 -663.707772 -664.868114 -665.764381 -666.505296 -667.985155 -668.868808 -670.230665 -671.387921 -672.568544 -673.872516 -675.232989 -676.643155 -677.792285 -678.958168 -680.458395 -681.643929 -682.809352 -684.134400 -685.042092 -686.613884 -687.961203 -689.032492
0.294964 0.320876 0.333496 0.346302 0.361213 0.376910 0.392558 0.404369 0.416147 0.427990 0.440911 0.453082 0.464950 0.476594 0.489329 0.500544 0.514101 0.525455 0.536374 0.547292 0.558862 0.574115 0.588540 0.603921 0.618712 0.632944 0.643929 0.654844 0.665860 0.678378 0.700688 0.712204 0.723685 0.734668 0.745598 0.756566 0.767538 0.778616 0.792563 0.805525 0.816799 0.831640 0.845895 0.860729 0.874107 0.887058 0.900746 0.912095 0.926297 0.937274 0.948725 0.959891 0.970959 0.982116 0.993336 1.004190 1.015343 1.026377 1.037324 1.048656 1.060981 1.071881 1.083512 1.094459 1.105560 1.117119 1.129824 1.141369 1.153554 1.164357 1.175281 1.186267 1.197396 1.208273 1.219578 1.230794 1.242216 1.253269 1.264086 1.274860 1.285613 1.296374 1.307401 1.318195 1.331253 1.342027 1.352818 1.365346 1.376019 1.386721 1.397381 1.408173 1.418917 1.429581 1.440272 1.451383 1.462897 1.475434 1.486099 1.496720 1.507421 1.518052 1.528705 1.539414 1.550073 1.561097 1.571860 1.584281 1.598643 1.613082 1.623776 1.634419 1.645086 1.655761 1.666432 1.677049 1.687725 1.698560 1.709212 1.724857 1.740758 1.753477 1.764124 1.774821 1.785476 1.796107 1.806802 1.817439 1.828048 1.839232 1.851205 1.865834 1.879527 1.891120 1.916237 1.926839 1.937430 1.947995 1.958663 1.969276 1.979893 1.990546 2.001320 2.014060 2.028277 2.041988 2.058067 2.070129 2.080761 2.091335 2.102145
Elapsed_time: 2.102145
Score: -689.032492
151
314.302548 203.482001 164.330263 137.605213 104.760869 80.884084 43.909010 -20.229664 -74.253212 -125.153185 -179.495842 -238.211401 -284.969810 -317.866427 -341.375845 -362.121993 -377.802194 -390.186261 -400.523146 -408.764298 -416.788510 -423.662228 -430.992138 -437.303354 -443.718922 -450.052620 -456.061473 -459.693458 -468.214573 -471.908855 -477.654807 -485.092806 -491.838120 -497.729772 -503.560381 -509.105858 -515.690395 -521.357089 -526.366251 -531.945066 -537.139350 -542.162506 -545.670466 -549.550876 -553.060381 -557.016995 -561.726184 -564.714661 -567.890144 -572.363509 -575.086334 -578.048694 -581.746219 -584.311446 -587.591446 -590.540038 -593.574047 -596.483042 -599.296017 -601.710975 -604.026856 -606.353553 -608.731108 -610.860984 -613.144145 -615.407882 -617.484395 -619.844520 -621.837563 -623.919858 -626.272686 -628.401781 -631.294489 -633.325713 -635.726941 -637.553619 -639.842968 -642.167870 -645.251356 -647.216796 -650.305497 -652.402037 -655.245396 -657.830067 -659.992518 -663.791220 -665.186508 -669.210258 -671.199389 -673.789454 -677.156573 -679.884354 -682.804447 -685.084613 -687.328294 -690.192918 -692.947300 -694.987305 -697.243059 -699.044883 -701.197675 -702.726566 -704.146243 -705.884006 -707.893003 -709.175197 -710.784426 -712.622118 -713.913739 -715.228253 -716.029045 -717.087905 -718.287409 -719.432450 -720.240501 -721.145104 -722.078985 -723.352901 -724.061811 -724.984821 -725.936732 -727.051872 -727.864343 -728.823445 -729.301055 -730.249243 -730.836440 -731.267345 -731.895249 -732.510338 -732.891581 -733.173392 -733.794963 -734.119779 -734.472225 -734.907066 -735.159766 -735.608617 -736.164955 -736.421948 -736.861458 -737.083602 -737.445547 -737.755208 -738.006528 -738.405815 -738.773691 -739.016318 -739.313100 -739.543175 -739.819729
0.297709 0.323522 0.335830 0.347845 0.360490 0.375248 0.391611 0.405311 0.417178 0.428734 0.440279 0.453141 0.464460 0.476675 0.488229 0.499284 0.510633 0.521761 0.532927 0.543982 0.554933 0.566917 0.579563 0.591143 0.601984 0.613038 0.624031 0.635023 0.645887 0.658052 0.669256 0.680470 0.691309 0.702060 0.712887 0.723706 0.734476 0.745306 0.756033 0.767076 0.778429 0.792952 0.804985 0.818226 0.832780 0.844234 0.855219 0.866067 0.877128 0.887858 0.898533 0.909374 0.920104 0.931291 0.942177 0.952983 0.963721 0.974428 0.985373 0.997402 1.009470 1.020455 1.031913 1.042887 1.054112 1.067799 1.078534 1.089393 1.100183 1.111206 1.122591 1.133260 1.143887 1.155032 1.165945 1.176921 1.187781 1.198474 1.209173 1.219931 1.230879 1.241577 1.252441 1.263388 1.274474 1.286045 1.297488 1.309649 1.320378 1.331045 1.341770 1.353438 1.364026 1.374698 1.385258 1.395841 1.406757 1.418967 1.433560 1.445845 1.460504 1.471705 1.483088 1.493759 1.506974 1.519266 1.531419 1.545121 1.555999 1.566601 1.577477 1.588454 1.599238 1.611123 1.624309 1.639245 1.650587 1.661230 1.672572 1.683365 1.695507 1.708673 1.721394 1.735855 1.750076 1.761009 1.771668 1.782463 1.794330 1.806948 1.819829 1.831077 1.843045 1.854853 1.866400 1.879511 1.892308 1.905533 1.916418 1.928870 1.941084 1.951985 1.962635 1.973964 1.984780 1.996153 2.006804 2.017387 2.028024 2.038727 2.049929
Elapsed_time: 2.049929
Score: -739.819729
151
335.946002 226.154112 186.068172 158.501097 127.353001 102.836229 66.059998 -1.178207 -53.203320 -98.349393 -142.264437 -177.378760 -208.212514 -226.793239 -247.690839 -255.240565 -268.365874 -273.595753 -280.684747 -287.053277 -293.421441 -297.985305 -303.325763 -308.907382 -315.194865 -322.436976 -328.564977 -337.778933 -347.196471 -354.161892 -364.788642 -370.258633 -378.041342 -385.320956 -390.797132 -400.795907 -404.149841 -413.605820 -416.944291 -421.601420 -425.167677 -429.942286 -433.437591 -437.218456 -443.813030 -447.480950 -454.032211 -457.887629 -462.558462 -468.036625 -473.677631 -477.788789 -483.220699 -487.504797 -492.135528 -497.242283 -500.764832 -505.348620 -509.666207 -513.290768 -517.411768 -521.487149 -525.690990 -529.567532 -533.699400 -537.910920 -542.924786 -547.320685 -551.854537 -556.474495 -562.203580 -566.021514 -569.993339 -574.800793 -580.137122 -585.093355 -589.750583 -594.608104 -599.213003 -603.832997 -607.393778 -610.861034 -615.298644 -618.522853 -621.338517 -625.172905 -628.551307 -632.160789 -634.908743 -637.194236 -639.771905 -642.142049 -644.234051 -646.739991 -648.368788 -650.142681 -652.152849 -653.808581 -656.023826 -657.990920 -659.456296 -661.427160 -662.839866 -664.432695 -665.602334 -666.831983 -667.965627 -669.717922 -670.607646 -671.996756 -673.338567 -674.923012 -676.095373 -677.348210 -678.450959 -679.812959 -681.016562 -682.124305 -683.266099 -684.859907 -685.855100 -686.958047 -688.034507 -689.641314 -690.889289 -692.283029 -694.442092 -695.738651 -697.625739 -699.303159 -700.931424 -702.691500 -704.401355 -705.938049 -707.276722 -708.805239 -710.149849 -711.418671 -712.659395 -714.118616 -715.474491 -716.601093 -717.687222 -719.099097 -720.000832 -720.940662 -721.912220 -722.650278 -723.586846 -724.373466 -725.136065
0.298662 0.325497 0.337938 0.349887 0.361821 0.374023 0.386340 0.401984 0.414004 0.427149 0.442660 0.454649 0.466121 0.477769 0.488938 0.500019 0.511170 0.522230 0.533479 0.548312 0.563839 0.578977 0.590686 0.601825 0.613027 0.624142 0.635284 0.647173 0.658941 0.671389 0.683571 0.696887 0.707798 0.718761 0.729639 0.740480 0.751370 0.762598 0.773798 0.784861 0.795834 0.806807 0.819431 0.831816 0.844718 0.858239 0.870008 0.881595 0.894048 0.904959 0.916221 0.927144 0.937995 0.948917 0.960935 0.972089 0.984466 0.995376 1.006196 1.017165 1.029399 1.040478 1.051364 1.062307 1.073197 1.084066 1.095427 1.106346 1.121576 1.137370 1.149221 1.160044 1.171044 1.182093 1.192819 1.203587 1.214330 1.225045 1.235811 1.246485 1.258129 1.268984 1.279716 1.290492 1.301153 1.311839 1.322612 1.333317 1.344039 1.354853 1.365829 1.376612 1.390937 1.401819 1.412968 1.423804 1.434766 1.445595 1.456380 1.467290 1.478514 1.489238 1.500204 1.511935 1.524854 1.535591 1.546274 1.556997 1.567666 1.578336 1.589220 1.600298 1.611927 1.624131 1.638828 1.651172 1.663321 1.676601 1.687351 1.698072 1.708871 1.719647 1.732194 1.743072 1.753805 1.765563 1.777230 1.805234 1.816260 1.829977 1.843779 1.854474 1.865193 1.875838 1.886650 1.897491 1.910615 1.921441 1.932795 1.945637 1.958676 1.969883 1.983284 1.994010 2.004652 2.015381 2.026059 2.036904 2.047605 2.058458 2.069153
Elapsed_time: 2.069153
Score: -725.136065
