5
151
11940.420383 9297.221924 2245.092528 1357.139288 1073.591194 960.037906 821.125456 774.235558 685.507960 622.614198 527.527995 502.547641 455.283353 432.302878 396.976055 365.867821 332.288583 299.146102 263.054063 235.379298 204.670969 172.315501 145.753463 127.652481 106.851189 96.896326 81.818519 70.033521 56.518179 44.410064 31.389107 16.900081 -0.214490 -15.298995 -29.476653 -42.368277 -57.613374 -70.648938 -83.576505 -101.265201 -119.013063 -135.146711 -156.677138 -173.840841 -190.737661 -205.463882 -216.741935 -226.200372 -234.155435 -245.550887 -252.158414 -260.631166 -268.999784 -276.413608 -287.112300 -294.457258 -300.715924 -306.371866 -311.976038 -315.760358 -323.687517 -330.353599 -335.175331 -340.305682 -346.670796 -352.590413 -357.805889 -362.285929 -367.558212 -370.527795 -376.004200 -379.215478 -383.393883 -389.590956 -391.180047 -399.613053 -402.267875 -406.000061 -410.507506 -415.148133 -419.569255 -425.152905 -429.326118 -433.875477 -440.923158 -445.095365 -449.370656 -457.361325 -461.002879 -465.647658 -470.292216 -474.776783 -483.042966 -485.957207 -495.856406 -500.266359 -506.787823 -513.984532 -521.019892 -527.164152 -532.897587 -537.010759 -540.947352 -547.762137 -552.158972 -558.071324 -563.415754 -568.492903 -572.733990 -577.508752 -582.003465 -585.943242 -590.760785 -594.307277 -598.078715 -601.768025 -605.237874 -609.687409 -613.593788 -616.964808 -620.101218 -622.687763 -625.904281 -629.953192 -632.412641 -635.120816 -638.721203 -641.147654 -644.751407 -647.964261 -651.013709 -653.497870 -656.202726 -658.829414 -661.055973 -663.152738 -664.709791 -666.500118 -668.191296 -669.699093 -671.033962 -672.775829 -673.928776 -675.473208 -676.324203 -678.366073 -679.276690 -680.441658 -682.064791 -682.780002 -684.106443
0.000039 0.031525 0.050657 0.070081 0.087044 0.103968 0.117599 0.131305 0.144818 0.158068 0.172150 0.185924 0.200067 0.213572 0.227946 0.242555 0.256192 0.270685 0.288548 0.304268 0.317128 0.329784 0.342262 0.354634 0.367332 0.380859 0.393675 0.406818 0.419385 0.431992 0.444167 0.456148 0.468194 0.480771 0.493624 0.505346 0.517118 0.531396 0.543298 0.554915 0.566658 0.578549 0.590184 0.602564 0.613925 0.625257 0.640740 0.657424 0.670229 0.684225 0.697909 0.709350 0.720470 0.731556 0.742738 0.754189 0.769405 0.785107 0.799725 0.811347 0.824558 0.835799 0.846905 0.859954 0.872962 0.884082 0.896429 0.907566 0.919247 0.930432 0.941570 0.952730 0.963885 0.976161 0.987942 0.999493 1.011030 1.022477 1.033378 1.044387 1.056134 1.067087 1.078013 1.090083 1.101928 1.112948 1.124903 1.136160 1.148102 1.159131 1.170362 1.183429 1.194955 1.205823 1.218924 1.232198 1.243325 1.254285 1.267147 1.278029 1.289107 1.301161 1.314695 1.325681 1.336478 1.347304 1.360024 1.372303 1.383076 1.396043 1.410097 1.427638 1.444621 1.460447 1.472914 1.483742 1.494669 1.505429 1.516268 1.528841 1.541239 1.554299 1.565050 1.575750 1.586534 1.597508 1.608633 1.621294 1.632354 1.645288 1.658046 1.670123 1.682701 1.693780 1.707033 1.720222 1.733989 1.749571 1.760325 1.770976 1.781678 1.792422 1.803081 1.814504 1.825207 1.836820 1.847879 1.858932 1.869752 1.880929 1.892012
Elapsed_time: 1.892012
Score: -684.106443
151
11421.463936 8886.873044 2188.914772 1355.481812 1089.237511 978.419591 843.042644 784.776029 708.798213 619.866568 543.321436 492.735963 458.016139 429.455781 395.445440 363.712241 329.681720 289.737524 256.819954 222.450318 185.809254 152.048481 126.590804 105.385419 87.125500 63.976121 46.755768 30.537589 14.619812 -0.587546 -15.984197 -31.731476 -42.188175 -53.778607 -65.718186 -76.680687 -87.788806 -98.730345 -110.069324 -122.900149 -132.424656 -143.747104 -154.652256 -168.287278 -178.486542 -190.195145 -195.440616 -209.828312 -216.825125 -226.764737 -238.146391 -249.326773 -259.542733 -271.519994 -282.161046 -292.319702 -301.309355 -309.527875 -316.124932 -323.094356 -331.153925 -337.121910 -343.832155 -351.999177 -358.828523 -365.858972 -373.725768 -380.894977 -387.195709 -393.409895 -399.081562 -404.361329 -409.328128 -414.879918 -420.122095 -425.422877 -431.254188 -435.582096 -439.754203 -446.175780 -449.648061 -453.742409 -458.367946 -461.626715 -465.139744 -470.029223 -472.669859 -477.026674 -480.024192 -485.143955 -488.571981 -492.452201 -497.593685 -503.804976 -511.045996 -518.037841 -523.065940 -529.068583 -535.055150 -540.404660 -545.949546 -553.525798 -557.755884 -563.596643 -568.346112 -574.443721 -578.699034 -583.086757 -587.300235 -592.381024 -596.198883 -599.711205 -605.705909 -609.236831 -613.985557 -617.819786 -621.722701 -623.337207 -629.862372 -632.306995 -635.717801 -640.342108 -642.734241 -646.984238 -648.947285 -651.730310 -652.587962 -656.465088 -657.836514 -659.590394 -661.993967 -663.520530 -666.758311 -668.079498 -670.262203 -672.262065 -674.747145 -676.111575 -678.109118 -679.324006 -681.249136 -682.603316 -683.694865 -686.054908 -687.267823 -688.685979 -690.178718 -691.479333 -693.049055 -694.336810 -695.421142
0.000113 0.032470 0.047849 0.063158 0.077995 0.094515 0.110851 0.125158 0.138961 0.152635 0.166275 0.179905 0.193369 0.206820 0.220296 0.233750 0.247439 0.260725 0.273936 0.287186 0.301717 0.315764 0.328111 0.340354 0.352561 0.364815 0.378448 0.391721 0.406887 0.421594 0.437926 0.451134 0.464899 0.478242 0.490171 0.501935 0.513819 0.526497 0.540257 0.552003 0.565765 0.577520 0.589293 0.601467 0.612921 0.624560 0.635955 0.648040 0.661368 0.673691 0.685255 0.696954 0.708676 0.720573 0.732021 0.743278 0.754549 0.765784 0.777096 0.789255 0.801340 0.815604 0.829794 0.843987 0.858965 0.873879 0.885236 0.896293 0.907474 0.918564 0.929907 0.941084 0.954673 0.965574 0.976466 0.987396 0.999156 1.013469 1.028949 1.043933 1.055502 1.068974 1.082599 1.096663 1.110918 1.125358 1.138964 1.150124 1.162503 1.173481 1.186135 1.197521 1.209123 1.220224 1.231188 1.242371 1.253565 1.264592 1.276279 1.287645 1.298892 1.316217 1.330357 1.341158 1.352095 1.362873 1.373758 1.385388 1.398746 1.414569 1.427724 1.438676 1.449978 1.461165 1.473681 1.486634 1.497853 1.508687 1.519438 1.531467 1.542669 1.553758 1.564481 1.575218 1.586359 1.597760 1.612693 1.627345 1.640274 1.650992 1.661864 1.673436 1.684729 1.695434 1.707314 1.718134 1.729080 1.740159 1.752035 1.762954 1.773760 1.785024 1.795749 1.806477 1.830508 1.841293 1.852232 1.863450 1.874120 1.884790 1.895389
Elapsed_time: 1.895389
Score: -695.421142
151
12606.846721 9868.833730 2340.950920 1402.347128 1110.362568 1002.028558 869.282042 809.229629 747.515145 648.603418 560.028561 510.078800 472.232546 446.175740 407.899409 377.313459 340.848758 306.081925 273.470897 240.384928 206.757291 179.983349 151.298962 134.973447 118.436140 102.475311 86.665099 70.497667 53.356028 39.433087 23.802248 10.496574 -6.215820 -19.803531 -33.871461 -47.577559 -63.840530 -75.313306 -88.015022 -96.876526 -112.298398 -121.943748 -134.279710 -152.963046 -162.589372 -179.678037 -188.902976 -199.092656 -208.082841 -219.163837 -226.670109 -234.607584 -246.874452 -253.101398 -262.476383 -267.722567 -274.980992 -282.226569 -289.416152 -295.337143 -301.183895 -306.837403 -313.539455 -318.098100 -323.748211 -330.065388 -337.601919 -343.456506 -349.923120 -353.949296 -361.004552 -365.796885 -370.710157 -379.446221 -383.036975 -392.795347 -398.203412 -405.070605 -415.009793 -422.789206 -431.496981 -439.185460 -446.454356 -454.001638 -463.716476 -470.142711 -477.039979 -484.168949 -490.976411 -498.783286 -504.063459 -510.302941 -517.485719 -522.962228 -527.828932 -531.797327 -536.141342 -540.522674 -545.053205 -549.453143 -553.733469 -559.168503 -564.535990 -569.554838 -574.421240 -579.612761 -583.896355 -587.964911 -592.192959 -596.878106 -601.276325 -606.067002 -610.242865 -614.550264 -618.649168 -622.122387 -625.444504 -628.642132 -631.608072 -634.619830 -637.518948 -639.778635 -641.918581 -643.950599 -646.132527 -648.319256 -650.251790 -652.264300 -653.902508 -655.834332 -657.613725 -659.860447 -661.473541 -663.113782 -664.317656 -666.547087 -667.765473 -669.174503 -671.208238 -672.752108 -674.649824 -676.048239 -677.580204 -679.113279 -681.428003 -682.503102 -684.128561 -685.697269 -687.708740 -689.493441 -691.165007
0.000040 0.037863 0.053234 0.068564 0.084807 0.104083 0.121639 0.153686 0.168080 0.182172 0.196820 0.212380 0.227956 0.248421 0.267272 0.284572 0.298486 0.314290 0.331699 0.346747 0.365910 0.379347 0.392303 0.405057 0.418025 0.431103 0.443926 0.456129 0.468323 0.480383 0.492775 0.505559 0.520697 0.532899 0.546502 0.560466 0.572194 0.583988 0.595695 0.607524 0.619635 0.632151 0.644300 0.656172 0.668389 0.679827 0.691359 0.702917 0.714802 0.726483 0.737868 0.749211 0.760488 0.771716 0.783050 0.794311 0.805846 0.817963 0.829070 0.840169 0.851442 0.865997 0.877389 0.888447 0.899619 0.913194 0.928405 0.942541 0.957465 0.973092 0.986476 1.001194 1.012322 1.023307 1.034467 1.046114 1.057512 1.070055 1.082329 1.095439 1.106310 1.117310 1.128896 1.139807 1.151174 1.162411 1.173920 1.185610 1.197552 1.211693 1.225140 1.236728 1.249803 1.261587 1.274713 1.285553 1.296328 1.307188 1.318822 1.330151 1.341006 1.351935 1.363166 1.374356 1.388926 1.399702 1.410429 1.421280 1.431992 1.442685 1.454240 1.465096 1.478379 1.489134 1.499865 1.510625 1.522285 1.533972 1.545197 1.556231 1.569429 1.584573 1.600260 1.615628 1.629460 1.644365 1.656010 1.666829 1.677585 1.688420 1.699514 1.713113 1.725969 1.736897 1.747798 1.759648 1.771162 1.782281 1.793208 1.804082 1.815059 1.825871 1.836755 1.847899 1.858583 1.869291 1.879930 1.890558 1.901275 1.912620 1.923853
Elapsed_time: 1.923853
Score: -691.165007
151
12784.180091 10001.453234 2341.815076 1379.797874 1075.146389 962.864138 840.453366 778.875192 701.933983 618.884875 537.498732 485.356271 450.599930 422.020055 392.592194 360.040497 324.134031 292.636525 264.503253 229.794063 199.784847 175.592648 159.193296 141.405048 126.649360 111.927883 100.444854 86.387912 72.897005 58.175775 44.361630 31.486018 21.676472 5.364160 -2.119884 -13.796758 -26.868199 -38.448292 -48.804999 -61.757376 -73.282847 -87.013933 -103.711213 -116.232052 -128.216066 -141.486684 -157.594904 -172.280905 -184.786117 -200.849455 -212.049403 -223.492574 -233.360514 -241.345706 -249.770965 -257.375652 -265.502266 -271.228981 -277.469247 -284.206107 -289.302987 -295.093803 -300.342245 -304.586741 -309.216813 -314.249739 -319.444150 -324.578615 -328.922867 -334.179194 -338.947855 -341.998659 -346.444991 -350.034546 -353.558090 -357.587600 -360.981799 -364.741485 -369.395320 -372.249893 -376.331593 -379.151708 -383.782714 -386.519921 -389.170560 -393.558959 -394.650035 -399.939164 -402.292539 -405.271942 -409.327156 -412.480609 -416.924725 -419.945823 -423.960734 -430.150945 -434.840708 -439.251878 -443.908236 -447.585409 -452.304278 -457.879758 -462.288106 -466.218830 -470.866954 -474.571650 -478.624136 -482.090905 -485.616057 -488.478355 -491.294353 -493.725850 -496.421239 -498.972179 -503.057963 -505.227576 -508.140657 -510.797765 -514.363496 -517.225841 -519.818350 -522.954486 -526.012797 -528.087832 -531.240862 -532.798289 -535.105591 -537.556861 -539.341395 -540.584015 -543.490820 -544.640291 -546.449077 -548.268552 -550.404161 -551.855576 -553.554842 -554.841496 -556.723065 -558.699798 -560.010662 -562.902003 -563.586551 -566.750980 -568.011490 -569.980478 -571.888663 -574.308590 -576.150914 -577.947130 -580.201676
0.000057 0.036074 0.055671 0.075889 0.090864 0.105524 0.122774 0.140500 0.154047 0.170018 0.184803 0.198557 0.213910 0.231731 0.246334 0.263317 0.276775 0.290573 0.308237 0.326052 0.342370 0.355203 0.371476 0.384235 0.399109 0.411581 0.424369 0.436759 0.449629 0.462705 0.475430 0.487794 0.499925 0.512117 0.524210 0.536152 0.550044 0.561797 0.574495 0.590463 0.604310 0.618599 0.630430 0.642098 0.655057 0.666609 0.678011 0.689448 0.700737 0.711989 0.723666 0.734927 0.746189 0.757604 0.768775 0.780023 0.791176 0.802292 0.813418 0.824504 0.835650 0.846759 0.857864 0.869289 0.880525 0.893016 0.906884 0.922207 0.937575 0.952184 0.964059 0.977784 0.990168 1.001439 1.012752 1.024508 1.036213 1.047487 1.058790 1.070750 1.085295 1.098543 1.109697 1.120704 1.131664 1.142989 1.156047 1.168109 1.179120 1.191133 1.204720 1.215683 1.226669 1.237564 1.248461 1.259427 1.270335 1.281256 1.292178 1.303083 1.314051 1.324922 1.335789 1.346683 1.357571 1.368409 1.379427 1.390406 1.403056 1.415001 1.429893 1.443065 1.453857 1.464745 1.475580 1.486620 1.499792 1.514527 1.529482 1.542191 1.553017 1.563887 1.575750 1.588310 1.599152 1.610081 1.621254 1.632102 1.643097 1.654057 1.666598 1.677860 1.691880 1.706312 1.718109 1.728936 1.739976 1.751918 1.762868 1.773856 1.785273 1.796143 1.807012 1.818894 1.830423 1.841311 1.853024 1.864282 1.875144 1.887574 1.899104
Elapsed_time: 1.899104
Score: -580.201676
151
12693.592802 9930.304491 2351.450268 1395.021289 1094.492962 983.715862 855.677041 804.024100 724.156771 651.620178 561.887969 514.286989 477.341978 452.902549 421.494170 412.620822 385.743204 366.586108 343.264310 325.138677 304.106355 277.288730 257.052358 240.676157 223.712842 209.382346 195.144595 181.352135 167.478619 146.844486 133.834148 119.037290 100.814473 87.269958 73.253104 60.347912 51.499221 40.505642 29.163461 17.572814 4.356339 -7.924527 -23.811138 -40.175081 -54.753982 -67.429909 -80.253534 -93.465603 -105.562081 -115.930530 -125.839474 -137.471936 -149.161547 -159.475493 -168.854166 -178.488476 -187.230360 -194.447130 -202.695019 -209.530255 -215.792730 -221.734594 -226.407995 -231.899206 -236.687709 -240.775689 -244.144658 -248.871514 -252.195526 -255.242176 -258.605259 -261.741624 -265.125032 -269.326165 -272.082616 -275.603501 -277.817905 -281.698498 -284.331102 -286.861029 -290.063207 -292.971870 -295.115004 -297.614110 -299.578275 -301.890308 -304.915789 -306.780349 -308.636848 -310.985531 -312.624631 -314.080949 -316.090126 -317.467152 -319.068500 -320.552753 -321.728664 -323.105721 -324.295248 -325.759040 -327.027444 -328.561571 -329.937079 -331.302513 -332.741786 -334.898186 -336.901261 -338.917221 -341.235495 -343.810370 -347.686227 -350.277648 -353.110510 -356.790611 -359.736301 -362.227143 -366.881793 -368.923440 -371.883176 -374.361668 -377.710137 -380.525419 -383.368714 -388.247199 -390.220311 -396.567748 -399.171940 -403.596855 -406.610263 -411.358701 -414.300794 -417.207319 -421.086715 -424.378625 -427.155857 -430.354424 -433.230577 -436.799224 -440.885352 -444.829233 -447.768006 -453.048907 -455.295901 -459.242157 -461.996638 -464.885405 -467.972352 -471.386539 -473.633561 -476.523547 -478.781929
0.000041 0.035232 0.055932 0.076630 0.094749 0.111140 0.125314 0.139781 0.153538 0.168466 0.182055 0.195728 0.209185 0.222724 0.236283 0.249907 0.263646 0.277487 0.297370 0.314723 0.332490 0.346215 0.359252 0.375638 0.388393 0.401843 0.415520 0.429612 0.444072 0.458894 0.471937 0.486104 0.501338 0.514004 0.527970 0.543229 0.559596 0.571760 0.584266 0.596429 0.610197 0.624130 0.636209 0.648152 0.660039 0.671931 0.683692 0.695495 0.708833 0.724722 0.736592 0.748852 0.761053 0.772713 0.784653 0.796300 0.807798 0.819252 0.830708 0.842174 0.857363 0.874344 0.885989 0.897827 0.909322 0.922455 0.934768 0.946065 0.957292 0.968583 0.979852 0.991064 1.002939 1.015706 1.030268 1.045183 1.059036 1.071827 1.084775 1.096429 1.107642 1.121593 1.136121 1.147370 1.158594 1.172675 1.184367 1.195579 1.209559 1.225415 1.239511 1.252747 1.265422 1.276538 1.287691 1.299006 1.310180 1.321830 1.335282 1.346732 1.357851 1.368942 1.380634 1.393818 1.405653 1.420601 1.435625 1.448581 1.463230 1.476400 1.487575 1.500860 1.512006 1.524198 1.536077 1.548214 1.559819 1.572359 1.585800 1.597536 1.608629 1.619869 1.630989 1.642582 1.657300 1.669986 1.680982 1.693213 1.707901 1.720863 1.731808 1.742906 1.754432 1.767806 1.778736 1.789621 1.800553 1.811464 1.822318 1.833203 1.844103 1.854989 1.866181 1.877071 1.890214 1.905004 1.919059 1.932581 1.944633 1.958377 1.969299
Elapsed_time: 1.969299
Score: -478.781929
