5
136
186.725759 -190.739240 -251.066128 -277.730086 -292.897096 -310.514725 -316.397691 -331.213669 -334.947140 -348.447303 -350.919071 -363.778614 -366.135404 -378.093580 -380.841474 -392.154306 -394.465733 -405.772860 -407.846820 -418.805159 -420.568015 -431.278492 -432.575920 -442.790031 -444.070514 -453.745747 -454.589037 -463.733168 -464.620370 -473.711175 -474.524850 -483.114964 -484.026749 -492.458792 -493.363479 -501.309374 -502.116702 -509.849153 -510.714956 -518.143530 -519.205161 -526.429718 -527.504751 -534.585159 -535.648240 -542.732317 -543.859946 -550.654308 -552.119586 -558.786972 -560.219255 -566.333436 -567.994695 -574.029367 -576.244118 -582.128926 -584.354608 -590.271911 -592.904992 -598.340182 -600.392948 -605.818703 -607.990718 -613.783918 -615.464018 -621.258973 -622.988633 -628.600671 -630.482113 -635.895716 -637.599152 -643.271022 -645.330018 -650.841864 -653.498983 -659.809616 -662.483802 -668.879169 -672.048159 -678.672585 -681.325634 -687.655393 -690.500637 -696.706536 -699.845788 -706.510691 -709.885028 -716.975905 -721.156943 -728.083541 -732.471153 -739.532077 -743.416112 -750.190342 -753.723898 -760.444225 -764.979730 -771.905981 -776.438473 -783.319709 -788.119571 -795.093332 -800.508807 -808.189390 -814.209426 -821.994922 -828.521981 -836.258933 -843.064006 -850.913298 -857.715214 -865.299996 -871.726733 -878.977779 -885.775266 -893.028708 -900.043254 -907.358331 -914.131373 -921.055169 -927.751590 -934.464797 -940.871053 -947.025870 -953.013308 -958.913532 -964.588119 -970.099473 -975.457632 -980.548559 -985.431501 -990.140646 -994.548868 -998.839547 -1002.800212 -1006.559866
7.938278 9.471763 9.758007 10.045103 10.335092 10.623918 10.912411 11.199630 11.484052 11.766786 12.042272 12.325521 12.606220 12.895082 13.178254 13.469809 13.746199 14.032630 14.316585 14.600308 14.887329 15.171045 15.460021 15.739626 16.021385 16.305136 16.589045 16.873169 17.163439 17.446602 17.729331 18.013249 18.304819 18.592216 18.882014 19.165002 19.443956 19.723599 20.014493 20.296990 20.577115 20.863255 21.156872 21.441953 21.726459 22.015682 22.302189 22.585248 22.869284 23.154786 23.437107 23.719408 23.998247 24.288456 24.579027 24.864057 25.149025 25.441368 25.730246 26.007732 26.286087 26.560279 26.846260 27.132971 27.416318 27.703403 27.986009 28.271183 28.557355 28.840465 29.121966 29.415229 29.712165 30.001707 30.285339 30.583399 30.861827 31.162274 31.447211 31.734432 32.032934 32.320593 32.606619 32.900740 33.185915 33.479763 33.763010 34.043262 34.321597 34.615925 34.899127 35.188973 35.465400 35.744960 36.036431 36.323579 36.603172 36.884404 37.173135 37.455310 37.740780 38.024875 38.315253 38.599258 38.877933 39.174480 39.466505 39.754216 40.047448 40.331635 40.627795 40.905174 41.185323 41.464500 41.749210 42.033712 42.320323 42.600556 42.882210 43.165335 43.445465 43.746615 44.055720 44.339898 44.632882 44.915946 45.202264 45.484618 45.786106 46.077528 46.369621 46.660082 46.950078 47.225664 47.519323 47.804896
Elapsed_time: 47.804896
Score: -1006.559866
136
184.531600 -215.896478 -278.076006 -307.828080 -324.752779 -341.969475 -353.203937 -367.010245 -375.921884 -387.255036 -394.593940 -405.132262 -412.087005 -421.021648 -428.741786 -436.266669 -443.808762 -450.868605 -458.035963 -464.382000 -471.333609 -477.413298 -484.139662 -489.715551 -496.702310 -501.441108 -508.474760 -512.555587 -519.346660 -523.204393 -530.030967 -533.258228 -540.612686 -543.683187 -550.793994 -554.006255 -561.450576 -564.418918 -571.478437 -574.308265 -582.008642 -584.005607 -592.338076 -593.670136 -601.767037 -604.016343 -611.498586 -613.752565 -621.295745 -623.472097 -631.016887 -634.184526 -641.525567 -644.759577 -651.986249 -655.147145 -662.372832 -664.990769 -672.173583 -675.270842 -681.835469 -684.569548 -690.632368 -693.556144 -699.524233 -703.233925 -709.163596 -713.256617 -719.761198 -723.695892 -730.111766 -734.340214 -740.229721 -744.632831 -750.649226 -755.040033 -761.395882 -765.950237 -772.274893 -777.227896 -783.316325 -788.519675 -794.476872 -799.324438 -805.301581 -810.471244 -816.572466 -822.016915 -828.366830 -834.040651 -840.828494 -846.710350 -853.537565 -860.233936 -867.350383 -873.901324 -880.877124 -886.955518 -893.960573 -899.526071 -907.097247 -913.403229 -921.013208 -927.443903 -935.358861 -942.673389 -950.677828 -958.265398 -966.497564 -974.203269 -982.156091 -989.512394 -997.421576 -1004.552653 -1012.464114 -1019.532104 -1027.156112 -1034.314691 -1041.866064 -1049.028072 -1056.303850 -1063.132744 -1069.875980 -1076.227211 -1082.610534 -1088.541959 -1094.549416 -1100.180482 -1105.718946 -1110.981632 -1116.131555 -1120.979514 -1125.723745 -1130.097283 -1134.318312 -1138.274925
8.153595 9.678679 9.967712 10.249957 10.536903 10.827148 11.112562 11.401509 11.686687 12.006310 12.295956 12.587870 12.875934 13.181549 13.460650 13.766224 14.061243 14.340737 14.621718 14.933902 15.227210 15.517995 15.802529 16.084780 16.362986 16.655758 16.976604 17.275487 17.590722 17.861506 18.157531 18.448021 18.740962 19.036017 19.319005 19.621977 19.921223 20.213713 20.499730 20.776192 21.064708 21.352579 21.636304 21.929899 22.221557 22.504209 22.805588 23.103494 23.409454 23.726573 24.033912 24.313501 24.634606 24.939763 25.246658 25.552348 25.858832 26.168608 26.449395 26.741729 27.031842 27.317300 27.602899 27.905867 28.195531 28.488012 28.785955 29.076860 29.373874 29.668755 29.973545 30.259248 30.536772 30.833215 31.116783 31.411019 31.704060 31.985014 32.272552 32.591281 32.875589 33.174290 33.506412 33.808631 34.106005 34.402100 34.682360 34.977648 35.262405 35.548078 35.834558 36.140067 36.438986 36.718009 37.022471 37.310025 37.605480 37.893826 38.202304 38.481227 38.768398 39.045760 39.340296 39.616650 39.913388 40.191799 40.497060 40.768452 41.056450 41.344827 41.650921 41.960835 42.250995 42.544909 42.835674 43.125775 43.401743 43.679771 43.961574 44.255353 44.547176 44.831165 45.122621 45.407018 45.689373 45.983972 46.284197 46.570346 46.843643 47.139072 47.432841 47.734620 48.034968 48.327670 48.614073 48.909918
Elapsed_time: 48.909918
Score: -1138.274925
136
181.069106 -203.306027 -272.889757 -289.493315 -314.004479 -322.270176 -341.223924 -345.527639 -362.685697 -366.456929 -381.698062 -384.026794 -398.488412 -400.668947 -414.303737 -416.513571 -429.480922 -431.374157 -443.369729 -445.123929 -455.845424 -458.020543 -468.056308 -469.580785 -479.157739 -480.361338 -489.459011 -490.515958 -499.187092 -500.519430 -508.624063 -510.150483 -517.898291 -519.659822 -527.118902 -528.811434 -536.046156 -537.525323 -544.867246 -546.156242 -553.258296 -554.519305 -561.432272 -562.483558 -569.222278 -570.398215 -576.802187 -578.120150 -584.065784 -585.881475 -591.229718 -593.440464 -598.923071 -601.183818 -606.441636 -608.803022 -613.358408 -616.219695 -620.728872 -623.976975 -628.233238 -631.214521 -635.159752 -638.056886 -642.175793 -644.900151 -649.496943 -652.931615 -657.488353 -660.422681 -665.592717 -668.587366 -673.252354 -676.857827 -681.618017 -686.012761 -690.668538 -695.035698 -699.663556 -703.732222 -708.643043 -713.209516 -718.381358 -723.451707 -728.426319 -733.548946 -738.665997 -743.183944 -748.443196 -753.402311 -758.210305 -763.042441 -768.032687 -773.432739 -778.244238 -784.045062 -789.196388 -795.429374 -800.699729 -806.941678 -812.802604 -819.699613 -826.413195 -833.624730 -840.955802 -848.129950 -855.140978 -862.502642 -869.086060 -876.316796 -882.641562 -889.783566 -896.554043 -904.062798 -911.525315 -919.205847 -926.263336 -933.419403 -940.303740 -947.229794 -953.649924 -960.212946 -966.315642 -972.439859 -978.266929 -984.088884 -989.780963 -995.294405 -1000.626901 -1005.760722 -1010.589355 -1015.249958 -1019.724657 -1023.894477 -1027.857449 -1031.625644
8.017629 9.545913 9.828648 10.150437 10.454220 10.747242 11.037883 11.343542 11.626326 11.915409 12.201043 12.500575 12.805976 13.101494 13.397145 13.702434 13.981060 14.280863 14.565564 14.867895 15.168697 15.446122 15.736237 16.038724 16.319256 16.605142 16.886648 17.172852 17.463198 17.752001 18.043593 18.329189 18.630317 18.947604 19.233867 19.516739 19.799939 20.107099 20.380493 20.657972 20.956174 21.240503 21.525246 21.808759 22.107589 22.392573 22.697711 22.976323 23.277443 23.574241 23.869645 24.182485 24.455071 24.730744 25.014219 25.325780 25.625067 25.912234 26.204574 26.504238 26.786270 27.085551 27.374769 27.677828 27.953051 28.241313 28.546965 28.823906 29.114774 29.438025 29.749853 30.025685 30.315602 30.603465 30.903471 31.206774 31.505075 31.789938 32.098357 32.380439 32.656492 32.940644 33.222751 33.504758 33.806701 34.088656 34.385476 34.693203 34.974585 35.281420 35.599815 35.902428 36.203041 36.495263 36.784021 37.073936 37.374019 37.671902 37.958116 38.243583 38.517109 38.815103 39.095465 39.386566 39.669187 39.958729 40.234011 40.528922 40.862232 41.140801 41.441403 41.754134 42.045527 42.333710 42.616938 42.933775 43.207437 43.503523 43.785142 44.065379 44.373101 44.674040 44.978880 45.258123 45.573943 45.862321 46.166514 46.447722 46.729950 47.020215 47.321535 47.638257 47.927266 48.205195 48.497051 48.783940
Elapsed_time: 48.783940
Score: -1031.625644
136
229.129168 -137.699446 -209.245239 -225.631767 -251.325625 -255.931581 -275.979566 -277.364535 -295.349933 -296.661228 -311.959053 -312.651343 -326.973135 -328.859068 -341.870977 -342.935793 -355.270669 -357.175746 -368.517902 -370.405677 -380.230382 -382.617745 -391.590212 -394.065947 -402.327231 -404.959790 -412.737826 -415.062261 -422.744267 -424.833604 -432.310293 -434.152022 -441.964180 -444.004603 -451.530450 -453.474409 -460.562365 -462.657191 -469.478940 -470.670022 -477.854528 -478.895870 -485.827368 -486.959389 -494.090935 -495.327418 -501.809797 -503.171650 -509.294282 -510.746404 -516.642242 -518.888736 -523.891141 -526.860529 -531.755692 -534.327874 -539.345994 -542.427531 -546.871983 -550.035039 -554.378256 -557.415537 -561.690199 -564.403841 -569.133306 -571.795899 -576.557871 -579.350367 -584.068937 -586.910306 -591.501080 -594.325664 -598.554691 -601.818174 -605.760558 -609.177365 -613.634951 -617.272337 -621.511823 -625.018390 -629.238532 -632.550055 -636.840931 -640.337789 -644.731705 -648.312468 -652.565359 -656.286003 -660.478476 -665.064459 -669.883148 -674.886936 -680.100825 -685.469429 -690.860113 -696.201949 -702.303286 -707.923491 -714.515624 -720.497310 -726.723558 -732.195347 -738.482107 -744.283055 -750.621799 -756.370476 -762.264089 -768.325210 -774.748430 -781.493318 -788.221368 -795.054549 -802.041374 -808.935585 -816.528978 -823.685521 -830.726297 -837.606094 -844.965018 -851.722274 -858.554081 -864.967800 -871.450799 -877.654884 -883.888642 -889.870453 -895.946793 -901.731304 -907.370386 -912.627920 -917.697699 -922.606194 -927.208119 -931.598964 -935.724312 -939.663111
8.105430 9.681194 9.958883 10.245116 10.533258 10.821605 11.127411 11.421141 11.727150 12.042744 12.334890 12.613781 12.892024 13.191135 13.490184 13.770569 14.058835 14.345029 14.629993 14.918015 15.214285 15.521582 15.830027 16.116950 16.398016 16.683103 17.000318 17.292047 17.580641 17.857926 18.131967 18.416538 18.706477 19.009865 19.299302 19.589613 19.883333 20.174069 20.468640 20.774107 21.078744 21.383230 21.662767 21.945319 22.222309 22.511127 22.788290 23.062207 23.337506 23.633689 23.937342 24.237227 24.528662 24.820636 25.117291 25.416850 25.708963 26.005545 26.312531 26.621842 26.936511 27.219756 27.499079 27.775385 28.057171 28.367321 28.655847 28.933517 29.228492 29.530311 29.813434 30.106987 30.389478 30.680380 30.985651 31.270021 31.570105 31.870090 32.172682 32.456095 32.747015 33.025838 33.305982 33.599323 33.940193 34.245028 34.545724 34.830213 35.132688 35.429082 35.732088 36.041593 36.342818 36.650014 36.940832 37.237903 37.526419 37.809611 38.092513 38.376323 38.654831 38.935864 39.221575 39.506124 39.792432 40.070497 40.356431 40.641668 40.929120 41.212021 41.495104 41.770136 42.062479 42.349629 42.630133 42.912105 43.200669 43.490101 43.772218 44.056231 44.345624 44.629351 44.930398 45.214463 45.503462 45.789295 46.086142 46.367330 46.648554 46.929042 47.231161 47.514049 47.797800 48.080117 48.367357 48.666475
Elapsed_time: 48.666475
Score: -939.663111
136
112.500344 -262.129985 -320.528730 -351.223689 -363.972049 -379.946407 -389.451207 -403.199351 -410.723788 -421.988397 -429.094922 -439.599696 -446.562369 -456.340386 -462.859097 -471.789810 -477.774910 -486.468613 -492.409903 -500.727491 -506.298114 -514.009589 -519.623023 -526.881224 -532.085244 -539.050653 -544.055677 -550.784713 -555.348208 -561.399335 -566.410830 -572.123312 -577.669045 -583.041772 -589.156547 -594.341669 -600.548822 -605.847618 -611.850317 -616.838786 -622.876584 -627.744162 -633.169112 -637.891986 -643.691526 -647.719104 -653.970805 -658.225587 -664.180357 -668.392319 -674.730761 -678.465060 -684.684328 -688.613972 -694.259747 -698.365032 -703.483120 -707.762927 -712.571670 -716.750541 -721.808570 -725.883409 -731.155640 -735.496406 -741.123267 -744.889869 -750.995623 -754.424390 -760.579045 -763.682076 -769.620117 -772.707119 -779.021948 -782.252044 -788.486100 -791.993255 -797.775167 -800.920694 -806.658395 -810.063676 -815.738136 -819.163646 -824.836332 -828.388555 -834.614552 -838.428414 -844.358383 -849.096966 -855.557954 -861.041017 -866.950435 -872.779154 -878.446251 -884.720957 -890.552407 -897.261713 -903.131458 -910.135723 -916.645950 -923.536758 -929.763799 -936.325013 -942.528677 -949.342687 -955.907277 -963.069211 -970.040965 -977.407192 -984.750700 -992.516712 -1000.544892 -1008.405192 -1016.353438 -1023.973993 -1031.479678 -1038.931179 -1046.189645 -1053.481326 -1060.507030 -1067.608200 -1074.588775 -1081.450390 -1088.116871 -1094.571283 -1101.029718 -1107.252801 -1113.342168 -1119.133748 -1124.700415 -1129.950419 -1135.073735 -1139.978684 -1144.655083 -1149.156740 -1153.344989 -1157.393109
7.928671 9.465418 9.753856 10.040342 10.323651 10.617108 10.898466 11.184562 11.469133 11.745201 12.030589 12.308930 12.600737 12.878285 13.156720 13.444599 13.733429 14.029408 14.309068 14.605930 14.892298 15.183214 15.470894 15.759451 16.047234 16.335866 16.624180 16.911379 17.204465 17.490268 17.781177 18.072232 18.362411 18.650775 18.935634 19.224928 19.507109 19.791950 20.079079 20.364948 20.673471 20.971234 21.259876 21.541035 21.827696 22.113604 22.406570 22.703100 23.002950 23.282540 23.569670 23.861743 24.151409 24.467334 24.765007 25.052030 25.335788 25.622910 25.910166 26.189706 26.472314 26.762452 27.051641 27.341630 27.627597 27.907126 28.187701 28.472601 28.755366 29.045828 29.326761 29.626666 29.924262 30.205736 30.490347 30.774138 31.064703 31.353547 31.628006 31.925386 32.213371 32.490576 32.791252 33.072640 33.358951 33.658284 33.946140 34.242460 34.522778 34.810332 35.107306 35.395729 35.678779 35.987862 36.293313 36.594196 36.876188 37.150921 37.430490 37.737728 38.023936 38.312911 38.601968 38.892804 39.172871 39.461864 39.738792 40.021109 40.315144 40.599525 40.881072 41.157550 41.443242 41.728827 42.008219 42.303698 42.593189 42.877437 43.171635 43.469934 43.772620 44.080651 44.361325 44.664326 44.952209 45.234064 45.539586 45.833458 46.121580 46.413545 46.714103 46.999901 47.292452 47.577380 47.862825 48.151908
Elapsed_time: 48.151908
Score: -1157.393109
