5
151
75921.027034 6098.130612 5753.085127 5462.700609 5214.279924 4995.343170 4798.409194 4618.412903 4453.366275 4302.179340 4162.804352 4033.865529 3912.409819 3798.618720 3691.584213 3590.416871 3494.164353 3402.218704 3314.388119 3231.142864 3150.697456 3074.419696 3000.392586 2929.397425 2861.268811 2795.875427 2732.754853 2672.216449 2613.599791 2557.735251 2503.109064 2450.207314 2398.913123 2349.723777 2301.898599 2255.693777 2210.572162 2166.773979 2124.431028 2082.847484 2042.705407 2003.838037 1965.849587 1929.208711 1893.379894 1858.998075 1824.963556 1792.010299 1759.564251 1728.053456 1697.490002 1667.594092 1638.282240 1609.725675 1581.571355 1554.297715 1527.411478 1501.168668 1475.448922 1450.547713 1426.078278 1402.187283 1378.917138 1356.200154 1334.091220 1312.526038 1291.218165 1270.401518 1249.788068 1229.729530 1209.965487 1190.794573 1171.958360 1153.616893 1135.579233 1118.064772 1100.618332 1083.684312 1067.135786 1050.900842 1034.999466 1019.430801 1004.236098 989.221563 974.533713 960.104144 946.051141 932.169111 918.528238 905.144249 891.894656 878.905436 866.169436 853.733181 841.442784 829.364563 817.466448 805.868690 794.356089 783.200066 772.108687 761.278243 750.624280 740.195234 729.962140 719.969854 710.104335 700.457994 690.966858 681.768259 672.748286 663.914918 655.280403 646.914177 638.711094 630.750121 622.968292 615.438032 608.064245 600.933809 593.976509 587.252965 580.713887 574.407314 568.299142 562.408207 556.729208 551.250526 546.013852 540.983714 536.186136 531.606201 527.245388 523.096914 519.165895 515.453927 511.962161 508.694057 505.641289 502.812050 500.201960 497.814994 495.646276 493.693959 491.960536 490.444807 489.146216 488.064709 487.200311 486.552178 486.120416
0.000224 0.887685 1.201144 1.478605 1.766701 2.059752 2.354115 2.635003 2.935965 3.216560 3.506359 3.800202 4.090331 4.376448 4.672225 4.962270 5.240099 5.542553 5.848777 6.127989 6.422724 6.727073 7.014897 7.304329 7.586931 7.875639 8.181742 8.463205 8.762927 9.041310 9.338158 9.658580 9.951483 10.242704 10.522587 10.817035 11.093738 11.376861 11.672376 11.949515 12.242808 12.525450 12.813443 13.103039 13.389495 13.706428 14.004042 14.313359 14.607696 14.909617 15.198552 15.508096 15.801601 16.098386 16.388641 16.672357 16.975292 17.273803 17.564331 17.867343 18.145490 18.447629 18.749673 19.035480 19.308999 19.609710 19.900695 20.202185 20.491279 20.783148 21.073010 21.404290 21.686121 21.984582 22.283100 22.567655 22.892389 23.179527 23.459943 23.745995 24.023006 24.323770 24.632667 24.930815 25.241125 25.537044 25.858879 26.150435 26.450265 26.761402 27.056932 27.344469 27.629057 27.907272 28.198894 28.503656 28.783614 29.081576 29.357294 29.637453 29.928638 30.212891 30.490174 30.799805 31.098335 31.393178 31.683290 31.969595 32.259454 32.550286 32.881021 33.174793 33.459784 33.750605 34.039513 34.344078 34.637276 34.930751 35.224118 35.502309 35.791293 36.086595 36.380385 36.690888 36.970827 37.255709 37.539301 37.835486 38.122842 38.427541 38.713316 38.997825 39.286829 39.606144 39.902342 40.190447 40.503404 40.808564 41.084243 41.369262 41.657161 41.943335 42.227831 42.515987 42.799591 43.098614 43.382151 43.664157 43.962165 44.242879 44.556757
Elapsed_time: 44.556757
Score: 486.120416
151
74460.734269 6107.871340 5762.730348 5471.578465 5224.122253 5008.500616 4814.560572 4637.565711 4474.533210 4324.790864 4186.641236 4057.999646 3936.605825 3822.175937 3714.989139 3613.567938 3517.021224 3425.552310 3338.339048 3255.569414 3176.780914 3101.040087 3027.904148 2958.207958 2891.008235 2826.128848 2763.659009 2702.707070 2643.507664 2586.413495 2530.846193 2477.238143 2425.374567 2375.127974 2326.240306 2278.350188 2232.288628 2187.256679 2143.673484 2101.105639 2059.703394 2019.082389 1979.529717 1941.052553 1903.311816 1866.544683 1830.770746 1795.889303 1761.838078 1728.852244 1696.557209 1665.146473 1634.303758 1604.505766 1575.168322 1546.855050 1519.298798 1492.483532 1466.308540 1440.805109 1415.940546 1391.684501 1367.660736 1344.471703 1321.809536 1299.869077 1278.374638 1257.190408 1236.589806 1216.279087 1196.397825 1176.957186 1158.030961 1139.521361 1121.553030 1103.699414 1086.204761 1069.065128 1052.331636 1035.716835 1019.460255 1003.346146 987.612025 972.186006 957.090204 942.285451 927.641933 913.354450 899.239978 885.499094 871.822353 858.493864 845.325742 832.567656 819.972849 807.615227 795.391890 783.438697 771.764154 760.199333 748.864746 737.741640 726.867445 716.130888 705.612722 695.320233 685.324235 675.469121 665.819682 656.364464 647.115137 638.058040 629.204807 620.596912 612.200746 603.983905 596.002971 588.215050 580.673740 573.356355 566.257115 559.340746 552.665824 546.201422 539.963868 533.942352 528.122951 522.527913 517.155903 512.013088 507.088927 502.383496 497.906165 493.651024 489.618259 485.808267 482.228313 478.871183 475.738503 472.834668 470.156753 467.705021 465.475140 463.470055 461.689605 460.133426 458.801358 457.691053 456.803252 456.137558 455.693932
0.000200 0.903653 1.203773 1.505190 1.793750 2.080123 2.380066 2.678725 2.966658 3.253595 3.540346 3.820899 4.108562 4.404816 4.700567 4.977814 5.254538 5.551571 5.836097 6.126028 6.417375 6.711352 7.000367 7.282655 7.565101 7.855558 8.131851 8.442366 8.723496 9.006216 9.293767 9.569437 9.853522 10.145952 10.430555 10.733880 11.017544 11.310521 11.605941 11.888446 12.173836 12.463784 12.741109 13.029113 13.307412 13.590323 13.876868 14.170575 14.460749 14.747039 15.043838 15.330533 15.614046 15.898923 16.178885 16.460961 16.739511 17.024961 17.304559 17.586853 17.879304 18.158373 18.438227 18.721670 19.018256 19.302448 19.584407 19.871826 20.153132 20.450841 20.735905 21.013762 21.294252 21.586952 21.865437 22.149216 22.434245 22.720084 23.008824 23.296456 23.586571 23.876109 24.154500 24.431972 24.710317 24.995194 25.289208 25.563525 25.844019 26.128965 26.405928 26.694036 26.972020 27.254319 27.550349 27.836605 28.118698 28.401377 28.696259 28.980094 29.263766 29.548010 29.835745 30.116928 30.408559 30.698335 30.994283 31.288592 31.566765 31.842974 32.126681 32.408844 32.693618 32.971453 33.251052 33.534489 33.811612 34.102220 34.381715 34.673745 34.951593 35.236147 35.522705 35.804758 36.082581 36.358552 36.641507 36.932052 37.211988 37.491390 37.769065 38.055363 38.333158 38.608715 38.886369 39.176782 39.452202 39.732112 40.025417 40.304395 40.588160 40.880065 41.174409 41.472434 41.755647 42.047761 42.324161 42.599286 42.876342 43.165695 43.456004
Elapsed_time: 43.456004
Score: 455.693932
151
78073.662524 6133.851785 5787.775182 5492.917982 5243.231458 5026.801288 4833.712414 4656.768693 4494.482980 4343.903010 4204.465328 4073.254284 3951.324454 3836.507824 3728.018010 3626.405601 3529.472868 3438.515417 3350.494298 3267.720278 3187.459367 3111.763307 3037.805510 2967.729179 2899.138075 2833.439170 2769.914792 2709.103186 2650.299603 2593.695259 2539.006693 2486.537836 2435.421888 2386.442600 2339.436259 2293.536434 2249.365232 2206.437978 2164.816461 2124.293838 2084.770075 2046.262567 2009.068884 1972.651493 1937.319957 1902.605927 1869.041028 1836.042965 1803.938911 1772.392973 1741.740784 1712.047105 1682.773300 1654.321570 1626.192416 1599.021078 1571.882853 1545.898548 1519.828983 1494.693451 1469.895921 1445.887213 1421.987098 1398.670326 1375.532510 1352.942532 1330.778972 1308.870047 1287.575506 1266.579520 1245.871075 1225.670982 1205.736824 1186.320677 1167.213723 1148.348404 1129.709975 1111.430347 1093.406819 1075.681131 1058.332264 1041.146166 1024.382660 1007.966411 991.771042 975.853521 960.304048 944.919308 929.902480 915.057563 900.664415 886.467379 872.436772 858.732714 845.162609 831.897871 818.908449 806.168704 793.616767 781.285050 769.234799 757.456058 745.923514 734.644885 723.547291 712.671627 701.968902 691.482847 681.291892 671.340768 661.639593 652.144484 642.867688 633.805294 624.971737 616.375391 608.011026 599.873005 591.998253 584.333356 576.906839 569.717524 562.759594 556.036766 549.576627 543.354151 537.348065 531.574213 526.040231 520.756209 515.698470 510.878691 506.302403 501.958060 497.850708 493.972290 490.328342 486.914420 483.733774 480.783846 478.067887 475.580807 473.322425 471.291326 469.488939 467.913607 466.564635 465.441245 464.543719 463.870593 463.422078
0.000173 0.855991 1.136054 1.428398 1.709669 1.999859 2.282370 2.563272 2.840234 3.136434 3.421926 3.710600 3.990033 4.276975 4.556800 4.851848 5.138742 5.414001 5.699618 5.976261 6.256501 6.543657 6.843251 7.129234 7.407521 7.688521 7.993374 8.273442 8.557462 8.853054 9.147920 9.454916 9.738900 10.031939 10.324889 10.635487 10.929715 11.209231 11.501443 11.792634 12.076214 12.372499 12.660736 12.954093 13.249039 13.552434 13.856044 14.143558 14.434421 14.719527 15.004033 15.292778 15.576648 15.861930 16.155063 16.433125 16.725352 17.007025 17.290927 17.573865 17.851795 18.140787 18.421391 18.712307 18.999965 19.282667 19.559548 19.842934 20.119548 20.406229 20.691149 20.986709 21.276830 21.555364 21.847547 22.161277 22.447036 22.728061 23.011262 23.289059 23.570248 23.851180 24.135325 24.414601 24.703758 24.988329 25.272417 25.564919 25.848662 26.133819 26.421893 26.705750 26.992650 27.281472 27.574226 27.866024 28.152247 28.449196 28.729400 29.017741 29.306164 29.589784 29.867900 30.154199 30.440925 30.722741 31.005804 31.292691 31.590869 31.874640 32.155589 32.434871 32.847438 33.122309 33.410615 33.707150 33.993716 34.275010 34.557037 34.841526 35.123432 35.420352 35.703462 35.994746 36.280936 36.564131 36.844356 37.128056 37.426591 37.708598 37.990065 38.278716 38.562458 38.847643 39.126896 39.421096 39.709107 39.992404 40.281070 40.564143 40.847873 41.126698 41.415630 41.697380 41.981784 42.261994 42.539903 42.835740 43.125694 43.400219 43.687027
Elapsed_time: 43.687027
Score: 463.422078
151
79292.659466 6136.511449 5791.190275 5498.117126 5248.631452 5032.605095 4837.673391 4660.435169 4497.772675 4347.926606 4208.443696 4079.435559 3959.345917 3846.547943 3740.973384 3640.487477 3546.306222 3456.003487 3371.654258 3289.488158 3212.330697 3137.305551 3066.636454 2998.308084 2933.003976 2869.519154 2808.695801 2749.971024 2693.812641 2638.825008 2586.349995 2535.140189 2486.298147 2437.990893 2392.394378 2347.817462 2305.174400 2263.232376 2223.252107 2183.502163 2145.869917 2109.091760 2073.734590 2039.264783 2005.752165 1973.054647 1941.594401 1910.307281 1880.362034 1850.653490 1822.044195 1793.941127 1767.041763 1740.237267 1714.604447 1688.815737 1664.003358 1639.242053 1615.420330 1591.928934 1569.311461 1547.001158 1525.164031 1503.762724 1482.838970 1462.308952 1442.248143 1422.549427 1403.397600 1384.672704 1366.233445 1348.288704 1330.433106 1313.271306 1296.372751 1279.938110 1263.811288 1247.987001 1232.470055 1217.293787 1202.313760 1187.626635 1173.365642 1159.305381 1145.662824 1132.210910 1119.306293 1106.439623 1093.942762 1081.555317 1069.482194 1057.577024 1045.936234 1034.582740 1023.422570 1012.578127 1002.035936 991.630658 981.474771 971.514834 961.812573 952.299731 942.944456 933.816632 924.749173 916.011255 907.377863 899.095065 890.917570 883.004685 875.247144 867.700634 860.257021 853.051750 846.030242 839.216222 832.570953 826.159011 819.874957 813.775884 807.880400 802.180375 796.679444 791.364963 786.195657 781.217216 776.416309 771.815268 767.388559 763.157836 759.095047 755.237631 751.559595 748.065301 744.755369 741.635437 738.698339 735.943852 733.368271 730.987329 728.788342 726.772564 724.942847 723.298072 721.838041 720.560491 719.467761 718.558740 717.832459 717.288366 716.925847
0.000176 0.859416 1.136896 1.425460 1.719212 2.018730 2.303571 2.578390 2.866795 3.157497 3.447919 3.746495 4.028862 4.315382 4.599064 4.879651 5.154809 5.440936 5.738273 6.028722 6.316184 6.614508 6.906839 7.191116 7.472195 7.760613 8.044691 8.329591 8.618931 8.907245 9.199725 9.481639 9.771770 10.047082 10.340867 10.627115 10.913677 11.201843 11.485382 11.765142 12.050377 12.338401 12.632556 12.917810 13.201452 13.487110 13.774330 14.051205 14.333010 14.622208 14.908456 15.189725 15.480498 15.765392 16.060426 16.347617 16.631422 16.929139 17.220710 17.511730 17.797767 18.075690 18.356140 18.643119 18.924527 19.231466 19.532847 19.820506 20.107559 20.395377 20.676415 20.958304 21.236241 21.520601 21.808384 22.096247 22.382606 22.670065 22.949780 23.235628 23.514811 23.792250 24.075552 24.354322 24.637439 24.916617 25.198163 25.482114 25.766737 26.065953 26.370621 26.651361 26.933777 27.221382 27.503538 27.795615 28.074554 28.353999 28.647874 28.932045 29.217162 29.502974 29.792024 30.075022 30.347624 30.619857 30.907923 31.183854 31.474798 31.760557 32.040188 32.345364 32.624426 32.907342 33.192107 33.482802 33.762791 34.051242 34.337557 34.629111 34.933743 35.209742 35.513960 35.808427 36.117988 36.425847 36.715082 37.012308 37.311804 37.601122 37.891090 38.197638 38.487072 38.774498 39.059522 39.343521 39.622768 39.917079 40.214682 40.509826 40.806635 41.077971 41.376151 41.682334 41.963612 42.265444 42.543925 42.857865 43.153594 43.449556 43.747568
Elapsed_time: 43.747568
Score: 716.925847
151
76938.168268 6113.826325 5767.522473 5475.690654 5227.197161 5011.916331 4819.535806 4644.218257 4483.574764 4335.571682 4198.408699 4071.597643 3952.174103 3839.061683 3732.280305 3632.026217 3536.300319 3445.295411 3358.697069 3276.280840 3196.730616 3120.964472 3047.762417 2977.842363 2909.863891 2844.857440 2781.308208 2719.959035 2660.374109 2603.157160 2547.157192 2493.205452 2440.632659 2389.677296 2340.013841 2291.546607 2243.993642 2197.267069 2152.169631 2108.415805 2065.649738 2024.119282 1983.823232 1944.183797 1906.067223 1868.063197 1831.234059 1795.001753 1759.917516 1725.520965 1692.242055 1659.017762 1627.023630 1595.398260 1564.648841 1534.665377 1505.501466 1476.854852 1449.025686 1421.467717 1394.779263 1368.249554 1342.882506 1317.450640 1292.708665 1268.202798 1244.384026 1221.093876 1198.375101 1176.058929 1154.313163 1132.728721 1111.919407 1091.450794 1071.524555 1051.772537 1032.394488 1013.333823 994.643657 976.368152 958.475022 940.821545 923.613550 906.625701 889.859688 873.377866 857.192537 841.428190 826.049763 811.036034 796.233945 781.672478 767.354174 753.317007 739.709823 726.311000 713.405617 700.688765 688.331794 676.159212 664.349145 652.662555 641.315139 630.103461 619.203874 608.521404 598.126255 587.884494 577.952085 568.212718 558.716300 549.467657 540.489097 531.764066 523.260329 515.025509 507.014853 499.266025 491.747398 484.432444 477.349671 470.480765 463.838177 457.444598 451.273762 445.355125 439.647259 434.168716 428.905606 423.886058 419.078515 414.503869 410.139023 406.002731 402.086579 398.400744 394.931882 391.690649 388.661141 385.855089 383.265760 380.896324 378.744435 376.808046 375.089626 373.587985 372.302040 371.231165 370.375469 369.734326 369.307129
0.000242 0.893144 1.189995 1.491275 1.775189 2.069532 2.359587 2.639545 2.945447 3.245603 3.526543 3.813046 4.100641 4.396850 4.682773 4.995794 5.281059 5.563618 5.856010 6.146479 6.440561 6.729334 7.023651 7.328869 7.628243 7.929041 8.211935 8.499371 8.778994 9.074391 9.358216 9.662693 9.956360 10.243422 10.529708 10.815633 11.113045 11.398803 11.692399 11.971167 12.266287 12.556061 12.868280 13.157111 13.439403 13.770214 14.051101 14.340613 14.616416 14.894158 15.201863 15.506632 15.795951 16.100745 16.405062 16.713946 17.025171 17.327161 17.606823 17.902870 18.184230 18.458214 18.742965 19.032577 19.326921 19.598856 19.909211 20.197418 20.477835 20.780186 21.071996 21.344656 21.637670 21.923558 22.213738 22.506615 22.801490 23.099866 23.379524 23.682513 23.965261 24.260557 24.543028 24.847387 25.120166 25.414411 25.708889 26.006299 26.301208 26.592408 26.904344 27.192169 27.472694 27.777611 28.067855 28.349920 28.633879 28.926302 29.211155 29.516792 29.799150 30.086529 30.379872 30.679979 30.963745 31.260641 31.540426 31.853934 32.153262 32.432808 32.718317 33.010508 33.303984 33.594865 33.889807 34.186166 34.477625 34.770990 35.051780 35.338945 35.618565 35.900706 36.188502 36.486549 36.772752 37.073714 37.361922 37.645701 37.925155 38.220813 38.503469 38.787891 39.075453 39.358494 39.639153 39.921278 40.214937 40.494675 40.783941 41.068072 41.354445 41.642806 41.924993 42.213046 42.497555 42.793521 43.076560 43.367312 43.659193 43.944507 44.231244
Elapsed_time: 44.231244
Score: 369.307129
