5
151
75921.027034 65995.205043 16532.696188 8719.697443 5797.074346 4946.438764 4774.654098 4516.323408 4348.012948 4196.050842 4122.924027 3851.065022 3674.155295 3492.611501 3392.426867 3226.975293 3082.546838 2946.657606 2823.473517 2719.251403 2622.176629 2485.221584 2413.358636 2322.935999 2268.985426 2154.962712 2064.441969 1979.529904 1869.003274 1794.277467 1720.755244 1661.059704 1585.643196 1513.736743 1444.121638 1365.912484 1302.465896 1242.140987 1191.709308 1123.569676 1077.274115 1028.953896 975.831932 939.146622 895.839701 849.250560 797.852974 754.215924 716.195228 665.071354 635.250139 603.534821 560.021928 529.542323 508.959821 459.499091 443.100484 406.922238 382.467003 355.670099 329.021572 299.922348 274.983593 250.395258 226.404833 199.564348 177.609267 144.764911 125.216768 101.638265 94.875043 63.224156 48.998831 29.774908 4.392823 -14.990590 -42.872218 -64.790468 -90.983656 -117.327998 -145.065582 -170.645112 -194.337021 -219.810642 -243.640413 -268.088375 -286.317877 -319.219505 -329.011173 -367.824450 -384.239565 -407.139568 -424.182582 -449.330360 -469.019413 -489.079788 -521.731607 -534.444476 -564.444044 -576.836839 -596.267248 -613.841200 -636.091162 -648.757487 -666.051266 -687.285048 -706.791239 -721.150778 -741.475741 -755.478129 -772.176555 -792.667456 -804.683407 -818.300706 -836.340348 -848.942755 -857.543589 -875.289313 -886.795259 -899.815756 -915.771906 -927.662581 -940.788762 -952.168839 -963.939033 -973.864967 -986.371229 -997.459080 -1007.834498 -1018.021437 -1029.821648 -1039.079137 -1048.030058 -1056.755938 -1065.582183 -1075.325462 -1085.202983 -1093.792092 -1103.610311 -1108.349300 -1123.291920 -1129.562504 -1138.670551 -1149.448463 -1161.504848 -1171.933303 -1183.758487 -1193.446249 -1203.036738 -1218.090637 -1227.083387
0.000181 0.681522 1.039321 1.383389 1.710535 2.047947 2.378921 2.715749 3.056560 3.401846 3.721803 4.037622 4.366820 4.690384 5.009709 5.344599 5.676096 6.015246 6.337786 6.664346 7.000755 7.334030 7.664460 7.985807 8.313841 8.655694 8.996868 9.349965 9.688468 10.026447 10.351171 10.673557 11.000337 11.329004 11.671573 11.994091 12.326158 12.642236 12.974238 13.299016 13.618138 13.929616 14.253129 14.574061 14.887214 15.205693 15.528031 15.847631 16.179814 16.506732 16.813418 17.136890 17.443396 17.744778 18.048224 18.355538 18.664775 18.977572 19.593834 19.895586 20.202619 20.513437 20.823789 21.150961 21.456272 21.755834 22.062059 22.354621 22.664576 22.965251 23.264503 23.555799 23.850558 24.156136 24.457070 25.055150 25.347523 25.637739 25.931090 26.231849 26.522543 26.811496 27.114734 27.404158 27.693597 27.978536 28.262430 28.571559 28.863108 29.148673 29.427454 29.709352 29.987443 30.267636 30.551122 30.838622 31.107818 31.399584 31.673595 31.949459 32.219782 32.505037 32.790884 33.074714 33.353643 33.625028 33.896518 34.162748 34.433689 34.711376 34.979564 35.252575 35.523964 35.797168 36.075184 36.357035 36.623950 36.907128 37.169919 37.435143 37.709561 37.979066 38.241585 38.524184 38.798512 39.063643 39.350985 39.614649 39.881324 40.145969 40.413423 40.680524 40.950864 41.226197 41.483449 41.749197 42.027116 42.288466 42.549368 42.813215 43.071013 43.335236 43.601317 43.862384 44.131735 44.408848 44.673766 44.936018 45.193188 45.451493 45.706655
Elapsed_time: 45.706655
Score: -1227.083387
151
74460.734269 64676.624704 16436.341578 8676.344972 5773.812155 5090.862062 4784.149064 4706.046298 4409.212076 4252.009235 4093.728238 3883.838988 3666.021454 3476.659634 3339.770470 3191.578589 3076.739245 2937.503462 2851.742173 2708.565646 2597.241668 2472.108670 2394.326556 2281.779775 2181.837150 2080.368645 2001.181105 1898.093315 1823.073376 1740.444423 1660.481340 1590.644824 1522.873280 1459.025929 1383.797120 1340.077740 1292.871741 1250.791310 1199.798912 1141.437576 1104.737425 1054.467224 1028.314762 982.779094 941.703605 898.063233 867.299527 829.016150 812.385547 766.207487 744.764450 720.280269 688.491445 656.199042 628.085343 594.483763 572.367350 550.981231 521.288406 502.216090 485.604130 451.195354 432.749147 409.443685 375.873993 362.914408 339.859409 323.408427 301.424618 274.836901 248.226622 225.451309 196.574218 176.882724 154.796856 124.534203 106.053661 79.685342 55.912895 24.256759 9.321859 -18.054442 -35.059804 -67.075859 -83.553575 -105.224283 -129.646326 -158.813378 -183.418326 -208.235065 -230.613761 -255.770336 -281.607915 -303.458161 -319.989747 -351.870515 -360.915295 -389.722591 -405.614485 -425.661476 -452.708106 -470.441656 -499.227827 -514.996714 -534.309976 -547.003732 -576.690793 -591.239860 -608.605273 -633.472093 -657.639379 -678.448803 -702.210155 -720.911854 -744.773546 -766.722966 -785.880068 -803.404849 -824.810877 -844.147315 -863.773155 -883.523139 -900.278763 -916.975615 -938.235409 -954.452972 -974.200351 -995.708887 -1013.407371 -1028.846314 -1051.915003 -1068.506873 -1083.540142 -1104.276555 -1116.982523 -1132.402319 -1156.494668 -1174.543619 -1185.587288 -1214.175378 -1223.197548 -1241.551799 -1256.674274 -1271.298467 -1295.639435 -1303.916527 -1330.266945 -1340.880656 -1357.532958 -1367.459005 -1388.274049
0.000174 0.704084 1.052503 1.408907 1.752322 2.078654 2.409161 2.741013 3.070062 3.716608 4.045382 4.388461 4.710076 5.038780 5.362628 5.686232 6.006581 6.331353 6.656193 6.983635 7.313071 7.649118 7.988434 8.330352 8.661997 9.004042 9.340917 9.675138 10.007619 10.353268 10.691715 11.030878 11.355859 11.688450 12.011584 12.340262 12.674169 12.999805 13.326526 13.654506 13.982267 14.309679 14.642048 14.964709 15.284548 15.607367 15.926544 16.250220 16.572259 16.898296 17.211746 17.526978 17.847255 18.160538 18.470366 18.787600 19.098821 19.413806 19.727198 20.036716 20.343125 20.654432 20.963771 21.267244 21.587102 21.889199 22.191892 22.502185 22.801761 23.107542 23.405471 23.706717 24.000598 24.298994 24.598117 24.890915 25.192032 25.495552 25.803622 26.113415 26.409082 26.705173 27.008157 27.302710 27.604414 27.906063 28.196687 28.490365 28.791088 29.084683 29.370317 29.670684 29.958265 30.245569 30.540393 30.826436 31.110328 31.401981 31.691521 31.977738 32.265198 32.555986 32.843681 33.122789 33.399478 33.676851 33.960462 34.241531 34.522797 34.794229 35.077110 35.348794 35.624424 35.905751 36.177643 36.452656 36.740359 37.018823 37.288732 37.562230 37.845601 38.119793 38.401371 38.675552 38.945736 39.222514 39.507808 39.777671 40.044609 40.320512 40.582200 40.879779 41.268102 41.532086 41.793916 42.054906 42.315677 42.578510 42.850185 43.111506 43.369347 43.628670 43.887269 44.149598 44.409150 44.664969 44.924371 45.195097 45.449629 45.703208 45.958343
Elapsed_time: 45.958343
Score: -1388.274049
151
78073.662524 67796.404697 17333.164958 9581.478740 6177.587710 5519.634215 4923.839178 4613.463465 4507.794632 4366.689164 4138.188001 3995.064876 3820.090007 3687.339638 3516.883895 3373.084028 3219.077282 3089.874810 2969.534796 2868.881084 2760.687431 2640.221644 2527.198856 2412.571632 2310.954285 2202.438747 2113.588494 2033.601546 1950.467213 1892.896016 1812.432683 1741.318696 1663.950127 1590.722607 1541.226176 1473.001928 1410.208573 1346.811590 1285.608387 1227.858413 1170.176327 1094.722061 1052.556220 1007.873198 957.683444 908.156120 881.372646 826.502215 798.382802 753.603408 717.816071 671.172444 631.086593 598.864341 562.800069 521.667335 495.884383 460.456584 431.924054 394.392451 368.748556 341.964816 304.630358 276.282931 245.227582 218.749897 192.564785 174.680986 135.495363 116.574437 92.565688 78.893581 42.377807 24.664241 2.975469 -30.402645 -51.747743 -84.088747 -107.737534 -135.697406 -160.247209 -183.531527 -210.083547 -229.927025 -255.800939 -280.491169 -309.429529 -326.333686 -354.152637 -372.979277 -399.418840 -421.407693 -440.102993 -462.832755 -496.281805 -514.402338 -538.683992 -564.494506 -593.486351 -615.545363 -638.366579 -659.923308 -681.599057 -707.216646 -726.589275 -754.330378 -775.512797 -803.405514 -822.207610 -845.520961 -855.730395 -889.849885 -904.493829 -924.737443 -952.750904 -972.643846 -995.801474 -1015.346485 -1034.494171 -1057.218597 -1084.834106 -1106.339744 -1126.226180 -1148.951803 -1170.381801 -1193.513990 -1213.922616 -1233.804783 -1252.192657 -1271.828566 -1293.889621 -1309.391162 -1326.090866 -1348.452655 -1361.947723 -1379.318756 -1400.007680 -1415.734887 -1429.591315 -1449.104694 -1462.895602 -1478.839927 -1498.186116 -1512.245087 -1526.765604 -1546.571043 -1559.778856 -1572.801348 -1592.637356 -1603.666311 -1616.261933
0.000176 0.662690 0.986528 1.321460 1.648539 1.970094 2.294683 2.612561 2.950907 3.282026 3.610567 3.930167 4.256096 4.576542 4.897887 5.224281 5.547567 5.876990 6.213410 6.546655 6.885131 7.221044 7.565010 7.902916 8.243850 8.589029 8.941758 9.276650 9.618857 9.960042 10.298868 10.638208 10.974465 11.320105 11.643035 11.977462 12.326672 12.659180 12.988166 13.310078 13.663320 14.006205 14.346359 14.661414 14.982744 15.317821 15.633858 15.956511 16.275020 16.604830 16.921002 17.248037 17.580440 17.892811 18.203877 18.529575 18.864512 19.180133 19.497985 19.808808 20.115815 20.436351 20.763698 21.072738 21.396207 21.718422 22.006061 22.314839 22.628296 22.927623 23.243763 23.556064 23.852213 24.167653 24.465804 24.765318 25.364035 25.661058 25.956626 26.249578 26.532340 26.843868 27.128516 27.408785 27.696358 27.980823 28.269256 28.556373 28.839203 29.121531 29.417078 29.699908 29.991597 30.267145 30.540088 30.837571 31.110093 31.389054 31.666746 31.942919 32.217598 32.495820 32.769089 33.043691 33.316483 33.601535 33.881455 34.147889 34.430026 34.704975 34.980064 35.243821 35.513469 35.782767 36.059566 36.609343 36.882859 37.146376 37.411341 37.685777 37.944845 38.207984 38.472679 38.738197 39.002314 39.275179 39.538825 39.801840 40.061627 40.318082 40.578061 40.832412 41.088819 41.343878 41.598450 41.848891 42.120365 42.373933 42.623915 42.881151 43.147856 43.407822 43.664919 43.919186 44.182954 44.433470 44.693671 44.945609 45.211796 45.469564 45.723508
Elapsed_time: 45.723508
Score: -1616.261933
151
79292.659466 68883.495662 18592.216576 12721.909822 8519.053623 5820.606065 5258.249612 4678.483260 4612.791590 4388.617804 4174.415678 3984.933323 3802.845102 3650.205048 3523.985946 3330.610178 3216.933936 3078.961919 3003.428241 2875.329008 2778.140636 2669.179053 2606.318707 2498.803698 2389.271706 2281.993712 2195.242579 2108.055776 2030.796974 1948.456178 1856.080740 1790.341089 1727.867438 1644.043669 1588.439821 1531.672047 1484.537922 1427.257218 1375.093689 1326.269770 1266.894755 1227.655064 1178.997578 1119.431456 1081.375178 1042.698418 994.048400 954.454254 926.750877 865.755250 843.423593 802.915199 774.423249 730.866339 705.064704 678.489704 672.348227 632.651035 616.009884 593.561261 564.558169 542.861359 511.848796 489.385201 466.553738 446.462683 417.659014 401.624958 384.716745 363.388409 344.778400 328.136461 299.885375 286.914436 272.379404 253.453468 224.292192 210.505450 201.238178 182.259180 166.063852 148.007830 124.991688 110.396338 93.486275 78.514175 59.343924 39.480680 18.898956 -5.686453 -9.815818 -40.983798 -53.045254 -67.889193 -91.775684 -109.511789 -137.709282 -158.030609 -181.427007 -201.159798 -219.722314 -245.377680 -261.530816 -286.963999 -299.925218 -324.252636 -337.325314 -357.804860 -383.129546 -406.440463 -422.627969 -444.368425 -464.804722 -487.219915 -511.806929 -530.721021 -552.132388 -574.886492 -594.226043 -610.517771 -633.989863 -657.519780 -682.974511 -701.919793 -723.293335 -753.738587 -776.682949 -798.404279 -828.118997 -849.468262 -872.450810 -904.182602 -926.056460 -949.497326 -975.846642 -997.154404 -1019.541495 -1048.148644 -1068.905143 -1091.625504 -1116.826515 -1134.521351 -1153.961948 -1175.189867 -1195.330487 -1211.505715 -1239.291061 -1254.461692 -1271.651068 -1296.216033 -1314.997808
0.000178 0.675078 1.007317 1.696556 2.055130 2.391100 2.712821 3.039045 3.378569 3.698861 4.019282 4.354442 4.672402 5.015070 5.344612 5.659317 5.984393 6.304725 6.660989 6.987176 7.323271 7.667758 8.007079 8.343520 8.685886 9.036497 9.358969 9.701344 10.034762 10.390345 10.737097 11.077487 11.402351 11.738497 12.068494 12.414103 12.740538 13.064752 13.390943 13.737374 14.066844 14.390480 14.739347 15.066492 15.385470 15.705297 16.034568 16.361837 16.677194 16.984401 17.321490 17.653179 17.970738 18.311545 18.629079 18.941267 19.256046 19.568208 19.885812 20.192738 20.500514 21.118490 21.431687 21.732367 22.044901 22.370827 22.686659 23.001055 23.305621 23.614902 23.909681 24.215383 24.520466 24.827196 25.137257 25.431806 25.728708 26.026303 26.330761 26.637374 26.939887 27.239898 27.539429 27.829261 28.126973 28.420198 28.708790 29.013155 29.310721 29.611265 29.903522 30.214904 30.502525 30.798829 31.100048 31.710992 32.009852 32.302464 32.603491 32.887989 33.175655 33.476080 33.768208 34.066523 34.358720 34.639392 34.921711 35.223824 35.520908 35.816321 36.096153 36.384735 36.660448 36.934198 37.216578 37.503416 37.806134 38.091281 38.381029 38.656708 38.923724 39.213612 39.496325 39.785719 40.057168 40.336847 40.612193 40.904580 41.173430 41.442721 41.710290 41.987282 42.257056 42.530837 42.799455 43.073258 43.334105 43.596983 43.862536 44.147319 44.421494 44.690582 44.971718 45.235379 45.505382 45.791385 46.060885 46.331695 46.599138 46.870594 47.128759
Elapsed_time: 47.128759
Score: -1314.997808
151
76938.168268 66759.111266 18240.104137 12584.706499 8437.991075 5729.537595 4854.467291 4689.483383 4433.633088 4401.229916 4164.814495 4024.402001 3854.201199 3714.033693 3553.163681 3403.333382 3249.676762 3149.197887 3042.903462 2935.161758 2792.978202 2720.171698 2621.214234 2567.976162 2444.325432 2318.724536 2233.037090 2104.338275 2043.651491 1948.994642 1852.290772 1766.439146 1691.904763 1615.919211 1556.988234 1496.288051 1437.513879 1373.525557 1313.490237 1251.070900 1187.398094 1135.153204 1090.474079 1028.338939 982.116310 935.674212 884.034757 838.186969 795.235473 757.731800 721.123592 684.047392 645.346392 608.686555 580.254519 550.812325 519.132485 487.094916 453.904813 424.749993 390.350806 358.899152 327.882463 301.052853 266.024449 235.028213 211.405756 179.128834 153.248252 129.982630 96.428027 73.108324 39.074199 9.447240 -15.655287 -41.624164 -69.146136 -93.164673 -126.668510 -144.567955 -174.080478 -194.460918 -230.717711 -250.384053 -273.859958 -312.608970 -335.441483 -364.852592 -395.544920 -421.786768 -454.386775 -484.524535 -512.559181 -537.637519 -567.298766 -596.203179 -625.294448 -650.276817 -676.775708 -709.500198 -732.674649 -758.926938 -788.118504 -812.123114 -835.510567 -869.441859 -890.766924 -920.151715 -938.151545 -975.074937 -993.888706 -1018.363736 -1046.272509 -1074.395892 -1103.496705 -1129.140712 -1159.381050 -1186.719659 -1213.380157 -1240.797096 -1269.445171 -1297.629585 -1317.207403 -1343.842331 -1366.883713 -1383.969923 -1403.958692 -1417.164607 -1432.146601 -1455.027911 -1468.627176 -1483.320726 -1500.810457 -1519.326274 -1523.435171 -1545.393882 -1553.577153 -1567.491340 -1575.435839 -1589.989527 -1600.171187 -1610.756683 -1616.309133 -1630.599592 -1637.551910 -1646.810001 -1660.442391 -1668.205220 -1678.480172 -1686.842961 -1696.527752
0.000236 0.716260 1.078650 1.725130 2.058945 2.390236 2.718155 3.041865 3.365602 3.692219 4.020304 4.344767 4.657822 4.976272 5.306982 5.632084 5.957998 6.282351 6.614022 6.956209 7.293394 7.624725 7.964746 8.294394 8.638420 8.972539 9.318384 9.656787 10.001719 10.349632 10.682137 11.028926 11.365587 11.697349 12.025431 12.370739 12.689636 13.021101 13.359123 13.685943 14.018417 14.346057 14.668333 14.988506 15.311598 15.643567 15.967266 16.280722 16.599973 16.919192 17.250076 17.566626 17.884988 18.194854 18.502139 18.819388 19.129010 19.434425 19.742088 20.062963 20.377002 20.686375 20.986578 21.291308 21.586297 21.877454 22.178767 22.471553 22.778002 23.063962 23.351806 23.638636 23.926050 24.222918 24.508046 24.791548 25.080412 25.365621 25.661229 25.954022 26.252624 26.544491 26.842084 27.139710 27.431203 27.719010 28.288833 28.569181 28.847603 29.126388 29.407277 29.688316 29.968114 30.243117 30.525234 30.788120 31.056135 31.334588 31.613026 31.899334 32.163060 32.435859 32.707737 32.976206 33.243246 33.511550 33.772340 34.042348 34.316270 34.578895 34.848433 35.122825 35.382274 35.648609 35.920478 36.176805 36.447352 36.708935 36.969050 37.236635 37.497811 37.762962 38.027797 38.288988 38.552983 38.803167 39.065648 39.333910 39.600881 39.860966 40.116560 40.378833 40.642413 40.904030 41.163354 41.417168 41.674018 41.933540 42.193754 42.455792 42.711049 42.972418 43.235507 43.495025 43.753099 44.010186 44.273966 44.780695 45.039101 45.301411 45.551613
Elapsed_time: 45.551613
Score: -1696.527752
