5
151
186.725759 -113.509865 -287.973472 -354.814876 -395.417523 -411.192663 -434.429377 -454.823710 -475.071508 -490.256682 -513.731581 -535.778394 -566.996764 -589.869044 -615.474989 -653.849226 -682.155772 -723.117047 -750.590739 -784.222141 -819.512603 -863.506016 -895.298539 -929.529078 -984.265150 -1021.255633 -1056.180005 -1088.223252 -1121.643154 -1149.328119 -1178.860974 -1203.114852 -1224.780959 -1245.495826 -1273.732532 -1283.971031 -1297.561197 -1310.268153 -1322.451633 -1333.610775 -1342.071243 -1350.429746 -1366.373827 -1371.488801 -1381.172757 -1388.813686 -1398.965584 -1405.255162 -1410.988324 -1417.817454 -1425.601570 -1431.151400 -1436.610809 -1442.402221 -1449.479100 -1457.837829 -1464.095714 -1468.777908 -1479.042873 -1483.398635 -1489.494950 -1495.664619 -1501.202343 -1504.415024 -1513.014949 -1517.814015 -1522.935673 -1531.971570 -1538.393046 -1545.458413 -1551.123566 -1558.362593 -1566.538938 -1575.122359 -1583.129140 -1590.908248 -1597.455912 -1608.892136 -1614.946457 -1622.646998 -1629.306096 -1636.692924 -1645.414043 -1652.976660 -1660.184765 -1665.944612 -1674.669895 -1680.740657 -1682.909200 -1697.012648 -1700.125269 -1707.147011 -1711.135788 -1716.834972 -1722.426125 -1727.344306 -1731.930472 -1736.448408 -1740.952891 -1745.063433 -1749.228048 -1753.594073 -1760.647022 -1764.326378 -1768.158721 -1772.431699 -1774.533919 -1777.963106 -1781.086443 -1783.156799 -1787.418774 -1789.756123 -1792.946252 -1795.746075 -1798.885353 -1801.651925 -1804.064739 -1807.624316 -1810.091688 -1813.241319 -1816.364734 -1820.164469 -1822.311796 -1825.347544 -1827.941262 -1829.877922 -1833.273707 -1835.784792 -1839.606866 -1843.146707 -1847.091612 -1850.184959 -1853.722021 -1856.744077 -1860.164948 -1863.255165 -1866.493862 -1868.839392 -1872.436321 -1875.334818 -1878.902524 -1882.133695 -1884.976284 -1888.889544 -1891.329672 -1894.140136 -1897.562717 -1899.765400 -1901.693840 -1906.090597 -1907.043236
7.950263 8.536168 8.818551 9.101950 9.389803 9.670502 9.957515 10.234335 10.517813 10.801086 11.076506 11.352095 11.636048 11.910880 12.198291 12.480691 12.766204 13.034431 13.306199 13.572040 13.846517 14.115887 14.381334 14.652253 14.917915 15.201621 15.471347 15.762843 16.032621 16.303989 16.575231 16.836265 17.100379 17.359789 17.628687 17.892943 18.157976 18.426062 18.702569 18.963732 19.227972 19.492978 19.758508 20.020706 20.282639 20.545055 20.815225 21.073670 21.335010 21.587844 21.844353 22.103372 22.367480 22.624145 22.881927 23.139908 23.394830 23.659241 23.911570 24.173586 24.441710 24.700269 24.962840 25.223439 25.480730 25.736033 25.994345 26.253056 26.762622 27.018787 27.272059 27.526538 27.782495 28.037896 28.290159 28.545935 28.800888 29.050700 29.299849 29.558194 29.805293 30.067491 30.321001 30.573458 30.822398 31.075493 31.329971 31.595743 31.844791 32.092977 32.350403 32.616058 33.116679 33.373986 33.618137 33.882060 34.136670 34.391938 34.632894 34.890092 35.139943 35.392006 35.635852 36.125227 36.375593 36.625353 36.870768 37.114333 37.360006 37.615516 37.865344 38.351632 38.601680 38.849131 39.104355 39.347040 39.593461 39.835416 40.082170 40.329180 40.579072 40.824839 41.073687 41.323373 41.566778 41.807728 42.048637 42.293472 42.538353 42.779252 43.028128 43.278456 43.521983 43.765911 44.009447 44.253998 44.518299 45.014541 45.267907 45.507071 45.754021 46.002324 46.245394 46.497035 46.745079 46.986526 47.238186 47.494683 47.753185 48.000660 48.248765
Elapsed_time: 48.248765
Score: -1907.043236
151
184.531600 -129.473816 -312.367198 -388.304697 -429.162668 -448.120811 -479.165616 -504.141329 -528.704625 -550.458209 -576.826447 -603.761654 -636.689043 -672.898742 -713.502792 -757.734978 -805.670055 -858.734092 -906.232246 -957.642005 -1011.919555 -1067.165095 -1120.078547 -1167.911901 -1210.211687 -1246.617343 -1293.879935 -1331.182877 -1361.235918 -1395.867416 -1422.603423 -1451.195068 -1470.525653 -1490.899127 -1502.396462 -1522.432907 -1533.186989 -1545.546180 -1562.873424 -1577.351644 -1586.165741 -1597.657135 -1605.731353 -1615.119591 -1622.963814 -1628.636446 -1637.371919 -1645.827221 -1653.423950 -1659.215852 -1666.076655 -1672.971867 -1678.133791 -1686.162348 -1692.143213 -1696.843173 -1704.108153 -1707.870366 -1713.750804 -1720.558172 -1724.155360 -1730.281401 -1738.435640 -1742.636669 -1749.020657 -1753.881116 -1761.099900 -1766.754961 -1771.826656 -1780.133622 -1781.681653 -1793.837033 -1797.855091 -1804.251631 -1813.418899 -1819.286590 -1826.007124 -1831.557759 -1838.090028 -1846.002633 -1854.782815 -1859.630702 -1866.006131 -1871.596878 -1876.757201 -1886.008002 -1890.168919 -1895.191356 -1901.440796 -1906.717757 -1910.894413 -1919.981988 -1923.536266 -1930.341374 -1934.582930 -1940.651888 -1946.499266 -1951.258531 -1956.283392 -1962.177582 -1967.698186 -1973.204343 -1978.679662 -1982.984984 -1988.133717 -1993.351309 -1998.475157 -2003.166605 -2009.387055 -2014.096016 -2018.957673 -2021.505681 -2028.808219 -2032.313580 -2036.640476 -2042.662549 -2048.959098 -2053.516079 -2058.823200 -2062.894919 -2067.389569 -2075.638998 -2078.684585 -2084.459603 -2089.400897 -2093.871189 -2098.387173 -2104.983631 -2108.835432 -2112.770528 -2117.960441 -2122.975413 -2127.106128 -2130.812926 -2134.031097 -2140.081274 -2144.181392 -2146.804012 -2150.653000 -2155.334425 -2159.651311 -2163.229271 -2165.529204 -2169.487206 -2171.364497 -2175.315565 -2177.397644 -2179.912687 -2184.032749 -2186.106766 -2189.727465
7.965367 8.538654 8.838144 9.122589 9.408302 9.692702 9.991278 10.273671 10.561351 10.850127 11.126127 11.405271 11.678528 11.959698 12.239877 12.519799 12.796474 13.066946 13.353837 13.616543 13.883170 14.147520 14.429985 14.699346 14.974836 15.245199 15.512810 15.778386 16.043259 16.313900 16.580795 16.843078 17.108724 17.375281 17.644371 17.903467 18.164084 18.421585 18.680029 18.942430 19.206232 19.460598 19.716992 19.983662 20.251166 20.506110 20.761349 21.022318 21.293024 21.556283 21.812627 22.066256 22.324858 22.580185 22.837604 23.093713 23.355767 23.610540 23.872439 24.142595 24.401570 24.672182 24.929634 25.194974 25.444078 25.704409 25.962712 26.215211 26.466394 26.721939 26.978311 27.237546 27.488483 27.744078 27.995927 28.507510 28.765965 29.027364 29.280547 29.532892 29.783258 30.033968 30.292429 30.552117 30.809774 31.064033 31.316850 31.572517 31.835951 32.094511 32.355838 32.621395 32.884373 33.143925 33.639963 33.910832 34.171032 34.418310 34.676068 34.923277 35.176317 35.428041 35.683996 35.939392 36.202588 36.457253 36.715522 36.961470 37.209838 37.458695 37.716222 37.962158 38.214473 38.467859 38.718973 38.977083 39.223532 39.469379 39.715582 39.963915 40.208974 40.458615 40.706281 40.951089 41.211562 41.464367 41.709016 41.959337 42.215677 42.468090 42.716238 42.968994 43.225176 43.480376 43.721384 43.971835 44.230509 44.484579 44.726036 44.973107 45.228339 45.470255 45.719317 45.967040 46.222594 46.473749 46.733448 46.987967 47.253890 47.512503 47.767138
Elapsed_time: 47.767138
Score: -2189.727465
151
181.069106 -120.054409 -289.667164 -345.756974 -391.782529 -404.653041 -436.890185 -449.649530 -470.057991 -484.899078 -498.164382 -522.230046 -541.030264 -566.847714 -593.940032 -623.439764 -652.456428 -688.452854 -727.952061 -762.007212 -808.611243 -860.746915 -909.574178 -951.120182 -991.977559 -1026.317686 -1056.489070 -1086.859437 -1121.447973 -1154.170086 -1181.612381 -1201.956811 -1229.229257 -1247.516819 -1266.420941 -1284.251218 -1298.099346 -1314.689495 -1327.008812 -1337.061372 -1347.668277 -1357.876349 -1367.627586 -1376.975126 -1384.857256 -1393.530228 -1401.099302 -1407.996025 -1414.243314 -1419.789442 -1425.580429 -1429.849453 -1435.434868 -1439.571022 -1444.096849 -1449.380028 -1453.514640 -1455.350774 -1463.907108 -1466.318733 -1471.062445 -1477.436815 -1482.037256 -1487.004208 -1490.889269 -1495.130726 -1499.952039 -1505.764175 -1509.542954 -1513.175934 -1521.320156 -1526.131405 -1531.328135 -1536.827899 -1541.451126 -1547.501361 -1554.419174 -1558.762695 -1564.239804 -1567.867811 -1573.620314 -1576.728091 -1582.758650 -1586.747470 -1590.091502 -1596.164801 -1598.280165 -1608.157756 -1611.111264 -1614.807365 -1619.316004 -1622.041920 -1628.569191 -1631.155615 -1634.459417 -1636.256691 -1641.463335 -1644.211994 -1646.837941 -1651.213447 -1654.141023 -1659.143105 -1662.397432 -1666.575511 -1670.018244 -1674.062257 -1676.861951 -1679.578819 -1681.930030 -1684.166351 -1687.942665 -1689.724534 -1692.028064 -1695.249273 -1696.730192 -1700.934399 -1704.242501 -1706.022953 -1708.684520 -1711.271430 -1714.309209 -1716.802561 -1719.103590 -1720.836874 -1723.443235 -1725.377342 -1728.824309 -1730.375059 -1732.640839 -1734.994592 -1737.766421 -1739.865129 -1742.736973 -1744.172044 -1746.650706 -1748.595886 -1750.377877 -1752.882455 -1755.674456 -1757.517857 -1760.419317 -1761.940061 -1764.001579 -1767.042041 -1768.995772 -1771.826130 -1774.106249 -1777.391450 -1779.395417 -1781.753205 -1784.894580
8.029868 8.608076 8.889440 9.180052 9.466178 9.748238 10.025746 10.307873 10.587568 10.867350 11.151720 11.444766 12.000295 12.280961 12.555382 12.829161 13.108624 13.393232 13.668616 13.943692 14.220392 14.489831 14.773966 15.063812 15.339222 15.610313 15.870428 16.138073 16.408591 16.678313 16.948902 17.216434 17.478622 17.745702 17.999682 18.269105 18.532021 18.798270 19.057099 19.313649 19.581886 19.856215 20.121675 20.386792 20.660068 20.930909 21.191492 21.446621 21.705088 21.962928 22.233588 22.499108 22.763211 23.029999 23.299672 23.556357 23.824121 24.084021 24.336464 24.584830 24.860809 25.120696 25.383281 25.646140 25.906061 26.161074 26.418250 26.668701 26.933824 27.188941 27.440953 27.956154 28.214477 28.474006 28.740191 29.003510 29.274306 29.525986 29.787627 30.057846 30.312590 30.570038 30.823369 31.099707 31.357374 31.627570 31.883941 32.140673 32.392683 32.645045 32.903177 33.159894 33.413522 33.670896 33.922798 34.173734 34.429225 34.691792 34.940000 35.187622 35.710010 35.973363 36.222916 36.476603 36.724747 36.977845 37.230436 37.481143 37.736494 37.987539 38.245075 38.493497 38.745671 39.003237 39.252207 39.497924 39.745596 39.993390 40.254637 40.511089 40.775471 41.040342 41.305188 41.555632 41.822644 42.080012 42.355963 42.607988 42.859378 43.109863 43.360812 43.610532 43.862439 44.109772 44.367828 44.619023 44.887901 45.135981 45.394167 45.648470 45.903243 46.420038 46.676680 46.933421 47.184281 47.441584 47.691085 47.944980 48.196459 48.443969 48.700666
Elapsed_time: 48.700666
Score: -1784.894580
151
229.129168 -69.885300 -244.737353 -301.552369 -347.345547 -361.536978 -390.110265 -407.958561 -429.451260 -444.727391 -462.327978 -488.533547 -516.071874 -542.906068 -579.684884 -607.655929 -641.222176 -685.742728 -717.683401 -752.122506 -791.602272 -832.849448 -869.353729 -913.015014 -946.579467 -980.826550 -1007.033362 -1049.418891 -1068.988174 -1096.538946 -1111.213540 -1143.575474 -1157.731653 -1174.782383 -1195.077826 -1215.449977 -1227.570762 -1242.819405 -1254.415768 -1264.979213 -1278.967202 -1285.679206 -1294.015641 -1302.396262 -1309.674718 -1313.800799 -1325.280989 -1329.549357 -1333.409612 -1339.947138 -1344.077186 -1349.468787 -1355.060643 -1358.722167 -1367.024551 -1368.070067 -1375.416956 -1378.064286 -1382.513884 -1386.781795 -1391.958771 -1396.132519 -1400.190040 -1406.768989 -1412.972831 -1418.119758 -1424.811911 -1429.192179 -1434.735628 -1442.850445 -1447.596513 -1451.952296 -1457.674355 -1463.004179 -1467.474689 -1475.758707 -1480.264756 -1485.434810 -1491.147149 -1498.259759 -1503.487723 -1509.835415 -1515.743699 -1523.162954 -1528.541175 -1534.238505 -1537.890778 -1543.153420 -1548.553697 -1552.612299 -1561.100401 -1565.704258 -1571.794180 -1575.502952 -1580.706834 -1587.380414 -1594.566116 -1598.940573 -1605.708232 -1608.905360 -1614.472385 -1619.968350 -1624.129125 -1632.578368 -1637.170304 -1643.056135 -1647.805317 -1653.050740 -1658.577262 -1663.366966 -1669.020195 -1673.324063 -1677.706949 -1682.875446 -1685.549844 -1689.253553 -1694.219442 -1696.807045 -1703.490421 -1706.917440 -1710.981129 -1714.862390 -1718.745244 -1722.993949 -1726.924315 -1730.849853 -1734.119608 -1737.902930 -1742.100277 -1744.842460 -1747.813632 -1751.904865 -1754.086091 -1760.217282 -1762.342528 -1765.948264 -1769.781764 -1773.042068 -1776.350445 -1779.721061 -1782.726902 -1785.427307 -1787.655776 -1791.470015 -1794.133277 -1797.486787 -1800.477710 -1803.390769 -1806.878839 -1809.868982 -1813.250633
7.941352 8.519799 8.811646 9.095918 9.391399 9.674636 9.960429 10.233886 10.521029 10.792316 11.065517 11.367933 11.646018 11.923713 12.196705 12.475166 12.753252 13.028292 13.301516 13.572270 13.853575 14.121342 14.392457 14.672373 14.942359 15.217574 15.485782 15.756893 16.032692 16.312947 16.590203 16.861510 17.124176 17.389768 17.663062 17.927640 18.190255 18.455562 18.712390 18.980108 19.242793 19.513183 19.776781 20.037362 20.302395 20.562427 20.828140 21.345428 21.602509 21.860561 22.112876 22.377174 22.642726 22.898927 23.149849 23.412606 23.668861 23.927666 24.187604 24.448417 24.707916 24.967913 25.219301 25.479743 25.731436 25.988138 26.252760 26.512201 26.775046 27.033212 27.294814 27.548703 27.809883 28.069637 28.335415 28.598294 28.857939 29.113164 29.364148 29.618155 29.874637 30.134152 30.390974 30.644588 30.897458 31.144912 31.400970 31.655898 31.911330 32.160620 32.413007 32.668830 32.924429 33.179102 33.434163 33.688508 33.933135 34.185753 34.438025 34.681056 34.928226 35.185571 35.437841 35.690911 36.196908 36.445357 36.700740 36.949571 37.203676 37.452954 37.711603 37.960303 38.206100 38.453037 38.707574 38.959530 39.212779 39.458648 39.713228 40.207523 40.449090 40.704072 40.960139 41.208432 41.450543 41.699861 41.952283 42.205307 42.457149 42.701825 42.953611 43.205136 43.452225 43.700600 44.191462 44.441959 44.683444 44.927764 45.173879 45.426073 45.675712 45.919824 46.165288 46.411299 46.658305 46.907946 47.157796 47.410944 47.653335 47.895979 48.137760
Elapsed_time: 48.137760
Score: -1813.250633
151
112.500344 -195.044431 -378.937739 -441.997987 -486.911536 -499.935677 -536.830762 -540.083464 -568.482936 -580.863999 -599.452184 -622.756255 -642.927318 -680.037084 -700.025802 -724.802825 -753.063834 -788.244730 -826.695922 -862.073870 -911.959438 -961.885143 -1002.690798 -1055.088227 -1098.604731 -1148.064930 -1183.017394 -1224.778547 -1240.164326 -1291.095333 -1309.693248 -1342.903376 -1386.118006 -1404.266144 -1436.278310 -1451.433096 -1472.267632 -1487.011569 -1513.659690 -1523.178863 -1536.995378 -1554.719396 -1563.315468 -1579.263610 -1585.050614 -1591.489858 -1603.195620 -1611.136887 -1617.299849 -1624.559368 -1632.009608 -1638.301786 -1647.015838 -1651.477349 -1658.943625 -1663.266199 -1667.282328 -1672.662018 -1676.155813 -1680.990894 -1685.934785 -1691.312421 -1695.884759 -1701.569773 -1705.665534 -1709.813506 -1714.403097 -1718.434360 -1723.478369 -1728.360637 -1733.493498 -1737.069387 -1740.777563 -1745.171681 -1749.366532 -1757.157560 -1760.605317 -1766.720130 -1770.307385 -1775.618279 -1781.490420 -1787.672818 -1791.672391 -1797.108342 -1799.387986 -1805.003025 -1810.045558 -1813.244057 -1819.856558 -1823.922339 -1830.824637 -1835.787859 -1841.589467 -1845.877804 -1851.502404 -1855.257376 -1859.287248 -1862.179112 -1866.806181 -1870.497021 -1873.090109 -1874.218598 -1879.661448 -1881.799073 -1884.240378 -1887.907601 -1890.102776 -1896.786751 -1898.625498 -1901.535497 -1904.071719 -1907.522626 -1910.420753 -1912.721203 -1915.988929 -1916.862385 -1920.889393 -1922.452915 -1924.277275 -1927.750470 -1929.680959 -1933.072798 -1935.142288 -1937.596922 -1939.765098 -1942.198513 -1945.012787 -1946.815526 -1949.134550 -1952.108065 -1953.871305 -1956.274490 -1957.932435 -1960.460172 -1960.827978 -1964.221238 -1965.564463 -1967.515565 -1969.977176 -1971.873569 -1975.969104 -1977.238925 -1979.277333 -1982.236381 -1983.943486 -1986.001575 -1987.702479 -1989.498768 -1991.576349 -1993.276020 -1994.844014
7.940818 8.520428 8.803689 9.089928 9.365662 9.643555 9.922472 10.198969 10.477490 10.754224 11.035095 11.308588 11.592558 11.864755 12.133980 12.402737 12.687410 12.955738 13.225465 13.503958 13.767167 14.038921 14.299406 14.574458 14.845452 15.107712 15.367018 15.640043 15.904618 16.169823 16.430535 16.701668 16.956590 17.217245 17.485447 17.741184 18.007388 18.278404 18.533359 18.795306 19.058735 19.313550 19.572373 19.821875 20.071477 20.355263 20.607869 20.855449 21.110539 21.374005 21.629148 22.144718 22.401058 22.660714 22.922645 23.175824 23.425127 23.677617 23.936423 24.184381 24.437290 24.696518 24.950350 25.200599 25.454342 25.720782 25.974247 26.230817 26.493522 26.740878 26.989993 27.234426 27.476891 27.728291 27.981963 28.232061 28.486379 28.735297 28.999178 29.254528 29.504683 29.763068 30.022338 30.282978 30.536175 30.789886 31.036729 31.290957 31.553329 32.053498 32.299285 32.545153 32.802335 33.051109 33.301621 33.565296 33.821560 34.075218 34.327693 34.582944 34.830094 35.080172 35.324939 35.592485 35.840922 36.089478 36.335257 36.585335 36.846008 37.092782 37.344574 37.593328 37.844291 38.100050 38.352810 38.602954 38.860434 39.104435 39.351927 39.606005 40.117378 40.368846 40.627272 40.885295 41.135400 41.390021 41.642490 41.887909 42.138833 42.388433 42.645188 42.903291 43.149914 43.403865 43.665818 43.911842 44.158326 44.410545 44.674159 44.936031 45.201475 45.451326 45.702537 45.963050 46.466642 46.722937 46.978182 47.226450 47.480634 47.743493 47.998317
Elapsed_time: 47.998317
Score: -1994.844014
