5
151
9986.376345 8535.622198 7877.450432 7551.548873 7366.797044 7270.230554 7262.185005 7240.397647 7241.113757 7225.033322 7227.383804 7212.345231 7217.299095 7202.043621 7207.262688 7192.313341 7198.112008 7183.191139 7188.620476 7174.183468 7178.937865 7165.697321 7170.237459 7157.599125 7161.870608 7149.620167 7153.779120 7141.737532 7145.332159 7133.824328 7137.066534 7126.169497 7129.296130 7118.939091 7121.624470 7111.588428 7114.084308 7104.378626 7106.522590 7097.175528 7099.151329 7090.305756 7091.749049 7083.509699 7084.535669 7076.656649 7077.410332 7069.995635 7070.672925 7063.268066 7063.967587 7056.628313 7057.379837 7050.006469 7050.640512 7043.663741 7043.678220 7037.320309 7036.873679 7031.034728 7030.160224 7024.967744 7023.656318 7018.900429 7017.409868 7012.808783 7011.141680 7006.596729 7004.859355 7000.588154 6998.634344 6994.734972 6992.471554 6988.948054 6986.780872 6983.323938 6981.020992 6977.586924 6975.260008 6971.922723 6969.662345 6966.284001 6964.074633 6960.600466 6958.708107 6955.004123 6953.539247 6949.303856 6948.118346 6944.227883 6942.939622 6939.258735 6937.864681 6934.534539 6932.798849 6929.811473 6927.866147 6925.122132 6923.166504 6920.426505 6918.661052 6915.865788 6914.411794 6911.640262 6910.146804 6907.371341 6905.921820 6903.235301 6901.790683 6899.299122 6897.540649 6895.494739 6893.769660 6891.705653 6889.913396 6887.581232 6886.056127 6883.778374 6882.532114 6880.330299 6879.025829 6876.982491 6875.730826 6874.043385 6872.861468 6871.049142 6869.799568 6868.259382 6867.154840 6865.743005 6864.764540 6863.388152 6862.360430 6861.158486 6860.113620 6859.058641 6858.268722 6857.449932 6856.705810 6856.065624 6855.258862 6854.555981 6853.938996 6853.409079 6852.948739 6852.605854 6852.329532 6852.106020 6851.932878 6851.792783 6851.709403
6.274782 7.966737 8.560335 9.149800 9.728108 10.312084 10.899657 11.484701 12.071223 12.670121 13.270273 13.862022 14.445128 15.023774 15.599026 16.179356 16.750626 17.330890 17.931118 18.511997 19.091614 19.674272 20.264427 20.850515 21.435660 22.029022 22.606160 23.209464 23.799619 24.383337 24.988525 25.566347 26.147182 26.731444 27.308597 27.882533 28.479470 29.075787 29.662176 30.237385 30.808346 31.386950 31.983309 32.573572 33.154961 33.734061 34.329714 34.909683 35.501888 36.083939 36.666778 37.236941 37.818245 38.410667 38.992187 39.583735 40.168542 40.754705 41.345181 41.933550 42.520138 43.101518 43.694956 44.271522 44.867400 45.450469 46.048834 46.632666 47.215743 47.795592 48.379191 48.981206 49.570914 50.164723 50.750830 51.334581 51.924717 52.520790 53.110951 53.714514 54.305423 54.896034 55.500599 56.119164 56.709476 57.293596 57.878899 58.458669 59.048012 59.643892 60.237227 60.824429 61.418430 62.003210 62.606209 63.187095 63.789484 64.388142 64.985670 65.584597 66.182542 66.771298 67.368383 67.959530 68.538580 69.130973 69.720173 70.311468 70.899766 71.487694 72.100806 72.687857 73.282562 73.865990 74.448014 75.033610 75.627960 76.202278 76.800403 77.410298 77.982374 78.578976 79.163173 79.759640 80.356396 80.960927 81.565330 82.161482 82.766510 83.341589 83.924438 84.512637 85.095609 85.686727 86.285546 86.883725 87.481610 88.074091 88.655271 89.236663 89.828547 90.413939 91.005944 91.612973 92.212448 92.802307 93.408120 94.001314 94.579147 95.158526 95.735659
Elapsed_time: 95.735659
Score: 6851.709403
151
9950.529314 8506.005020 7875.775378 7549.889131 7363.724314 7267.361416 7255.871943 7231.726219 7234.295418 7217.975473 7223.448624 7206.894316 7213.411767 7197.595483 7204.739154 7189.172809 7196.632396 7180.749298 7188.242316 7172.760269 7179.736575 7165.107251 7171.570142 7156.841290 7163.236155 7148.961586 7154.955315 7140.930780 7146.843588 7133.147888 7139.132826 7125.756696 7131.245382 7118.451766 7123.718343 7111.063149 7116.169098 7103.982389 7108.747530 7096.829733 7101.216557 7089.815127 7093.933247 7082.955234 7086.618119 7076.134263 7079.290569 7069.533505 7072.309851 7062.879834 7065.310970 7056.418029 7058.440356 7050.094697 7051.675195 7043.810828 7045.049295 7037.618764 7038.573777 7031.552102 7031.986519 7025.420633 7025.690546 7019.446241 7019.647233 7013.646733 7013.517886 7007.889850 7007.371012 7002.084691 7001.268469 6996.229164 6995.280999 6990.301604 6989.413383 6984.574777 6983.834359 6979.045851 6978.160568 6973.607608 6972.445688 6968.124343 6966.833269 6962.481525 6961.246597 6956.900868 6955.808828 6951.594353 6950.416279 6946.420615 6945.590588 6941.452268 6940.657270 6936.591966 6935.629924 6931.822442 6930.558818 6927.393180 6925.702307 6923.027357 6921.125541 6918.684021 6916.814388 6914.449461 6912.616249 6910.124486 6908.285263 6906.028711 6904.043575 6902.035316 6900.061249 6898.149827 6896.211532 6894.476443 6892.281203 6890.808148 6888.396162 6887.237360 6884.740449 6883.856772 6881.526003 6880.496210 6878.609018 6877.470252 6875.798682 6874.830080 6873.004988 6872.148720 6870.491655 6869.652818 6868.207400 6867.292565 6865.984527 6865.020911 6863.852068 6862.985465 6861.950407 6861.204617 6860.329386 6859.751768 6858.997396 6858.483172 6858.005859 6857.486802 6857.105087 6856.712064 6856.447339 6856.188245 6855.985038 6855.840703 6855.765516
6.429799 8.146785 8.726502 9.325446 9.948852 10.558272 11.173712 11.759460 12.352427 12.957336 13.536597 14.152611 14.752240 15.334350 15.933108 16.528894 17.126012 17.704405 18.321813 18.928355 19.534860 20.124231 20.731558 21.323114 21.941081 22.520677 23.124220 23.739502 24.329847 24.960890 25.552765 26.182243 26.784755 27.372596 27.972316 28.564968 29.164920 29.759329 30.370834 31.014862 31.649312 32.245108 32.845741 33.455219 34.072014 34.674553 35.272344 35.896338 36.480303 37.067284 37.675652 38.268777 38.888627 39.490021 40.100983 40.697016 41.273361 41.888084 42.490025 43.096324 43.722893 44.377001 45.000037 45.592565 46.197604 46.780278 47.385655 48.011809 48.608218 49.234175 49.819547 50.419623 51.011856 51.619735 52.212899 52.782926 53.349561 53.960406 54.563267 55.133067 55.717335 56.336159 56.957067 57.567353 58.222612 58.829324 59.412433 60.001012 60.606554 61.218661 61.814391 62.448709 63.066962 63.693175 64.285164 64.926725 65.545674 66.173234 66.792002 67.410750 68.029464 68.660773 69.299531 69.902653 70.490304 71.111236 71.718665 72.314348 72.932856 73.544012 74.130861 74.735504 75.350325 75.965183 76.568696 77.198311 77.788996 78.398266 78.994584 79.590276 80.197256 80.801655 81.409295 82.024760 82.660967 83.282426 83.907281 84.512176 85.111290 85.719226 86.321390 86.903477 87.495671 88.112044 88.714634 89.309763 89.905425 90.515088 91.112577 91.714135 92.333571 92.982406 93.629265 94.272577 94.872933 95.498435 96.109366 96.722514 97.330455 97.931752 98.517026
Elapsed_time: 98.517026
Score: 6855.765516
151
10012.609166 8553.968392 7885.559597 7562.379929 7364.199578 7266.458956 7246.559239 7227.743295 7223.748086 7209.898772 7208.359295 7196.461766 7195.653589 7185.432399 7185.303252 7176.371032 7175.681698 7167.321850 7166.400792 7158.906808 7157.593081 7150.649158 7148.675062 7142.539326 7140.544886 7135.018598 7132.846340 7127.507231 7125.162477 7120.119604 7117.748618 7112.998409 7110.389951 7105.922486 7103.114166 7099.074961 7095.936692 7092.430830 7088.984365 7085.943681 7082.323221 7079.200652 7075.420732 7072.709995 7068.561127 7066.273401 7061.712180 7059.764601 7055.069184 7053.166651 7048.294700 7046.734359 7041.839622 7040.243221 7035.481959 7034.051757 7029.169548 7027.843054 7023.010484 7021.822818 7016.918323 7015.857024 7010.516585 7010.031990 7004.455302 7004.320876 6998.520120 6998.534170 6992.765904 6992.811425 6987.116717 6987.112331 6981.691869 6981.526370 6976.238912 6975.817123 6970.904220 6970.394613 6965.390124 6964.856818 6959.898863 6959.466954 6954.704980 6954.180323 6949.797282 6949.020731 6944.665223 6943.986440 6939.550988 6938.727669 6934.483297 6934.054733 6929.726855 6929.176470 6925.020850 6924.344007 6920.457661 6919.866770 6916.282816 6915.694105 6912.122339 6911.537004 6908.044343 6907.549750 6903.773018 6903.535979 6899.946028 6899.820448 6896.287075 6896.174428 6892.991408 6892.534297 6889.470306 6888.624256 6885.753812 6885.410373 6882.401620 6882.156941 6879.400182 6878.843074 6876.415981 6875.793853 6873.396762 6872.742004 6870.542806 6869.906646 6868.015057 6867.325435 6865.634132 6865.021955 6863.473005 6862.855465 6861.432512 6860.647752 6859.327894 6858.647994 6857.429001 6856.823868 6855.909552 6855.361083 6854.787726 6854.265699 6853.725474 6853.295678 6852.859635 6852.506306 6852.229651 6851.993270 6851.817491 6851.681302 6851.595018
6.327742 8.044356 8.677072 9.290776 9.881865 10.517347 11.132164 11.767095 12.383717 12.982029 13.563128 14.169387 14.748879 15.333640 15.898538 16.520011 17.128763 17.730624 18.338935 18.958457 19.531317 20.110683 20.748674 21.341987 21.921079 22.507740 23.107495 23.762079 24.345473 24.944389 25.526298 26.148287 26.758154 27.360463 27.959617 28.581986 29.170467 29.746021 30.344371 30.944402 31.554450 32.153364 32.748039 33.349172 33.931970 34.520726 35.133037 35.746140 36.360533 36.980899 37.586053 38.175483 38.787899 39.371771 39.951859 40.527667 41.116572 41.701324 42.298903 42.905441 43.518325 44.160143 44.745809 45.322906 45.910365 46.513620 47.114551 47.709249 48.315705 48.923174 49.540862 50.127325 50.755855 51.366227 51.963127 52.568868 53.167195 53.771996 54.363490 54.940620 55.565003 56.167357 56.778936 57.413917 58.031455 58.665913 59.268065 59.858782 60.447760 61.041019 61.662584 62.312152 62.906771 63.496034 64.137299 64.776025 65.347576 65.978017 66.557723 67.175746 67.764904 68.364058 68.941374 69.527144 70.122976 70.725010 71.313941 71.894233 72.500711 73.082750 73.663406 74.281995 74.885897 75.494656 76.073066 76.666976 77.269802 77.872102 78.468207 79.075098 79.672556 80.267422 80.873278 81.500484 82.094547 82.706484 83.330542 83.946026 84.557689 85.174155 85.781086 86.402496 86.990473 87.619007 88.230014 88.833408 89.439100 90.037258 90.676462 91.305074 91.910535 92.496517 93.115063 93.722181 94.320765 94.944269 95.530601 96.123376 96.733417 97.335672 97.956039
Elapsed_time: 97.956039
Score: 6851.595018
151
10031.606479 8571.839257 7885.657437 7581.310024 7363.917841 7291.429119 7256.943105 7251.813379 7232.645433 7233.959009 7217.453895 7221.931843 7205.034334 7210.979862 7193.727428 7200.943804 7184.218298 7191.801756 7175.337557 7183.143267 7166.834792 7174.378065 7157.843383 7165.738503 7149.914581 7157.661083 7142.191292 7149.691163 7134.258853 7141.720848 7126.310988 7134.039185 7118.668069 7126.521111 7111.113063 7118.926665 7103.792689 7111.372198 7096.464936 7103.901055 7089.106758 7096.443822 7081.754541 7089.116520 7074.736447 7082.070671 7067.919312 7075.166794 7061.349715 7068.388313 7054.803256 7061.745889 7048.185094 7055.161062 7041.562262 7048.743889 7035.115969 7042.499642 7028.969096 7036.229358 7022.904217 7029.857467 7016.795631 7023.320605 7010.873580 7016.805834 7004.966509 7010.652534 6999.182305 7004.583209 6993.483262 6998.608814 6987.768556 6992.629153 6982.086030 6986.890777 6976.495992 6981.285976 6971.098300 6975.807903 6965.734151 6970.245105 6960.576063 6964.822502 6955.620807 6959.554994 6950.717534 6954.307780 6945.883457 6949.162499 6941.058850 6943.820545 6936.085684 6938.411686 6931.372538 6933.149199 6926.658954 6928.152829 6921.863743 6923.325733 6917.323574 6918.488964 6912.795768 6913.887150 6908.606911 6909.508512 6904.666535 6905.421889 6900.968815 6901.485965 6896.937461 6897.406824 6892.983010 6892.929486 6889.034262 6888.906236 6885.322564 6885.129385 6881.807788 6881.504527 6878.538117 6878.181069 6875.407126 6875.168984 6872.797072 6872.373825 6870.277608 6869.689858 6867.867033 6867.364567 6865.651074 6865.153174 6863.552627 6863.044319 6861.614231 6860.980730 6859.771568 6859.056104 6858.035625 6857.465183 6856.677243 6856.267636 6855.687556 6855.300698 6854.861828 6854.526388 6854.166763 6853.932256 6853.699691 6853.577442 6853.479363
6.323396 8.007899 8.598873 9.177699 9.765916 10.340767 10.929586 11.527024 12.135295 12.725407 13.302850 13.880655 14.460995 15.077923 15.662410 16.251459 16.842208 17.421840 18.004791 18.580820 19.164033 19.742437 20.321331 20.900767 21.496502 22.076939 22.656842 23.240906 23.819553 24.413849 24.995520 25.602973 26.187835 26.782562 27.343426 27.917833 28.515800 29.103686 29.689287 30.280401 30.858767 31.449657 32.032766 32.613458 33.207987 33.783500 34.370218 34.962962 35.564096 36.158112 36.747958 37.330992 37.910347 38.484782 39.081164 39.665419 40.254210 40.845055 41.444389 42.029321 42.618519 43.213912 43.800907 44.410148 44.986430 45.560485 46.133196 46.718982 47.301556 47.874153 48.481388 49.069491 49.651682 50.232242 50.819342 51.398622 51.981153 52.568974 53.161651 53.743022 54.336534 54.917651 55.495980 56.078446 56.682425 57.281184 57.858709 58.450827 59.050259 59.629004 60.211602 60.793050 61.382764 61.968575 62.547274 63.142522 63.727338 64.315609 64.898911 65.483466 66.076063 66.665347 67.256015 67.848176 68.435610 69.025227 69.618321 70.218614 70.793309 71.369253 71.960794 72.554781 73.148998 73.737701 74.330668 74.934462 75.517663 76.123593 76.706549 77.288383 77.869223 78.463706 79.051098 79.653265 80.250352 80.847041 81.431746 82.021225 82.605496 83.222578 83.804053 84.407371 84.993067 85.589446 86.178449 86.758327 87.347067 87.938497 88.527265 89.111770 89.689124 90.264023 90.862392 91.460462 92.048255 92.633880 93.227503 93.821302 94.394001 94.981782 95.569759
Elapsed_time: 95.569759
Score: 6853.479363
151
10040.231683 8550.477777 7909.041072 7559.065065 7380.838588 7258.483045 7256.783905 7214.634910 7234.732901 7198.506652 7219.528474 7185.977233 7208.013003 7175.888996 7197.732118 7166.090660 7187.572229 7157.065495 7178.803762 7149.212767 7170.383546 7142.487446 7162.648947 7135.515491 7155.056928 7128.518760 7147.321955 7121.922681 7140.257647 7115.597168 7133.749729 7109.511820 7127.225838 7102.937614 7120.309020 7096.280908 7113.343650 7089.773857 7106.023240 7083.195283 7098.751678 7076.578569 7091.672906 7070.242389 7084.820568 7063.997968 7078.021756 7057.764109 7071.260458 7051.560022 7064.549269 7045.571144 7058.082131 7039.753671 7051.487718 7033.945589 7045.003870 7028.142149 7038.667925 7022.486311 7032.151941 7016.856234 7025.906442 7011.373184 7019.711327 7005.981077 7013.519268 7000.638879 7007.249993 6995.279355 7001.201435 6989.937086 6995.325259 6984.867846 6989.622922 6979.755947 6984.125668 6974.404460 6978.662424 6968.742984 6972.893340 6963.869462 6967.178266 6959.196104 6961.984415 6954.628413 6956.849663 6950.065239 6951.885293 6945.520321 6947.144309 6941.019321 6942.452182 6936.471078 6937.684088 6931.983503 6933.122473 6927.576485 6928.592969 6923.360882 6924.070984 6919.193718 6919.829703 6915.321476 6915.579870 6911.443607 6911.519724 6907.704013 6907.611468 6904.199339 6903.845047 6900.719920 6900.077829 6897.271892 6896.575175 6893.822338 6892.976327 6890.118317 6889.463421 6886.847815 6886.228398 6883.846206 6883.082751 6881.153670 6880.253427 6878.559588 6877.682114 6876.096980 6875.317050 6873.816140 6873.005790 6871.712641 6870.842162 6869.767465 6868.737513 6867.765597 6866.780590 6865.924140 6865.183433 6864.459370 6863.862619 6863.226805 6862.852630 6862.301893 6861.964129 6861.527564 6861.233645 6860.962697 6860.810607 6860.677902 6860.598481
6.205053 7.858998 8.424661 8.984169 9.573139 10.159039 10.741077 11.322695 11.922797 12.537548 13.134978 13.729048 14.324004 14.906353 15.501780 16.083125 16.664271 17.273269 17.857066 18.437829 19.045066 19.623711 20.201904 20.792137 21.371901 21.955651 22.524548 23.102888 23.694565 24.278743 24.863982 25.453797 26.029692 26.607170 27.214552 27.798845 28.395880 28.977847 29.555846 30.141192 30.717114 31.305976 31.891064 32.469939 33.055393 33.641036 34.228292 34.816109 35.399128 36.001383 36.575606 37.174397 37.746299 38.319180 38.897423 39.492424 40.088391 40.680978 41.271226 41.844066 42.441331 43.013159 43.594092 44.170595 44.751060 45.332098 45.919537 46.506207 47.085992 47.696898 48.282680 48.874959 49.470545 50.067095 50.671020 51.251524 51.843491 52.415859 53.004256 53.579978 54.186325 54.785536 55.371534 55.950959 56.536567 57.122950 57.712353 58.291824 58.877362 59.473880 60.053051 60.634606 61.207476 61.782454 62.380382 62.960426 63.553801 64.139900 64.725651 65.321221 65.909613 66.494176 67.093379 67.696950 68.266487 68.864557 69.446738 70.015608 70.612200 71.198394 71.792598 72.370166 72.952800 73.531709 74.110934 74.685558 75.263615 75.858525 76.445363 77.032854 77.619385 78.196492 78.771848 79.346433 79.939413 80.515594 81.102577 81.691914 82.288639 82.868205 83.448884 84.046349 84.635376 85.232604 85.816955 86.406825 86.994076 87.581126 88.173729 88.768384 89.371064 89.959885 90.553599 91.144921 91.723142 92.309756 92.886189 93.477667 94.080856 94.664005 95.294103
Elapsed_time: 95.294103
Score: 6860.598481
