5
151
704311.502005 579668.424936 228639.553477 139976.289769 82357.620369 65925.537577 40528.904651 27704.023359 24279.030119 20455.367087 16627.000493 14391.820980 13142.551206 12242.538828 11226.396071 10249.932892 9566.465824 9291.408594 9051.770588 8761.880767 8537.674231 8362.166420 8219.638976 8132.337457 8065.696297 8035.953580 7982.022464 7923.723498 7900.226054 7868.377436 7857.992498 7838.949201 7821.204771 7806.154892 7792.288233 7782.458578 7771.395440 7760.427758 7746.761231 7739.258119 7727.545611 7709.948844 7686.377545 7673.827948 7660.545324 7645.286349 7632.587324 7616.333858 7605.928373 7593.715355 7575.286850 7559.564593 7547.072147 7532.810189 7520.887998 7504.402096 7487.852291 7473.990862 7458.909163 7445.544866 7430.171571 7418.991658 7401.580647 7391.192961 7378.269305 7363.925840 7350.367767 7340.277987 7328.883470 7318.363253 7303.646787 7291.006598 7279.786476 7271.266862 7258.060715 7247.769483 7237.163124 7226.653788 7218.030932 7207.955193 7197.540781 7191.585849 7184.222185 7176.355905 7169.545383 7161.124414 7155.635759 7148.291748 7136.440276 7131.408980 7124.686829 7117.989476 7111.987509 7106.486615 7098.671520 7094.672691 7089.492521 7085.502844 7081.968668 7075.559568 7071.644226 7065.291911 7061.567853 7056.960864 7053.549298 7049.491994 7043.180604 7039.761375 7034.994317 7031.311842 7028.943301 7026.751675 7022.548556 7020.173183 7017.580409 7013.657000 7011.172352 7007.231738 7004.627817 7002.137753 6999.786409 6997.354205 6995.472694 6993.253963 6991.750716 6989.724398 6988.125570 6986.444834 6984.459519 6983.079844 6980.948760 6979.358967 6977.565598 6976.038142 6974.444508 6973.722292 6972.188262 6971.412024 6970.429921 6968.771461 6967.844317 6966.702917 6965.842864 6964.983004 6962.542853 6961.853518 6961.120001 6959.837169 6959.005630 6957.916323 6957.211120
0.000288 1.422870 2.142797 2.855425 3.591520 4.319118 5.033170 5.765536 6.476678 7.176152 7.883615 8.584015 9.313143 10.007269 10.733928 11.425731 12.153422 12.851249 13.536918 14.243886 14.939701 15.644204 16.344956 17.035338 17.743030 18.441222 19.147666 19.842082 20.550482 21.232360 21.916852 22.611055 23.300960 24.003056 24.671080 25.372174 26.055035 26.734821 27.430471 28.108976 28.789905 29.484422 30.172592 31.531606 32.230481 32.947506 33.634044 34.290476 34.966327 35.640506 36.349484 37.036683 37.699953 38.362624 39.030165 39.730755 40.418341 41.111451 41.781119 42.453986 43.144551 43.819177 44.495281 45.165879 45.835258 46.495265 47.163910 47.846740 48.508059 49.191662 49.853944 50.521487 51.187121 51.838488 52.509146 53.164616 53.814853 54.487711 55.170749 55.815986 56.499342 57.172242 57.827793 58.498646 59.140714 59.791370 60.430312 61.057494 61.773141 62.403605 63.025752 63.645048 64.275687 64.942227 65.591749 66.234997 66.893843 67.560121 68.229043 68.874037 69.541817 70.207750 70.849087 71.497916 72.150789 72.798269 73.456258 74.748193 75.442170 76.092175 76.712574 77.370979 78.031796 78.681303 79.320700 79.958384 80.596407 81.228254 81.866217 82.527186 83.176139 83.849199 85.107883 85.759963 86.381276 87.006963 87.667361 88.286455 88.898324 89.533966 90.179042 90.811595 91.448051 92.078055 92.699766 93.348033 93.994458 94.624024 95.283406 95.913820 97.168648 97.798213 98.441394 99.075630 99.707581 100.953164 101.565901 102.183443 102.811024 103.457225 104.085797
Elapsed_time: 104.085797
Score: 6957.211120
151
655887.664678 541063.279536 187844.972063 114640.843334 67968.426807 54282.539177 39578.604563 37217.074637 26992.538609 18622.249261 14401.411774 13436.058512 12173.586106 10924.999581 10169.023293 9334.628624 9096.178969 8865.840537 8632.766099 8466.846853 8309.649749 8170.395998 8077.419176 8021.731709 7951.966813 7917.353753 7886.294874 7868.369333 7841.789221 7825.309943 7807.501818 7798.959905 7785.810946 7769.562791 7754.055491 7737.157635 7722.343023 7711.625129 7696.102494 7668.981092 7656.593960 7642.335682 7628.969200 7614.763439 7595.707490 7579.983213 7568.474464 7553.566695 7536.746488 7520.719494 7507.025213 7488.459735 7474.677274 7458.338545 7444.463983 7429.821255 7414.378030 7398.288225 7382.272144 7369.964519 7352.408259 7342.886602 7330.781974 7318.826931 7307.530014 7294.295420 7283.777110 7268.964037 7266.023351 7252.543912 7247.090331 7238.705034 7228.042250 7219.028219 7204.647773 7199.153284 7190.900324 7183.798764 7177.145302 7167.552293 7162.067709 7153.732017 7140.527139 7134.415678 7128.233905 7121.148977 7114.912716 7108.146948 7103.161390 7099.123140 7093.709405 7085.946580 7081.325342 7075.860902 7071.689361 7066.744361 7063.901911 7058.595266 7055.598147 7052.267873 7047.498600 7046.069553 7041.914322 7040.245542 7038.040177 7033.513019 7031.295290 7027.911659 7025.355884 7023.071163 7019.442086 7016.895324 7014.695758 7012.462460 7010.211824 7008.874801 7005.791262 7004.489318 7002.729335 7001.256178 6999.572082 6997.924034 6996.816580 6994.036984 6992.883845 6991.662641 6989.906427 6988.462069 6986.509262 6984.949525 6983.687953 6982.513372 6981.378552 6979.806030 6979.008087 6977.645354 6976.595033 6975.670464 6974.029659 6972.638843 6971.331550 6970.300711 6969.443921 6968.616921 6967.477420 6966.390015 6965.551690 6964.597728 6963.162455 6962.569348 6961.902944
0.000257 1.449460 2.202087 2.931589 3.656543 4.390594 5.107985 6.573709 7.283093 7.981071 8.669311 10.078106 10.783796 11.472002 12.146571 12.850256 14.254035 14.917174 15.618144 17.013404 17.711315 18.400988 19.089054 19.775372 20.466736 21.137599 21.875578 22.566299 23.275685 23.985870 24.665047 25.339615 26.023224 26.723326 27.437280 28.111224 28.798343 29.488724 30.163799 30.860904 31.559378 32.259074 32.940776 33.618574 34.306903 34.969170 35.646355 36.335894 37.000724 37.660945 38.325534 38.982799 39.659327 40.315277 40.979587 41.633469 42.285930 42.936435 43.596426 44.254737 44.903923 46.226959 46.873602 47.514188 48.158469 48.802535 49.469460 50.142259 50.808142 51.451228 52.107583 52.788825 53.429065 54.066219 54.704158 55.349221 55.998278 56.643198 57.274299 57.902624 58.544019 59.195954 59.836663 61.151806 61.800008 62.454396 63.093816 63.734793 64.378173 65.047291 65.685977 66.319063 66.953253 67.602239 68.241488 68.879299 69.521599 70.182097 70.837006 71.470550 72.095445 72.711589 73.344286 73.992291 74.628483 75.258888 76.527909 77.151118 77.792570 78.445864 79.073746 79.701152 80.335619 80.966849 81.590862 82.217753 82.848695 83.466367 84.097567 84.724430 85.360052 86.006700 86.655937 87.284688 88.551659 89.186759 89.807074 90.434015 91.066517 91.675766 92.286374 92.894184 93.533592 94.140544 94.763019 95.392199 96.016165 96.638124 97.267856 97.884628 98.516198 99.122589 99.736179 100.350933 100.982701 101.603437 102.245039 102.858343 103.487160 104.739627 105.371681
Elapsed_time: 105.371681
Score: 6961.902944
151
708415.242665 582258.398193 208723.381666 106437.138966 53608.246860 37037.727103 27997.772975 25483.671655 22279.127663 18489.048954 15154.871474 13836.460791 11664.739327 11304.296165 10566.281839 9829.424826 9224.906401 8843.794930 8646.154600 8529.224484 8377.381423 8266.409607 8180.971161 8076.132448 8021.562707 7975.808532 7924.694160 7893.575760 7859.557867 7829.469202 7808.255238 7792.935641 7778.823339 7764.565076 7751.297924 7740.202062 7730.345661 7718.932613 7710.229892 7697.911549 7683.336747 7672.325631 7659.906434 7651.020401 7637.332758 7617.499967 7609.975336 7593.110702 7584.334327 7567.180050 7561.312949 7541.558281 7534.367127 7521.443194 7503.419353 7497.694228 7478.233130 7472.084305 7456.853314 7438.697703 7426.146341 7411.549504 7396.215781 7385.631050 7372.641056 7360.602462 7349.587407 7336.564557 7320.663864 7309.448228 7298.371052 7289.358680 7274.912604 7267.934180 7254.027537 7247.208215 7238.178736 7224.484241 7216.324510 7208.107552 7200.000322 7192.332862 7182.482653 7174.494401 7167.233486 7159.937585 7149.512534 7145.456106 7134.569727 7129.930396 7122.561149 7114.883413 7107.114424 7102.057004 7096.872261 7091.445511 7084.991251 7078.118319 7072.437728 7068.030300 7061.452497 7055.207927 7048.149000 7042.908643 7039.670968 7035.320869 7031.397606 7026.740532 7022.816514 7018.814773 7014.722271 7011.007994 7006.950162 7003.248465 7000.014130 6995.518143 6993.122550 6990.138377 6987.032998 6984.567167 6981.346671 6978.272963 6976.454622 6974.729582 6972.848464 6968.719742 6966.696044 6963.765006 6961.473178 6959.678010 6957.509417 6955.185561 6953.111705 6951.111014 6949.158254 6948.782982 6946.734677 6945.973292 6944.591097 6943.163329 6940.557142 6939.500218 6938.009550 6936.295192 6935.129388 6933.714458 6931.919745 6930.838277 6929.627592 6927.879914 6927.167742
0.000263 1.402438 2.114874 2.808954 3.500056 4.208925 4.902400 5.602823 6.308821 6.998139 7.684519 8.367053 9.054128 9.735247 10.422164 11.100394 11.802248 12.481325 13.160061 13.828773 14.503118 15.175532 15.847854 16.530885 17.197983 17.884242 18.585789 19.269774 19.946210 20.623480 21.299363 21.975978 22.670791 23.340265 24.003666 24.679578 25.354398 26.045092 26.711522 27.382002 28.061747 28.732157 29.402785 30.056582 30.720686 31.384135 32.042780 32.698107 33.363092 34.016671 34.666777 35.323334 35.979594 36.636720 37.312236 37.980842 38.647772 39.312592 39.954756 40.618616 41.941980 42.609080 43.269115 43.926917 44.589190 45.240978 45.894952 46.561985 47.206966 47.844572 48.489415 49.129312 49.791787 50.442295 51.079433 51.730473 52.379144 53.026705 54.306817 54.945517 55.588557 56.224498 56.863468 57.518552 58.160364 58.813153 59.456877 60.095954 60.743312 61.395271 62.031793 62.686024 63.319024 63.946565 64.581299 65.215608 65.843986 66.481951 67.112186 67.745882 68.376036 69.005604 69.631824 70.260059 70.897608 71.548091 72.169286 72.793221 73.422584 74.048083 74.670803 75.299687 75.912805 76.556415 77.184206 77.795100 78.425069 79.056953 79.681797 80.319514 80.957789 81.597532 82.214702 82.866190 83.499736 84.139726 85.396132 86.017820 86.638709 87.282712 87.909305 88.523725 89.144454 89.744044 90.348262 90.980428 91.601833 92.214784 92.825467 93.442656 94.063022 95.307851 95.933224 96.551905 97.162971 97.776412 98.402310 99.036469 99.661954 100.276670 100.911814
Elapsed_time: 100.911814
Score: 6927.167742
151
690346.175394 568946.083124 208928.448865 106295.245335 54838.741676 36649.748345 29726.641667 26656.930224 23130.548114 17959.334361 16608.487342 13378.352275 11925.264949 11246.114993 10739.631532 9814.712005 9360.326415 9005.615877 8722.712401 8469.434706 8331.126015 8220.801740 8125.116789 8042.375957 7972.119000 7913.770736 7895.612479 7860.777695 7850.777784 7821.122431 7806.342463 7791.969095 7774.112940 7761.123827 7746.660638 7736.374511 7723.577374 7706.005620 7687.717186 7675.279878 7655.797020 7643.962176 7630.181974 7612.126112 7598.428492 7581.920173 7566.088683 7550.670565 7537.672403 7524.392123 7510.085092 7495.847147 7475.170192 7462.405005 7448.929154 7438.352019 7424.347781 7408.833602 7395.381378 7379.903766 7365.909184 7351.626554 7338.569899 7329.597920 7318.196606 7309.722998 7300.025474 7287.549094 7276.322776 7260.852694 7252.478515 7242.283027 7231.928760 7220.843180 7212.014996 7203.299778 7191.744242 7181.347009 7174.582685 7168.264917 7160.995162 7151.229293 7141.465633 7134.020730 7127.962242 7122.255014 7115.548586 7107.823025 7101.670551 7095.363605 7090.182487 7084.254509 7079.186195 7075.520843 7071.045960 7063.898477 7060.748331 7055.970518 7051.884576 7048.100518 7043.869445 7039.773858 7036.198006 7033.184033 7030.589116 7026.749742 7024.816865 7022.306908 7019.521731 7017.976254 7013.885652 7011.770619 7008.572398 7005.900150 7004.190054 7001.721304 6999.544293 6997.169532 6995.822941 6993.710307 6992.981190 6990.569995 6989.412187 6988.006367 6985.743038 6984.676252 6983.061240 6981.361474 6980.262852 6978.717225 6976.730244 6975.644166 6974.306318 6973.036326 6971.957761 6970.765803 6969.668442 6968.049044 6967.478597 6966.320108 6965.618756 6964.847225 6963.641452 6963.565463 6961.851318 6961.354710 6960.613102 6959.525783 6958.999377 6958.059633 6957.693484
0.000254 1.398425 2.101045 2.782914 3.489621 4.190751 4.875467 5.565151 6.270237 6.960387 7.653466 8.342443 9.037522 9.713791 10.390597 11.080001 11.769159 12.459650 13.149236 13.839656 14.507537 15.170387 15.850229 16.532282 17.222207 17.904284 18.574849 19.272135 19.939316 20.610542 21.957970 22.637923 23.314427 23.994421 24.666664 25.343188 26.022061 26.702829 27.376227 28.052274 28.716298 30.069504 30.754969 31.419438 32.097078 32.760888 33.438967 34.094779 34.747376 35.413584 36.086690 36.736629 37.403591 38.064352 38.725765 39.384304 40.059213 40.723201 41.366943 42.019873 42.673078 43.313138 43.979448 44.652160 45.297576 45.934013 46.589595 47.237652 48.550774 49.195087 49.858745 50.516073 51.162550 51.811685 52.481994 53.119826 53.787525 54.429496 55.068765 55.727006 56.376355 57.020973 57.685522 58.327789 58.965609 59.624025 60.265054 60.911003 61.558154 62.206444 62.850028 63.494025 64.124252 64.767638 65.417778 66.047175 67.309932 67.949001 68.568035 69.215118 69.843674 70.479585 71.106631 71.737164 72.368851 72.986729 73.607438 74.228922 74.847453 75.482831 76.116042 77.377712 77.994051 78.612672 79.247674 79.875494 80.492593 81.127104 81.737757 82.365482 82.976848 83.597091 84.210083 84.826205 85.443485 86.680248 87.300861 87.925156 88.553684 89.174515 89.795067 90.417033 91.024448 91.651164 92.274051 92.887820 93.518494 94.141292 94.757876 95.373982 95.998644 96.617743 97.229796 97.843944 98.463147 99.096593 99.728134 100.347030 100.962282 101.584057 102.210824
Elapsed_time: 102.210824
Score: 6957.693484
151
715620.218580 588601.111540 217576.010843 111107.972685 76599.751727 42369.023649 39119.311553 31115.417921 22443.533874 18077.855410 14607.372718 13205.275180 11517.603642 11175.544058 10283.705060 9942.437001 9552.762620 9247.219753 8874.283343 8726.844043 8434.921404 8246.551135 8137.205778 8091.194374 8028.297317 7946.395802 7913.318336 7878.176311 7845.795754 7832.819147 7818.046420 7807.249531 7790.358434 7776.598564 7763.444388 7753.613897 7740.704657 7722.973041 7704.509539 7686.743698 7665.433230 7646.773301 7629.412190 7609.154746 7591.292840 7575.208389 7561.021536 7547.657965 7532.337167 7516.499808 7497.807313 7483.476621 7470.438549 7454.712160 7439.985695 7422.813767 7407.274231 7393.405501 7382.715205 7370.673691 7352.895267 7341.794707 7328.695170 7314.807653 7301.909918 7290.710449 7275.719743 7264.301096 7252.806243 7242.429730 7232.418437 7223.464283 7214.615543 7199.160168 7191.419337 7181.042317 7172.710821 7165.236682 7155.750251 7147.709304 7139.024206 7131.156844 7121.861040 7114.333065 7107.491652 7102.212117 7096.220404 7088.744434 7085.195867 7078.969063 7074.530700 7069.784136 7061.166175 7056.526217 7050.401504 7045.574292 7041.659494 7037.173355 7032.732935 7030.151998 7025.892923 7018.949822 7017.264479 7013.496864 7010.100013 7007.655199 7003.699396 6999.753510 6995.634939 6993.583372 6991.537719 6988.876957 6986.058076 6982.247274 6979.792238 6976.404479 6973.731081 6972.021674 6968.919940 6968.193938 6965.910146 6964.624477 6963.238490 6961.123830 6960.628156 6957.301959 6956.402568 6955.334076 6953.458730 6951.661216 6949.792975 6948.710867 6947.081306 6945.914502 6944.588043 6943.240136 6942.243991 6940.623465 6939.673965 6938.962887 6937.976729 6937.060887 6935.753092 6935.511463 6933.654393 6933.180546 6931.938707 6930.644440 6929.642848 6928.605626 6928.054749
0.000356 1.400835 2.096033 2.794878 3.490598 4.195112 4.889626 6.275417 6.963472 7.653164 8.326526 9.018784 9.724343 10.404271 11.078338 12.467947 13.162412 13.845438 14.532911 15.227201 15.916420 16.591582 17.268305 17.951478 18.616691 19.314337 20.662413 21.345850 22.023660 22.700778 23.365408 24.041255 24.721977 25.419074 26.089656 26.754830 27.429218 28.119534 28.787686 29.459797 30.118676 30.779183 31.443133 32.110227 32.780902 33.535049 34.182370 34.847426 35.504442 36.172565 36.833792 37.480825 38.136789 38.790905 39.424619 40.072219 40.735779 41.385717 42.047609 42.692800 43.347867 44.003279 44.660151 45.310541 45.964189 47.282457 47.942383 48.586301 49.240669 49.891391 50.537533 51.183112 51.827539 52.466586 53.108551 53.780929 54.431943 55.092872 55.761612 56.412603 57.083104 57.748626 58.400297 59.040226 59.693756 60.334354 60.979622 61.628408 62.257599 62.893581 63.533781 64.169053 64.801319 66.068230 66.706174 67.338444 67.966867 68.587159 69.209903 69.847426 70.474040 71.098167 71.736216 72.359053 72.988129 73.615824 74.259515 74.883462 75.514460 76.157723 76.785232 77.401299 78.046838 78.689171 79.307752 79.928905 80.556052 81.195578 81.839095 82.479640 83.104966 83.725437 84.347370 84.971650 85.617105 86.232980 86.849661 87.484448 88.098247 88.728646 89.348559 89.964428 90.579692 91.217885 91.831452 92.459625 93.074052 93.688778 94.329379 94.949625 95.564960 96.179930 96.790065 97.410207 98.035113 98.653090 99.268633 99.882053 100.491863 101.106631 101.715154
Elapsed_time: 101.715154
Score: 6928.054749
