5
151
704311.502005 10659.943665 10005.087735 9535.703090 9190.763365 8922.006239 8701.477999 8519.676041 8365.717445 8238.597077 8129.118907 8036.799188 7956.062308 7887.558296 7828.318364 7779.642800 7734.273709 7694.106117 7657.683193 7622.214793 7590.482180 7559.902008 7531.297347 7504.254186 7478.813061 7453.196994 7431.251332 7407.333449 7387.178798 7365.029963 7346.237481 7325.389321 7308.698516 7289.637936 7274.716056 7256.673845 7242.985920 7226.522288 7214.102458 7199.077167 7187.699005 7173.706894 7163.253585 7150.643733 7141.204012 7129.967690 7121.555055 7111.293555 7103.661730 7094.238153 7087.364836 7079.079642 7072.232217 7064.918108 7058.813059 7052.256430 7046.469184 7040.416413 7035.208261 7029.835208 7025.196885 7020.113910 7016.174914 7011.360171 7007.821878 7003.398122 7000.341490 6996.179123 6993.430539 6989.556292 6987.026147 6983.523669 6981.304088 6978.165340 6976.020111 6973.186446 6971.225747 6968.534629 6966.874994 6964.243177 6962.800811 6960.361543 6958.971700 6956.797817 6955.477766 6953.406014 6952.158148 6950.308151 6949.048190 6947.352150 6946.173972 6944.607192 6943.534766 6942.077682 6941.046421 6939.662717 6938.763656 6937.457650 6936.603519 6935.440764 6934.563256 6933.544412 6932.621338 6931.670085 6930.815354 6929.921760 6929.047802 6928.249556 6927.431411 6926.693834 6925.909113 6925.129109 6924.471558 6923.706662 6923.092365 6922.358488 6921.769891 6921.091113 6920.548401 6919.893510 6919.349677 6918.749073 6918.213509 6917.727242 6917.209216 6916.746171 6916.304735 6915.898040 6915.490593 6915.125994 6914.746447 6914.386111 6914.055482 6913.710631 6913.404697 6913.090992 6912.805794 6912.544281 6912.296220 6912.062916 6911.855735 6911.658707 6911.483938 6911.325680 6911.186348 6911.067176 6910.960856 6910.875993 6910.805082 6910.752651 6910.718778
0.001003 1.890771 2.515901 3.106298 3.710789 4.325275 4.939982 5.537301 6.126687 6.739312 7.324338 7.929651 8.541323 9.165602 9.758474 10.351412 10.960051 11.554395 12.149318 12.733347 13.316887 13.905728 14.492977 15.099855 15.691922 16.309997 16.918270 17.528577 18.118924 18.725840 19.340390 19.927262 20.548838 21.152445 21.766337 22.378051 22.949340 23.563712 24.144246 24.750174 25.345688 25.940042 26.561173 27.171616 27.792360 28.375836 28.971501 29.566826 30.148158 30.731330 31.342633 31.972756 32.564539 33.162661 33.773501 34.377275 34.979103 35.567915 36.177199 36.802167 37.377354 37.988410 38.592796 39.189058 39.766154 40.373171 40.948069 41.594610 42.174225 42.789339 43.403549 43.989086 44.592527 45.193787 45.816189 46.432238 47.071985 47.652350 48.374777 48.982324 49.605086 50.197633 50.795873 51.404615 51.983011 52.551786 53.163886 53.789301 54.415117 55.029043 55.630664 56.217093 56.807847 57.420501 58.052190 58.663480 59.279862 59.869177 60.461074 61.064913 61.657923 62.271579 62.923166 63.567029 64.184880 64.790196 65.380351 65.968821 66.580204 67.162426 67.766429 68.378307 68.956838 69.536837 70.147270 70.776576 71.357144 71.976920 72.566540 73.211402 73.830469 74.437349 75.032092 75.638283 76.268313 76.884907 77.483405 78.088421 78.694012 79.287031 79.915018 80.517456 81.128081 81.725139 82.337663 82.949982 83.579393 84.158321 84.780100 85.366198 85.974992 86.580439 87.192561 87.786731 88.391107 88.998407 89.612459 90.222125 90.808988 91.420788 92.002245
Elapsed_time: 92.002245
Score: 6910.718778
151
655887.664678 10597.413668 9944.757552 9478.484938 9137.792314 8872.294854 8657.484320 8478.352022 8333.358883 8207.168258 8106.608343 8017.743913 7946.117760 7883.926729 7832.592921 7787.997771 7745.125714 7708.325670 7670.186554 7637.589325 7602.100631 7573.880284 7540.968511 7516.672904 7485.500567 7464.048002 7434.427155 7415.437698 7388.239056 7371.374746 7345.358284 7331.390251 7306.829269 7294.236267 7271.280445 7259.727952 7239.081329 7228.137203 7209.408810 7199.413880 7182.277132 7173.401751 7157.407980 7149.651534 7134.648696 7127.824036 7114.306305 7107.963876 7095.503409 7089.778584 7078.807530 7073.418363 7063.336342 7058.669525 7049.553868 7045.222702 7037.099161 7033.168274 7025.593202 7022.213015 7015.437212 7012.296671 7006.186053 7003.183777 6997.803806 6995.141056 6990.202222 6987.860150 6983.178689 6981.140157 6976.808909 6975.101822 6971.025267 6969.410354 6965.798326 6964.313583 6961.079624 6959.681993 6956.677503 6955.488770 6952.628956 6951.532170 6949.074852 6947.997908 6945.691601 6944.731243 6942.620386 6941.718922 6939.759975 6938.938725 6937.085892 6936.345521 6934.646638 6933.953750 6932.349647 6931.670110 6930.201563 6929.505390 6928.165038 6927.523472 6926.299865 6925.698730 6924.535242 6924.021192 6922.936727 6922.417464 6921.398289 6920.892331 6919.942493 6919.391239 6918.533941 6918.025319 6917.222157 6916.774195 6915.971994 6915.548072 6914.860096 6914.413349 6913.820770 6913.392775 6912.823214 6912.425399 6911.923046 6911.484906 6911.097109 6910.715083 6910.346062 6910.014164 6909.664773 6909.379424 6909.066539 6908.826139 6908.542858 6908.324341 6908.052931 6907.841675 6907.572589 6907.384782 6907.145907 6906.976968 6906.777318 6906.655814 6906.499602 6906.407929 6906.286315 6906.209778 6906.122511 6906.062424 6906.007380 6905.969784 6905.944438
0.000253 1.764663 2.348739 2.944787 3.546829 4.155257 4.771332 5.396498 6.004865 6.574424 7.191466 7.772472 8.395406 8.989271 9.589122 10.186268 10.801674 11.406610 12.035455 12.612235 13.213869 13.827153 14.453305 15.056097 15.667448 16.267187 16.858509 17.468777 18.068301 18.683647 19.287435 19.912121 20.557957 21.144362 21.781721 22.404734 22.986015 23.566086 24.161233 24.775237 25.371932 25.995684 26.593601 27.222831 27.847615 28.476180 29.054304 29.658650 30.261173 30.836193 31.455621 32.055863 32.647338 33.244242 33.830958 34.435625 35.042622 35.654844 36.231761 36.816334 37.424878 37.996598 38.568508 39.157011 39.769411 40.379059 40.959502 41.559195 42.124964 42.706670 43.318106 43.938508 44.503697 45.121240 45.700114 46.299016 46.882999 47.498679 48.095627 48.698642 49.339091 49.931396 50.527596 51.130863 51.732854 52.320163 52.918046 53.536919 54.141359 54.718346 55.316585 55.931231 56.517398 57.144618 57.747034 58.341892 58.957616 59.560226 60.150485 60.759905 61.386442 62.005113 62.633756 63.264402 63.859009 64.482657 65.087184 65.687130 66.279622 66.895129 67.501291 68.119717 68.713782 69.327386 69.939341 70.566524 71.192761 71.789800 72.415496 73.019163 73.612001 74.214420 74.822908 75.419098 76.013017 76.647556 77.231655 77.850039 78.504444 79.102912 79.718914 80.333198 80.935257 81.519383 82.123128 82.735275 83.385632 83.988676 84.570553 85.163347 85.782133 86.399539 87.009262 87.624175 88.215321 88.809705 89.431414 90.014756 90.613718 91.246861 91.853118
Elapsed_time: 91.853118
Score: 6905.944438
151
708415.242665 10675.217565 10017.329764 9542.613894 9194.615437 8924.489429 8703.158002 8522.317555 8365.946921 8239.667492 8127.550123 8038.637883 7959.293605 7896.756347 7843.445693 7801.303912 7765.681055 7732.282024 7703.286584 7674.237003 7648.605937 7622.153538 7599.164888 7574.629477 7553.575110 7529.893022 7510.884403 7487.608684 7469.198234 7446.576474 7428.929039 7406.575398 7389.556991 7367.476486 7351.645578 7331.000321 7316.108593 7296.848579 7282.944307 7264.973260 7252.866108 7236.200718 7225.398206 7209.444974 7199.682471 7184.629749 7175.941453 7161.916728 7154.134736 7141.324671 7134.107033 7122.381320 7115.772116 7105.303690 7099.030821 7089.551431 7084.194654 7075.279126 7070.495339 7062.465268 7058.119950 7050.660837 7046.925959 7039.923106 7036.494390 7029.961037 7027.138667 7021.119348 7018.669950 7013.138532 7010.853212 7005.841131 7003.748519 6999.088013 6997.296120 6992.843127 6991.226692 6987.117019 6985.580427 6981.835681 6980.330081 6976.871688 6975.405995 6972.290294 6970.950920 6968.093774 6966.872161 6964.262000 6963.092432 6960.758082 6959.672302 6957.495077 6956.426554 6954.313932 6953.393741 6951.275855 6950.395155 6948.492609 6947.631805 6945.872984 6945.180564 6943.539504 6943.040567 6941.483759 6941.045191 6939.635832 6939.173504 6937.906445 6937.495017 6936.306461 6935.911565 6934.833945 6934.408053 6933.432471 6933.016283 6932.146407 6931.712826 6930.914338 6930.454924 6929.723619 6929.259148 6928.591762 6928.129370 6927.515604 6927.077197 6926.526258 6926.110966 6925.655228 6925.285110 6924.871017 6924.516823 6924.148646 6923.820860 6923.513074 6923.210413 6922.937677 6922.674374 6922.430438 6922.208164 6921.978404 6921.790455 6921.595865 6921.429890 6921.273706 6921.145458 6921.029892 6920.934301 6920.852521 6920.788827 6920.739769 6920.707799
0.000253 1.851253 2.435622 3.035336 3.663931 4.274165 4.871597 5.481217 6.066541 6.655944 7.251868 7.832005 8.411663 9.050957 9.662362 10.266853 10.866214 11.474830 12.062603 12.642341 13.242878 13.848102 14.441468 15.049547 15.638382 16.282171 16.921362 17.517826 18.102273 18.682390 19.279911 19.870024 20.479089 21.072593 21.665896 22.266329 22.879517 23.472173 24.091680 24.726547 25.364786 25.996984 26.620008 27.201660 27.769406 28.380760 29.009990 29.607717 30.199108 30.828869 31.445442 32.043483 32.639156 33.246566 33.877031 34.490779 35.095848 35.703568 36.334770 36.945355 37.546278 38.154474 38.733686 39.331787 39.936685 40.540268 41.119459 41.724951 42.318665 42.925907 43.521027 44.141051 44.721261 45.338419 45.948850 46.560413 47.157617 47.758258 48.365254 48.942429 49.561879 50.147470 50.751976 51.361455 51.974154 52.572353 53.191661 53.798505 54.390129 55.025848 55.635803 56.246466 56.874646 57.476517 58.058392 58.658577 59.280693 59.856458 60.472699 61.090031 61.696634 62.275952 62.899134 63.525991 64.089525 64.657462 65.235020 65.803386 66.368406 66.927303 67.492942 68.097066 68.692929 69.322482 69.900979 70.517971 71.112367 71.711571 72.305132 72.895951 73.543404 74.145464 74.730292 75.346322 75.936341 76.522197 77.097592 77.678484 78.263164 78.853730 79.442763 80.024175 80.615876 81.199831 81.806537 82.418137 82.999969 83.589911 84.165721 84.755096 85.338978 85.920607 86.500280 87.075616 87.668111 88.257159 88.831577 89.407414 89.987770 90.559900 91.152268
Elapsed_time: 91.152268
Score: 6920.707799
151
690346.175394 10635.861699 9982.323916 9513.378646 9170.090079 8903.261445 8684.988393 8506.805047 8352.509760 8227.825502 8116.108169 8027.208112 7947.586832 7883.504241 7828.761291 7783.217695 7744.139851 7705.969792 7673.519943 7638.767384 7610.155835 7578.565163 7552.450082 7523.003066 7499.227699 7471.256882 7449.328841 7423.057410 7403.650947 7378.417584 7361.575298 7337.304207 7322.416527 7299.652499 7286.824671 7265.102122 7253.275802 7233.199685 7222.454627 7203.403643 7193.770114 7176.078006 7167.350801 7151.710355 7143.304405 7129.229453 7121.541973 7108.825008 7101.992462 7090.461835 7084.030412 7073.178417 7067.608573 7057.806569 7052.809808 7043.872411 7039.400459 7031.335196 7027.248743 7020.007564 7016.285427 7009.650775 7006.289207 7000.270080 6997.237468 6991.889434 6989.078795 6984.123227 6981.518033 6976.913279 6974.778682 6970.517025 6968.622611 6964.851787 6962.990386 6959.613736 6957.857721 6954.836534 6953.241779 6950.440481 6949.018551 6946.513265 6945.325838 6942.925484 6941.842701 6939.589662 6938.610936 6936.456285 6935.576218 6933.599268 6932.750373 6931.017750 6930.143093 6928.634307 6927.803190 6926.370869 6925.639516 6924.109990 6923.523879 6922.112125 6921.517013 6920.208478 6919.636230 6918.396514 6917.845261 6916.716105 6916.154226 6915.164495 6914.676105 6913.714960 6913.247354 6912.386593 6911.913146 6911.102979 6910.664621 6909.916001 6909.510209 6908.804872 6908.433532 6907.726988 6907.358725 6906.708966 6906.358951 6905.769609 6905.418689 6904.878538 6904.560330 6904.036463 6903.752166 6903.275060 6903.039060 6902.602801 6902.395713 6902.004715 6901.844874 6901.512750 6901.360406 6901.087256 6900.952819 6900.702778 6900.586009 6900.374630 6900.266011 6900.096777 6899.997075 6899.873913 6899.796030 6899.713947 6899.659929 6899.613416 6899.586046
0.000286 1.778607 2.370930 2.961718 3.538132 4.127384 4.699752 5.279972 5.874325 6.457233 7.033564 7.629851 8.217191 8.796197 9.390885 9.969751 10.565185 11.144606 11.731150 12.329139 12.909446 13.498960 14.084386 14.678778 15.265045 15.843239 16.429877 17.006412 17.596650 18.183324 18.784808 19.362715 19.946255 20.533652 21.119555 21.712660 22.301559 22.875716 23.461889 24.044664 24.616501 25.200963 25.786219 26.373736 26.957625 27.544944 28.147989 28.722828 29.317123 29.904093 30.493507 31.096265 31.680554 32.264286 32.841839 33.442398 34.035902 34.614085 35.221150 35.804406 36.395457 36.973017 37.549294 38.133581 38.710215 39.305359 39.900793 40.477681 41.061766 41.643872 42.231944 42.811114 43.393336 43.992469 44.597229 45.177614 45.784944 46.380864 46.968331 47.575390 48.180302 48.782467 49.391999 49.962955 50.556343 51.150533 51.749366 52.338603 52.932155 53.523422 54.115307 54.688223 55.271916 55.847251 56.425758 57.001522 57.588424 58.179731 58.768723 59.361303 59.954863 60.546251 61.130122 61.764465 62.347031 62.947339 63.552923 64.164602 64.756824 65.353468 65.953330 66.546065 67.136855 67.725782 68.312708 68.901349 69.492622 70.107765 70.710122 71.307624 71.886253 72.469759 73.062398 73.642418 74.235647 74.820090 75.392600 75.986339 76.562375 77.147387 77.751256 78.334300 78.918853 79.512848 80.110532 80.701548 81.294394 81.881666 82.474943 83.078076 83.676168 84.268964 84.864522 85.444771 86.032140 86.622664 87.202133 87.799702 88.373589 88.975943 89.566611
Elapsed_time: 89.566611
Score: 6899.586046
151
715620.218580 10675.928736 10017.971272 9544.375317 9196.750575 8926.585482 8705.516954 8522.326424 8368.954024 8237.916210 8128.161998 8032.575919 7952.166508 7882.103377 7824.571829 7774.442033 7729.253195 7689.302878 7650.533647 7615.473234 7581.575558 7549.599069 7520.059660 7491.512770 7464.605143 7438.385662 7414.415947 7390.867446 7368.774608 7347.761458 7327.268956 7308.227005 7289.148280 7271.864545 7255.155773 7238.914517 7224.552413 7209.427470 7196.131876 7182.969187 7170.960175 7159.324136 7148.258624 7137.511536 7127.961534 7118.174146 7109.784508 7100.763571 7093.569534 7085.239457 7078.811573 7071.298327 7065.613546 7058.863804 7053.728960 7047.764229 7043.183840 7037.579576 7033.600401 7028.665416 7025.183785 7020.568221 7017.418560 7013.392770 7010.391318 7006.981090 7004.069996 7001.031860 6998.483648 6995.751956 6993.492753 6990.785606 6988.855493 6986.513518 6984.728483 6982.565392 6981.036335 6978.974956 6977.544839 6975.741503 6974.317194 6972.752426 6971.348322 6969.975290 6968.660942 6967.415732 6966.154665 6964.934200 6963.834705 6962.578068 6961.679569 6960.475996 6959.600415 6958.415777 6957.584871 6956.429485 6955.612433 6954.613009 6953.847678 6952.934380 6952.171138 6951.307250 6950.599151 6949.797280 6949.101862 6948.405783 6947.716688 6947.020359 6946.421368 6945.696752 6945.127706 6944.443876 6943.925992 6943.273932 6942.761442 6942.136158 6941.652937 6941.067805 6940.649747 6940.065635 6939.684286 6939.165315 6938.794220 6938.277110 6937.954834 6937.493924 6937.174507 6936.763659 6936.450605 6936.075655 6935.773100 6935.434377 6935.149304 6934.845238 6934.582057 6934.299175 6934.054946 6933.825669 6933.628898 6933.422175 6933.255769 6933.075646 6932.931973 6932.793430 6932.670627 6932.562482 6932.469054 6932.389950 6932.328608 6932.283072 6932.253185
0.000246 1.791195 2.377372 2.966974 3.547005 4.145318 4.725977 5.305073 5.897496 6.490129 7.079447 7.668026 8.297473 8.897254 9.479405 10.071577 10.666203 11.282086 11.875191 12.466235 13.081655 13.669416 14.249105 14.829180 15.414160 16.005086 16.584619 17.177202 17.743228 18.333857 18.927431 19.521975 20.131287 20.721663 21.307898 21.905975 22.503682 23.106000 23.702699 24.280873 24.859479 25.443112 26.026925 26.618308 27.217099 27.830650 28.439596 29.038045 29.643254 30.251673 30.852763 31.445974 32.029111 32.615555 33.198037 33.791957 34.362239 34.961500 35.568390 36.148964 36.728712 37.318880 37.912485 38.492641 39.071211 39.663744 40.267304 40.846780 41.418596 42.002240 42.617959 43.200800 43.795090 44.374883 44.971012 45.562010 46.150995 46.741287 47.331878 47.922377 48.510443 49.119582 49.709676 50.305360 50.894356 51.470311 52.041372 52.639527 53.219680 53.832769 54.423587 55.007366 55.595250 56.182556 56.759014 57.344380 57.917777 58.502617 59.089462 59.677403 60.262992 60.844230 61.424725 62.009340 62.593450 63.177051 63.774276 64.365546 64.959067 65.548863 66.138156 66.730721 67.317099 67.899746 68.487979 69.065846 69.663343 70.247167 70.864930 71.452967 72.028996 72.610496 73.228617 73.963344 74.536588 75.127929 75.704294 76.301284 76.889695 77.497760 78.082285 78.657616 79.263375 79.838960 80.429758 81.020118 81.605256 82.183536 82.758694 83.354237 83.944904 84.542006 85.125043 85.708857 86.289801 86.882300 87.478603 88.065426 88.650197 89.246885 89.851583
Elapsed_time: 89.851583
Score: 6932.253185
