5
151
9986.376345 9663.385532 9268.040995 9203.619376 8726.681747 8643.109503 8431.859472 8192.912781 8023.503956 7834.583608 7780.409597 7666.823502 7446.608911 7339.970026 7261.998411 7207.626458 7186.093423 7147.078950 7126.449491 7107.953440 7092.403735 7074.676308 7048.073696 7035.856443 7017.071706 7005.070777 6995.779077 6987.839073 6980.151857 6972.493193 6967.401877 6961.078324 6956.828701 6952.651698 6948.121376 6943.343764 6940.745392 6936.253286 6932.342770 6928.884568 6926.569512 6924.594276 6922.325330 6919.758667 6917.671541 6916.147411 6914.461208 6913.856764 6911.692365 6910.686639 6909.658712 6907.861565 6906.182124 6903.984134 6903.107288 6901.943148 6900.645922 6899.087777 6897.996396 6896.771820 6895.434932 6894.249424 6893.148889 6892.022849 6891.060222 6889.568700 6888.751035 6887.728127 6886.550869 6886.016109 6885.406602 6884.690029 6884.111490 6883.053000 6882.861010 6881.957356 6881.585897 6881.057902 6880.728101 6880.095622 6879.783892 6879.316950 6878.536399 6878.074180 6877.396862 6876.937882 6876.539426 6876.015014 6875.401476 6875.006808 6874.592083 6873.979949 6873.714249 6873.304649 6873.002230 6872.615544 6872.224709 6871.647277 6871.347768 6871.065748 6870.915509 6870.540136 6870.166538 6870.054658 6869.590479 6869.426996 6869.087844 6869.058313 6868.652675 6868.501735 6868.311022 6868.073071 6867.866747 6867.647657 6867.451446 6867.247405 6867.015344 6866.791842 6866.594049 6866.382133 6866.144851 6865.950313 6865.764775 6865.590767 6865.401858 6865.180994 6865.086726 6864.903702 6864.793490 6864.633826 6864.455244 6864.285771 6864.180665 6864.026318 6863.893032 6863.715995 6863.579137 6863.440179 6863.305042 6863.121850 6863.034572 6862.924321 6862.714563 6862.626643 6862.508034 6862.365735 6862.236858 6862.092901 6861.986415 6861.891396 6861.758098
6.220582 7.506568 8.130425 8.761396 9.410009 10.662779 11.292012 11.924237 12.568779 13.208415 13.830126 14.481114 15.134456 15.777910 16.393972 17.038114 17.676756 18.313556 18.945724 19.578464 20.205889 20.827844 21.460595 22.740263 23.358028 23.985587 24.625965 25.257198 25.905973 26.531630 27.158905 27.783577 28.402617 29.026306 29.653403 30.269505 30.892076 31.507876 32.133845 32.764131 33.401480 34.024955 34.645635 35.268034 35.895016 36.535016 37.150546 37.777227 38.409269 39.025270 39.656141 40.280525 40.901145 41.507416 42.127867 42.740521 43.351081 43.966268 44.588235 45.198695 45.824552 46.441023 47.056836 47.683934 48.301142 48.912417 49.537832 50.173321 50.807919 51.416852 52.024642 52.636060 53.244203 53.866612 54.478767 55.101554 55.719564 56.339081 56.942656 57.563066 58.169603 58.784374 59.395409 60.591995 61.201203 61.808383 62.414807 63.026519 63.640866 64.247939 64.856963 65.472118 66.095795 66.707992 67.310944 67.925414 68.537639 69.147262 69.746782 70.368705 71.003589 71.623285 72.223906 72.845842 73.446150 74.061264 74.668003 75.280461 75.891592 76.504139 77.107375 77.714508 78.333344 78.943088 79.556242 80.171023 80.777259 81.413458 82.029763 82.633564 83.244383 83.861495 84.481989 85.100742 85.721928 86.328555 86.935355 87.561144 88.175828 88.789706 89.401906 90.007659 90.613909 91.220758 91.835331 92.435554 93.039473 93.645712 94.284080 94.890880 96.113916 96.726934 97.334491 97.951709 98.554907 99.157079 99.772092 100.378972 100.969590 101.566650 102.172547
Elapsed_time: 102.172547
Score: 6861.758098
151
9950.529314 9461.725354 9217.900941 9124.175739 8832.961599 8718.616483 8538.086906 8182.783256 7859.066010 7710.002189 7569.584922 7512.653904 7365.615288 7339.845596 7235.411019 7205.624708 7164.621467 7133.928852 7105.929565 7085.528610 7066.069772 7052.704909 7038.234269 7026.851520 7015.117672 7006.065987 6993.909225 6987.743462 6980.739712 6971.209953 6968.823302 6959.103212 6956.333728 6951.334790 6950.396569 6944.183606 6941.968847 6939.081700 6934.359443 6931.105764 6926.728816 6925.271317 6922.864113 6921.247202 6918.900381 6917.268279 6916.001398 6913.535409 6912.686605 6911.521773 6909.773902 6908.195397 6906.684582 6904.969353 6904.024920 6902.439055 6902.040694 6900.266611 6899.488537 6898.396970 6897.233814 6895.857085 6895.055112 6893.926881 6892.859353 6891.459354 6890.458644 6889.708738 6888.621886 6887.847971 6887.302429 6886.564785 6885.927530 6885.219435 6884.758873 6884.455948 6883.892952 6883.298649 6882.810079 6882.202758 6881.869047 6881.375770 6880.984669 6880.633334 6880.075285 6879.732956 6879.139182 6878.815506 6878.525382 6878.282037 6877.897658 6877.624021 6877.208420 6876.910970 6876.630526 6876.055143 6875.810818 6875.501164 6875.210849 6875.000718 6874.749004 6874.475780 6874.306030 6874.123596 6873.824933 6873.663291 6873.403005 6873.038934 6872.902769 6872.709784 6872.507318 6872.349914 6872.097784 6871.971586 6871.771652 6871.640710 6871.498724 6871.429512 6871.217543 6871.126685 6871.017368 6870.869108 6870.651364 6870.425994 6870.335742 6870.230901 6870.079965 6869.979225 6869.856961 6869.696715 6869.604986 6869.500879 6869.394868 6869.296533 6869.126072 6868.971820 6868.863268 6868.684549 6868.602138 6868.467230 6868.414620 6868.229779 6868.157112 6868.046527 6867.919956 6867.833737 6867.743921 6867.672616 6867.595539 6867.398329 6867.325679
6.221653 8.134537 8.773518 9.419895 10.063754 11.328471 11.960456 12.593408 13.237764 13.869123 14.491624 15.114605 15.757928 16.386192 17.015582 17.648903 18.286672 18.940033 19.564142 20.198669 20.829207 21.488542 22.117821 22.750570 23.365458 24.005751 24.637722 25.281291 25.901203 26.523508 27.145732 27.770799 28.399625 29.031943 29.663351 30.294804 30.917923 31.550900 32.172407 32.809743 33.463263 34.089248 34.694041 35.313237 35.929153 36.540185 37.148045 37.753205 38.980949 39.588860 40.207858 40.816914 41.427492 42.042342 42.659854 43.275983 43.905106 44.511505 45.130456 45.752870 46.363789 46.976526 47.588004 48.205499 48.814160 49.422144 50.027321 50.640487 51.255722 51.864926 52.498427 53.099554 53.718357 54.336528 54.942849 55.561901 56.155415 56.774623 57.389228 58.020373 58.632964 59.236207 59.854973 60.464245 61.066129 61.662840 62.264153 62.887852 63.525602 64.159346 64.795089 65.414302 66.040627 66.636282 67.235166 67.843320 69.065167 69.686945 70.316527 70.954945 71.574933 72.190857 72.805434 73.413257 74.052372 74.665268 75.275104 75.888997 76.492627 77.110530 77.711338 78.329486 78.939194 79.547458 80.155039 80.768958 81.390964 82.013564 82.644280 83.262722 83.896174 84.504678 85.115617 85.739948 86.364267 86.978099 87.589096 88.217881 88.834495 89.445455 90.058670 90.661222 91.265452 91.880191 92.504793 93.111774 93.719893 94.337322 94.962306 95.570867 96.194245 96.802278 97.406254 98.024221 98.629121 99.238757 99.851127 100.471369 101.075807 101.685492 102.489025
Elapsed_time: 102.489025
Score: 6867.325679
151
10012.609166 9549.835695 9277.829645 9201.974849 9024.830337 8758.563198 8540.842541 8296.574230 8044.486894 7863.954095 7721.792015 7579.346095 7467.328608 7360.094921 7323.186141 7257.513754 7232.308856 7190.279257 7152.208444 7141.528705 7096.686039 7087.319559 7065.413469 7055.207985 7042.085660 7029.237972 7018.090033 7005.157910 6994.617387 6985.699541 6978.251823 6971.458693 6965.087943 6958.256773 6954.517675 6948.597103 6945.719612 6942.551846 6938.487841 6935.774606 6932.575814 6929.051230 6926.675680 6924.433921 6921.688437 6920.422219 6918.174251 6915.851842 6913.634875 6912.527125 6911.148031 6909.632665 6908.233237 6906.992209 6905.436813 6903.914538 6902.730878 6900.912249 6900.134277 6898.956009 6897.834199 6896.958595 6895.134686 6894.332290 6893.256187 6892.362202 6891.668739 6890.853926 6889.578699 6889.039544 6888.222295 6887.634502 6887.105481 6885.890274 6885.592469 6884.736051 6884.235460 6883.697373 6883.094683 6882.494517 6881.958483 6881.610737 6881.215734 6880.560419 6879.950415 6879.539454 6879.153446 6878.657934 6878.241399 6877.762667 6877.362802 6876.948277 6876.494784 6876.071777 6875.785171 6875.509052 6875.249541 6874.880331 6874.506187 6874.236701 6873.852181 6873.474133 6873.069407 6872.845458 6872.510317 6872.237519 6871.964758 6871.789930 6871.628777 6871.458424 6871.233200 6871.051402 6870.819428 6870.632674 6870.473538 6870.294326 6870.063700 6869.883963 6869.672640 6869.460134 6869.253411 6869.081419 6868.987613 6868.784753 6868.702306 6868.557099 6868.351143 6868.174998 6867.947911 6867.853760 6867.629491 6867.551378 6867.327228 6867.244859 6867.130362 6866.967583 6866.711049 6866.602586 6866.467756 6866.404731 6866.272979 6866.102622 6865.943329 6865.865078 6865.627835 6865.506528 6865.385673 6865.312499 6865.109667 6864.900861 6864.815770
6.250057 7.517665 8.138614 8.767362 9.398079 10.015983 10.645431 11.925080 12.553925 13.186790 13.837789 14.470780 15.100310 15.732766 16.360249 16.991997 17.624712 18.255964 18.885257 19.537599 20.168459 20.791056 21.422991 22.659933 23.308164 23.922428 24.554187 25.181578 25.808179 26.438550 27.057830 27.677964 28.310355 28.934084 29.569200 30.179524 31.431032 32.050225 32.679991 33.305402 33.918174 34.545145 35.186669 35.809404 36.444280 37.049833 37.675178 38.321500 38.976526 39.624176 40.249675 40.900563 41.535546 42.171091 42.796224 43.422515 44.058756 44.677760 45.315226 45.948392 46.584631 47.258550 47.875251 49.149908 49.798418 50.399339 51.015107 51.641972 52.284892 52.917294 53.541496 54.161677 54.776553 55.425387 56.033684 56.657501 57.267625 57.911666 58.543563 59.149006 59.777511 60.381409 61.023331 61.652303 62.299265 62.925751 63.551100 64.179560 64.815164 65.456382 66.064895 66.666144 67.290020 67.907552 68.531940 69.160968 69.782204 70.389649 71.009506 71.623636 72.242105 72.843621 73.465224 74.098789 74.710832 75.343513 75.993255 76.609663 77.232705 77.844000 78.460193 79.058416 79.682738 80.298141 80.911322 81.531661 82.139178 82.786456 83.413815 84.025585 84.621368 85.258874 85.888060 86.521234 87.150728 87.774136 88.393545 89.037111 89.661318 90.292663 90.919436 91.513958 92.137210 92.767534 93.383536 93.992913 94.598161 95.227478 95.857327 96.466176 97.111879 97.733146 98.378229 98.992321 99.625940 100.242763 100.857504 101.472678 102.086739 102.703284 103.345039
Elapsed_time: 103.345039
Score: 6864.815770
151
10031.606479 9750.210909 9315.970799 9223.945058 8660.750104 8501.808222 8264.467207 8162.903481 7933.663322 7816.924406 7619.390427 7459.162262 7369.439174 7286.984504 7259.025883 7211.599759 7175.194367 7141.647089 7125.471249 7109.647228 7087.510517 7068.326207 7053.911424 7040.076595 7027.834038 7014.870041 7005.623492 6996.767251 6988.574840 6981.318922 6974.658538 6969.985197 6965.054105 6960.005990 6956.246378 6951.778575 6946.800015 6943.364319 6940.928557 6937.732771 6934.700378 6932.868994 6930.160854 6928.789649 6927.141381 6925.625041 6924.360979 6922.936436 6921.622483 6919.073768 6917.913377 6916.814780 6915.177261 6913.962496 6911.730227 6910.606202 6909.535603 6908.590576 6907.022064 6906.376852 6904.524050 6903.101564 6901.692094 6901.005635 6899.936550 6898.879714 6897.886222 6897.210179 6896.115824 6895.366604 6894.418402 6893.850828 6893.391919 6892.447962 6891.750868 6891.219900 6890.400975 6889.850401 6889.020900 6888.670898 6888.101688 6887.706943 6887.061544 6886.639004 6886.189381 6885.580081 6885.306641 6884.767950 6884.472242 6884.094522 6883.498577 6882.902410 6882.492315 6881.869886 6881.480133 6880.997909 6880.488784 6880.141884 6879.691025 6879.302401 6878.995789 6878.714015 6878.368976 6878.066662 6877.817345 6877.478616 6877.127685 6876.846935 6876.495424 6876.219745 6875.914040 6875.579199 6875.208961 6875.016446 6874.821640 6874.628013 6874.384455 6873.996658 6873.761344 6873.518200 6873.230046 6873.095539 6872.877607 6872.601243 6872.324700 6872.140441 6871.908850 6871.711050 6871.591724 6871.408474 6871.175002 6870.958370 6870.771149 6870.590489 6870.380416 6870.169743 6869.977248 6869.797330 6869.637905 6869.525368 6869.373757 6869.231497 6869.096031 6868.872999 6868.682776 6868.584156 6868.419008 6868.268403 6868.049906 6867.922521 6867.764594
6.375624 7.675410 8.313723 9.600305 10.247096 11.548766 12.213398 12.860047 13.478264 14.134171 14.781668 15.446568 16.109551 16.729087 17.368205 17.992333 18.620489 19.286622 19.921826 20.578358 21.221527 21.865052 22.512758 23.147001 23.796362 24.436797 25.071467 25.726013 26.361784 26.993919 27.617787 28.245795 28.885449 29.511032 30.140700 30.757315 31.377832 32.005841 32.632996 33.248340 33.858183 34.481567 35.079436 35.699904 36.325348 36.940998 37.570353 38.199115 38.809984 39.420719 40.653005 41.291002 41.905042 42.514234 43.130418 44.380065 44.991969 45.600948 46.220151 46.850603 47.478981 48.095515 48.709286 49.339776 49.957861 50.564064 51.181415 51.805965 52.433101 53.048530 53.663688 54.281347 54.905224 55.521232 56.145690 56.753976 57.382300 57.986468 58.597793 59.220017 59.837141 60.452615 61.064965 61.678180 62.293551 62.906328 63.509768 64.109448 64.718141 65.329273 65.936578 66.556041 67.155335 67.763465 68.366782 68.970475 69.596546 70.203312 70.814739 71.423139 72.021595 72.626561 73.242601 73.845135 74.451477 75.047885 75.641502 76.253826 76.872831 77.469274 78.077994 78.684299 79.286320 79.897118 80.502510 81.100078 81.718282 82.324644 82.957775 83.574976 84.193996 84.797340 85.416740 86.014979 86.626509 87.230488 87.843455 88.446149 89.065518 89.669893 90.286356 90.902647 91.511047 92.103412 92.718515 93.334783 93.931042 94.541549 95.148782 95.757330 96.382839 97.010348 97.647132 98.272056 98.884849 99.503584 100.135401 100.752969 101.366039 102.603943 103.210915
Elapsed_time: 103.210915
Score: 6867.764594
151
10040.231683 9611.168385 9351.084704 9122.055660 8927.017381 8728.634250 8586.979239 8287.287121 8128.401185 7917.079490 7824.144657 7660.735773 7494.601527 7428.549803 7323.974955 7273.717187 7219.819632 7186.388221 7153.954041 7126.130761 7110.205128 7090.001006 7068.422103 7058.592296 7042.451424 7025.982898 7013.358342 7004.810536 6996.386862 6989.441293 6980.897653 6974.637762 6969.976977 6963.750226 6959.188457 6954.139203 6950.662208 6947.469250 6944.602750 6941.178820 6938.443112 6936.162293 6933.485478 6931.157694 6929.304774 6926.821905 6925.283591 6923.734490 6921.826262 6920.810275 6919.411482 6917.476817 6916.185076 6914.133567 6912.576677 6911.155360 6910.021385 6908.672390 6907.419586 6906.374455 6904.881827 6904.126317 6903.118361 6902.318025 6901.500945 6900.075028 6899.815159 6898.386190 6897.864845 6897.098243 6896.419071 6895.611532 6895.063068 6894.471341 6893.667941 6893.051458 6892.476329 6891.945575 6891.445639 6890.643961 6889.986971 6889.561190 6888.816685 6888.452802 6887.968752 6887.517912 6887.148866 6886.304986 6885.912491 6885.295952 6884.854380 6884.456169 6884.022785 6883.530562 6883.002229 6882.623430 6882.233086 6881.712852 6881.409558 6881.031891 6880.605897 6880.204751 6879.869086 6879.480755 6879.297980 6879.023271 6878.697624 6878.403475 6878.161233 6877.908463 6877.607526 6877.303447 6877.134353 6876.843242 6876.658957 6876.423888 6876.236197 6876.078443 6875.883845 6875.693537 6875.559521 6875.377353 6875.155003 6874.944129 6874.770903 6874.545147 6874.398055 6874.226774 6874.054485 6873.891261 6873.772561 6873.604161 6873.472281 6873.346011 6873.201409 6873.063429 6872.915776 6872.695262 6872.605153 6872.484693 6872.384184 6872.255207 6872.101585 6871.926469 6871.747591 6871.692759 6871.604671 6871.466095 6871.344590 6871.268531 6871.111803
6.311667 8.213586 8.852856 9.491707 10.144956 10.787984 11.421398 12.062846 12.711507 13.349502 13.990685 14.636644 15.265777 16.542556 17.181552 17.845521 18.495128 19.119229 19.748189 20.400035 21.047255 21.678569 22.327813 22.975929 23.625584 24.272317 24.887089 25.529606 26.187161 26.823200 27.453543 28.084828 28.714542 29.338858 29.955600 30.567729 31.193395 31.828901 32.453330 33.074870 33.704118 34.318681 34.939818 35.567760 36.186457 36.819289 37.434054 38.057266 38.698047 39.313262 39.930753 40.549569 41.165124 41.797571 42.414842 43.035354 43.650596 44.278531 44.904576 45.518670 46.137255 46.773208 47.387798 48.030785 48.684537 49.288617 49.897031 50.525669 51.144962 51.751571 52.362176 52.985142 53.607028 54.226889 54.841053 55.443040 56.075438 56.698136 57.323404 57.925871 58.555131 59.174816 59.797378 60.419523 61.046551 61.674846 62.289152 62.922463 64.139595 64.766359 65.389051 66.003072 66.622083 67.237870 67.857015 68.483031 69.113461 69.728619 70.346423 70.962556 71.576526 72.188732 72.784275 73.401730 74.024674 74.632747 75.254382 75.888329 76.505711 77.129106 77.746358 78.364418 78.975104 79.596128 80.215064 80.835645 81.458516 82.067585 82.676171 83.279707 83.884943 84.493491 85.112445 85.726976 86.332842 86.950862 87.555180 88.175095 88.782275 89.402870 90.635009 91.247783 91.851396 92.466768 93.079835 93.685500 94.311571 94.928981 95.528687 96.140318 96.734639 97.348207 97.949575 98.572013 99.190022 99.802640 100.404628 101.008710 101.628449 102.258119 102.874597
Elapsed_time: 102.874597
Score: 6871.111803
