5
301
63640.229277 61260.640959 54691.634539 54672.291165 53780.298191 53654.156240 53607.666285 53179.153391 53045.248444 52916.355106 52455.702146 52440.248397 52243.215218 51722.979833 51067.988215 50725.506629 50144.342900 50132.812844 49923.481666 49829.993221 49715.928609 49535.352132 48886.290837 48815.176651 48798.671434 48717.451044 48611.059263 48514.223589 48345.049418 48177.668833 48030.194541 47999.496358 47944.482661 47848.023451 47817.552677 47611.032090 47340.650336 46996.608860 46887.426853 46867.056621 46680.904965 46643.698940 46394.487124 46090.415531 46025.808445 45766.737693 45612.831042 45374.123826 45360.070746 45334.450427 45251.888339 45164.239531 45022.092904 44767.530953 44369.416587 44353.088459 44341.093241 44284.503789 44171.948340 44052.581624 43841.233952 43764.203873 43259.711392 43139.684318 43123.422410 42905.909749 42748.803103 42557.409024 42313.998244 42297.079260 42161.754674 41913.104022 41893.871928 41879.440425 41577.384755 41334.965948 41011.841742 40751.857406 40603.965842 40467.124394 40375.207508 40029.677735 39536.552313 38914.749989 38791.135330 38650.742882 38502.757200 38393.270077 38379.561546 38246.589612 38237.434066 38226.446917 38128.979320 38123.895629 37988.249529 37899.610590 37698.103524 37479.003919 37438.985449 37317.938125 37300.171869 37238.315398 37177.762352 36937.892201 36630.979108 36561.990707 36392.197798 36237.812237 36222.886376 36182.865968 36021.749904 35622.638727 35610.836736 35389.752346 35386.354679 35098.856640 35070.346476 35012.210608 34919.254911 34906.866796 34884.335191 34740.421573 34623.380887 34552.527360 34380.488518 34379.001538 34230.794028 34215.123704 34206.715407 34113.753235 34082.211110 34038.544846 33965.785102 33669.241299 33590.625355 33585.374949 33447.917679 33380.391033 33284.403128 33195.349280 32999.135544 32785.173890 32704.080610 32681.228035 32680.894626 32588.438642 32475.068926 32342.164760 32056.694001 32029.762765 31907.761529 31841.101241 31828.811757 31758.962671 31735.280621 31652.294887 31347.887172 31347.685777 31176.126955 31048.806929 30788.065675 30766.168575 30754.195810 30722.249252 30648.196790 30574.772237 30482.424267 30450.656942 30414.384532 30302.259415 30166.068818 30070.808995 29974.147253 29826.728553 29603.986287 29598.594890 29467.943371 29410.521851 29243.619099 29092.229144 29083.975347 29035.326308 28987.430382 28841.843926 28823.470848 28778.419433 28724.655712 28602.663658 28577.911524 28496.245020 28432.957022 28294.212154 28186.663484 28084.816608 27966.431871 27946.390779 27922.356524 27823.840569 27691.929041 27589.609732 27497.893157 27371.290358 27306.759594 27303.375833 27285.644771 27266.643749 27242.346197 27239.340908 27136.620676 27115.121828 27044.478743 26999.196272 26962.892511 26911.956906 26852.923729 26796.196491 26728.120540 26612.249163 26596.970049 26566.390943 26505.451291 26411.117443 26378.286610 26323.690091 26259.050921 26202.358016 26157.553568 26102.120915 26054.501857 26014.823114 25972.839926 25972.475153 25933.503702 25903.526875 25871.391794 25833.396165 25814.344787 25779.428262 25743.357241 25711.830732 25677.384473 25631.122744 25594.115704 25564.970506 25540.237308 25512.605606 25484.136958 25456.622349 25439.444792 25417.328672 25396.306939 25371.239341 25352.039877 25330.819662 25312.171833 25293.350537 25277.941141 25260.829422 25244.358688 25228.143949 25212.933140 25198.977693 25186.751344 25175.807107 25165.435111 25154.943021 25141.836909 25131.090285 25119.903003 25107.395585 25094.752506 25080.657884 25068.345049 25059.337309 25050.922303 25042.106116 25033.263456 25024.196135 25013.675816 25005.369197 24996.503904 24985.141055 24974.503834 24962.714971 24949.719398 24940.378273 24928.011302 24915.794715 24906.999722 24899.923749 24890.773499 24884.728094 24877.207887 24870.189311 24863.138982 24855.675073 24847.100008 24841.059626 24833.920004 24826.241295 24816.755112
0.493105 0.549861 0.560939 0.607220 0.648648 0.684193 0.695304 0.706439 0.717524 0.739831 0.752782 0.798889 0.840626 0.851610 0.866360 0.897193 0.910022 0.935475 0.946478 0.959680 0.972608 0.986616 0.999165 1.046494 1.079564 1.090528 1.124002 1.134973 1.145818 1.156740 1.167598 1.189426 1.200301 1.211155 1.233034 1.243936 1.265788 1.276688 1.290804 1.331395 1.342851 1.353857 1.364747 1.376609 1.402472 1.417104 1.428538 1.439327 1.463325 1.492109 1.503328 1.516635 1.530973 1.541817 1.563451 1.626251 1.637136 1.647937 1.658682 1.669529 1.680305 1.691079 1.702179 1.725641 1.747724 1.758789 1.769843 1.780993 1.803517 1.848854 1.861992 1.874837 1.896406 1.918375 1.931145 1.942606 1.953621 1.968194 1.982582 1.995866 2.010191 2.024929 2.037970 2.053723 2.068803 2.081564 2.093527 2.136478 2.169146 2.180591 2.203139 2.245622 2.256288 2.268173 2.281238 2.310258 2.324832 2.337461 2.359223 2.370112 2.391517 2.402880 2.415376 2.426319 2.436857 2.457948 2.468442 2.478992 2.500026 2.510944 2.521721 2.532267 2.546633 2.557701 2.590947 2.603201 2.635781 2.646299 2.657082 2.678055 2.688542 2.698969 2.719790 2.740684 2.751579 2.806482 2.820389 2.834078 2.867115 2.878906 2.901625 2.912084 2.922737 2.935025 2.960476 3.009915 3.021398 3.035743 3.050131 3.060621 3.071609 3.084311 3.104981 3.128543 3.162445 3.175275 3.189456 3.202884 3.213160 3.224838 3.237743 3.249865 3.283009 3.293833 3.314323 3.324775 3.335460 3.356764 3.366964 3.377186 3.387324 3.418250 3.428363 3.438634 3.449297 3.459985 3.470374 3.480433 3.490499 3.500653 3.511019 3.521578 3.531519 3.541721 3.553495 3.563474 3.573491 3.583619 3.595375 3.608357 3.632694 3.643469 3.656917 3.671439 3.700700 3.710793 3.723330 3.736683 3.749088 3.761767 3.774574 3.797625 3.807456 3.817176 3.829479 3.868354 3.878832 3.891967 3.903431 3.914159 3.927006 3.939924 3.952956 4.010669 4.026502 4.039398 4.058689 4.068449 4.078817 4.098686 4.113242 4.127543 4.141203 4.153369 4.162887 4.172366 4.181837 4.191308 4.210096 4.219585 4.228983 4.238396 4.247824 4.257195 4.266584 4.276028 4.285413 4.295000 4.304433 4.315791 4.328238 4.341083 4.355778 4.368821 4.378294 4.387659 4.397097 4.406733 4.418037 4.427869 4.438147 4.447609 4.457152 4.466529 4.475867 4.485242 4.494577 4.504834 4.514069 4.523764 4.544253 4.554088 4.563851 4.574673 4.584869 4.594952 4.604277 4.613737 4.622948 4.632173 4.641459 4.650750 4.659963 4.669252 4.678514 4.688639 4.698614 4.709831 4.722297 4.731584 4.743257 4.756312 4.766000 4.775330 4.785198 4.794698 4.804501 4.814383 4.824083 4.833739 4.843038 4.852509 4.861854 4.871158 4.882381 4.892053 4.901882 4.911201 4.920467 4.929807 4.940354 4.949722 4.958992 4.968341 4.978221 4.987670 4.999763 5.010983 5.020248 5.029571 5.038820
Elapsed_time: 5.038820
Score: 24816.755112
301
62370.728996 59972.614615 52999.428052 52964.297167 52616.622278 52460.637680 52261.469220 51965.780237 51559.363973 51513.564445 50578.605500 50497.624590 50366.251731 50240.215201 49914.023451 49800.381633 49549.286207 49473.979211 49173.785839 48665.014513 48582.743359 48559.823587 48406.754454 48240.108563 48132.905354 48063.312228 47981.669996 47753.808921 47154.708206 46999.509618 46837.878645 46705.945405 46501.777398 46409.842996 46283.998381 46255.626676 46142.719585 46118.073674 46064.387491 45953.487132 45741.059985 45423.655504 45401.578562 45388.459054 44949.667785 44917.300319 44732.272925 44674.430981 44556.549215 44472.649883 44255.836441 44117.912749 44030.738790 43955.503978 43889.334276 43767.731319 43607.680458 43470.270233 43457.501535 43406.241563 43299.802473 43043.160091 42721.847536 42596.842379 42311.929261 42161.164482 41949.502990 41815.451474 41785.491048 41692.296996 41636.019653 41577.370618 41532.494530 41487.902493 41359.731964 41188.341644 41067.131112 40475.353426 40131.965473 40072.286318 39898.097882 39891.062299 39848.292189 39835.905267 39784.603588 39667.164911 39657.118802 39652.070051 39083.478216 38979.416431 38540.332206 38400.087881 38386.771708 38325.129891 38324.670158 38247.319817 38104.752057 37634.121555 37013.228909 36973.731883 36877.684711 36772.917743 36719.930506 36507.587924 36151.066225 36110.086755 35867.815055 35819.639039 35796.146872 35785.335820 35681.044245 35555.730618 35496.325440 35428.478765 35358.813316 35027.511740 34934.248974 34818.161255 34604.957999 34448.405071 34265.691265 33924.583630 33705.278765 33676.992170 33422.595768 33348.264476 33305.180545 33203.581379 33199.165891 33043.656142 32998.703340 32963.363644 32963.162773 32853.073146 32673.765725 32649.875793 32446.168058 32378.970160 32155.550984 32105.577734 31963.824983 31737.074493 31376.890689 31210.601364 31196.234001 31163.168930 31140.110032 31114.032931 31046.241845 30846.548297 30765.220968 30678.073041 30473.794955 30384.499651 30355.154332 30211.203068 30014.448973 29990.133219 29977.697257 29813.628826 29802.091738 29771.238007 29687.177216 29553.738389 29402.710621 29384.123966 29305.432122 29231.131925 29041.613415 28913.440799 28837.295545 28790.363211 28633.998659 28519.801171 28350.967365 28335.612717 28260.337845 28168.834415 28067.070964 27913.257565 27835.818202 27833.370126 27621.425809 27528.920776 27325.215527 27318.362122 27267.978570 27193.275972 27113.299716 27035.259784 26950.886176 26860.895349 26807.469948 26791.178751 26732.764563 26696.551398 26643.180864 26502.246824 26500.656495 26471.180009 26430.357717 26338.416001 26295.393661 26254.103481 26165.878550 26094.408492 26041.453678 26036.424954 26033.085002 26015.796421 25995.960380 25929.947991 25924.084198 25889.750688 25855.988295 25800.305689 25796.993950 25785.122947 25764.334641 25723.302468 25688.563972 25669.881454 25658.105883 25622.347007 25566.005241 25534.601189 25492.678338 25435.421702 25407.112185 25363.998347 25332.257363 25302.276962 25270.142314 25231.108306 25191.517111 25156.273128 25130.169174 25099.371882 25065.964404 25041.575147 25013.727497 24985.894709 24965.831229 24948.418528 24917.601918 24899.045176 24876.156732 24853.862168 24832.837696 24805.699994 24787.638580 24771.434967 24755.993790 24736.077517 24720.471079 24703.196378 24690.295648 24674.738309 24661.894021 24649.530267 24639.531988 24628.099124 24618.758093 24607.160523 24599.346228 24589.326902 24583.856516 24575.486153 24570.897830 24562.342535 24552.970400 24544.100412 24535.015834 24526.607373 24518.949982 24509.111907 24501.588474 24493.954283 24486.234071 24478.028374 24471.353464 24463.710279 24456.787634 24449.578557 24442.362968 24436.477326 24429.281173 24421.562334 24414.974495 24409.103149 24401.506703 24394.103809 24386.454518 24379.935118 24375.005468 24369.333069 24362.288064 24355.260136 24347.900579 24341.212107 24335.396086
0.480785 0.552564 0.563440 0.614663 0.625490 0.636304 0.647063 0.657885 0.668677 0.679490 0.711908 0.724686 0.735411 0.746803 0.759450 0.770790 0.781842 0.811161 0.822245 0.836403 0.858857 0.914208 0.924845 0.949062 0.961803 0.973003 0.988151 1.002885 1.013584 1.024177 1.034712 1.056022 1.066653 1.081772 1.128096 1.138810 1.152430 1.182170 1.209561 1.223601 1.234096 1.278965 1.289576 1.343019 1.353500 1.363912 1.374498 1.385189 1.395625 1.406141 1.416591 1.427005 1.458374 1.468829 1.479201 1.489662 1.500165 1.527189 1.576194 1.586799 1.597751 1.609301 1.620534 1.631129 1.641880 1.653025 1.664648 1.677088 1.708203 1.718667 1.774538 1.795565 1.820309 1.836051 1.847883 1.869002 1.901333 1.911809 1.922154 1.956033 1.988316 2.023004 2.033341 2.054248 2.065176 2.075558 2.085832 2.096227 2.160710 2.181677 2.192047 2.202545 2.245590 2.256248 2.277360 2.288077 2.298424 2.308851 2.319386 2.343086 2.353825 2.364741 2.376310 2.386550 2.407132 2.427531 2.437766 2.447887 2.490457 2.527157 2.538527 2.550388 2.561097 2.574767 2.585738 2.595824 2.619982 2.632465 2.646414 2.659578 2.670141 2.681246 2.691401 2.725233 2.736467 2.768175 2.778282 2.788488 2.798560 2.809637 2.833477 2.858750 2.881646 2.894597 2.904693 2.924705 2.934919 2.944966 2.956937 2.983578 2.998034 3.011486 3.023050 3.045096 3.078488 3.088543 3.098479 3.109391 3.119657 3.129579 3.149540 3.189006 3.198869 3.208779 3.228486 3.238390 3.249867 3.259613 3.288815 3.298702 3.333408 3.347382 3.360096 3.370196 3.380569 3.400338 3.410672 3.420536 3.430605 3.450171 3.469696 3.479506 3.489258 3.498989 3.508763 3.528126 3.538976 3.549115 3.559216 3.569012 3.578601 3.588173 3.597795 3.607387 3.626799 3.668448 3.678239 3.689957 3.700052 3.709773 3.719576 3.731713 3.742141 3.753430 3.764270 3.773886 3.783462 3.793066 3.821552 3.831129 3.840681 3.850226 3.871156 3.881317 3.891412 3.900880 3.911104 3.930109 3.967839 3.977274 3.986703 3.996137 4.014952 4.024536 4.033999 4.043412 4.071499 4.080896 4.090224 4.099619 4.109044 4.118421 4.127764 4.137132 4.146541 4.166635 4.177670 4.187218 4.198092 4.210515 4.220134 4.229371 4.248024 4.257491 4.266888 4.276267 4.285826 4.295278 4.306589 4.318869 4.329444 4.338887 4.349551 4.362256 4.372898 4.382488 4.395989 4.406013 4.415439 4.424856 4.434221 4.443599 4.452928 4.462369 4.471704 4.481090 4.490462 4.500092 4.509415 4.518808 4.528549 4.538572 4.548058 4.557979 4.567332 4.576681 4.586010 4.595389 4.604756 4.614325 4.623765 4.633598 4.643618 4.653007 4.662616 4.672662 4.682001 4.691392 4.700746 4.710133 4.720448 4.732860 4.742232 4.751715 4.763570 4.774901 4.787508 4.797696 4.807044 4.816382 4.825765 4.835324 4.844795 4.857353 4.869929 4.879630 4.889146 4.899169 4.911860 4.921589 4.931003
Elapsed_time: 4.931003
Score: 24335.396086
301
65829.910733 63518.424789 56235.524890 55955.484425 55649.682536 55504.769395 55353.302489 55269.439776 54886.946441 54711.767253 54695.599142 54600.357299 54505.480857 54499.525991 54426.897554 54225.278646 54034.906753 53627.438018 52995.594633 52809.724418 52658.624755 52547.162076 52332.282608 52052.419966 51491.214216 51482.365047 51442.789134 51390.392217 51345.874081 51322.365748 51188.457078 51004.082290 50895.029002 50834.185158 50774.748103 50746.248953 50619.919539 50402.755138 50155.426404 50141.439042 49888.964950 49811.901991 49720.790891 49588.916855 49584.141002 49446.664868 49332.923782 49232.710963 48865.194118 48849.090571 48687.427049 48598.369015 48535.278815 48256.502627 47937.174889 47906.927628 47567.906574 47430.895891 47340.267724 47092.438653 46458.068627 46259.751254 46092.833239 45809.431252 45772.778994 45721.048037 45637.513582 45612.765623 45593.519025 45576.329929 45537.045634 45431.652768 45375.630495 45140.990348 44708.497533 44558.719631 44545.479173 44286.982916 44194.309849 44098.994724 44001.137588 43478.314719 43026.887648 42683.519788 42304.765277 42087.247552 41719.734531 41485.058419 41166.992126 41165.124586 41033.193751 41005.114249 40860.457761 40852.157510 40565.695024 40351.152090 39973.146381 39587.523809 39308.603392 38997.813547 38981.862496 38834.098826 38812.036311 38801.340610 38738.614335 38626.795746 38616.079143 38608.704027 38505.234437 38429.533735 38287.833006 37858.022290 37844.301341 37472.891127 37368.049868 37360.811761 37331.499084 37234.746719 36976.045690 36598.884341 36265.225063 36210.590090 36010.679304 35847.177315 35479.170398 35466.247154 35451.998409 35126.005904 35074.197724 35073.350374 34968.512975 34888.223234 34786.677226 34630.932996 34225.494089 34111.372050 34035.064587 33917.207462 33755.758056 33550.498804 33154.500081 32996.525935 32996.157675 32929.708769 32893.364667 32823.376630 32658.605273 32466.762418 32342.336881 32182.420741 31956.503427 31955.021569 31909.574669 31847.228518 31816.577579 31735.615221 31639.810979 31538.015602 31434.871124 31342.178985 31187.546557 31100.756414 31088.143753 30988.426509 30908.321564 30746.092893 30691.898803 30603.201398 30513.039361 30379.841453 30279.421010 30225.011917 30217.227814 30185.397509 30135.120289 30037.495506 30034.948598 30010.264433 29900.565417 29841.819651 29767.082589 29720.101327 29636.428328 29533.760090 29459.403829 29433.697906 29409.058315 29383.040327 29271.143603 29254.293125 29208.629304 29194.487361 29155.268903 29107.465349 29080.454790 29069.829272 29056.252788 29029.254270 28984.625376 28979.570857 28967.620045 28938.222422 28850.656408 28816.478806 28750.999371 28694.926928 28628.567453 28614.294985 28586.540087 28554.128719 28469.552572 28455.013833 28437.087296 28372.861690 28295.817022 28246.583100 28238.049382 28214.211149 28156.237886 28101.636899 28038.818683 28008.862721 27957.042925 27952.145595 27942.701754 27908.330193 27851.097618 27842.379256 27827.495416 27795.306870 27731.499043 27709.345254 27678.344431 27642.304278 27571.765657 27524.400255 27481.110805 27435.705585 27394.636822 27364.794864 27341.446101 27312.140236 27280.397128 27246.320102 27207.936901 27169.317469 27139.719660 27121.164962 27094.748621 27068.771240 27037.207500 27017.802998 26990.699874 26962.504003 26933.500131 26912.023593 26889.039733 26862.685718 26836.350478 26813.121707 26785.626837 26765.802214 26744.547067 26723.525662 26702.493008 26679.979685 26657.275530 26644.194112 26629.704954 26614.764606 26594.891256 26581.735447 26569.262516 26558.879054 26548.441263 26538.041231 26528.111300 26517.015505 26507.658822 26496.097888 26486.209854 26475.187391 26465.947473 26455.422281 26445.578419 26436.593225 26427.066060 26418.459816 26411.092939 26402.495262 26393.322550 26384.287536 26375.143985 26365.529397 26359.352686 26350.309600 26340.309359 26337.926359 26336.608530 26327.415824 26319.797415
0.496285 0.553048 0.564174 0.598081 0.610864 0.626578 0.638218 0.695638 0.707345 0.732582 0.766965 0.779085 0.803821 0.830108 0.841903 0.853205 0.864533 0.875851 0.887669 0.898915 0.912297 0.924749 0.936558 0.951212 0.966093 1.028994 1.040237 1.051427 1.074965 1.097319 1.109393 1.121094 1.132676 1.156172 1.168429 1.192066 1.203156 1.214142 1.225143 1.281539 1.292725 1.303728 1.314673 1.382331 1.448407 1.462031 1.477673 1.489215 1.501099 1.516781 1.530705 1.541659 1.552572 1.563691 1.575672 1.589759 1.600724 1.612085 1.623405 1.635333 1.649518 1.675355 1.689373 1.700326 1.729167 1.740540 1.751389 1.762168 1.785409 1.809371 1.832180 1.844609 1.875459 1.889368 1.911305 1.922219 1.978487 1.989338 2.024080 2.036104 2.047167 2.058611 2.071179 2.082581 2.093828 2.105512 2.118270 2.131733 2.153350 2.174576 2.185585 2.196265 2.206837 2.217443 2.228046 2.238603 2.250639 2.265020 2.317943 2.330363 2.363621 2.375011 2.397646 2.429366 2.440194 2.450748 2.461364 2.482473 2.493129 2.515076 2.546584 2.567536 2.588361 2.598815 2.609350 2.652271 2.663241 2.673943 2.684328 2.694894 2.705876 2.726628 2.737778 2.748198 2.758612 2.813570 2.845617 2.857246 2.878101 2.898769 2.912280 2.926741 2.951265 2.961590 2.975016 2.998399 3.008816 3.019225 3.029759 3.040128 3.052312 3.073162 3.108280 3.120487 3.130623 3.161105 3.172135 3.185057 3.198519 3.208965 3.219756 3.266021 3.276783 3.287214 3.330847 3.342250 3.352287 3.362368 3.372385 3.382375 3.392550 3.402531 3.415430 3.425802 3.435782 3.445698 3.455856 3.466053 3.476545 3.486525 3.508132 3.518976 3.529269 3.539217 3.549111 3.558994 3.568990 3.580339 3.590667 3.602538 3.612302 3.634367 3.646353 3.656393 3.667880 3.677621 3.687409 3.697208 3.706936 3.726494 3.736221 3.745897 3.755628 3.765366 3.775052 3.794834 3.807181 3.820298 3.832287 3.858309 3.869141 3.880952 3.891000 3.912467 3.924268 3.934916 3.948121 3.960112 3.972810 3.982616 3.992890 4.005911 4.016195 4.025955 4.035672 4.045326 4.074242 4.084216 4.093844 4.103520 4.113183 4.122864 4.132647 4.170780 4.185193 4.194917 4.204621 4.214701 4.227102 4.236932 4.246922 4.268578 4.278160 4.287785 4.297424 4.307034 4.316621 4.326235 4.335798 4.345498 4.355144 4.364922 4.374537 4.384298 4.394339 4.403922 4.413928 4.423828 4.436120 4.449867 4.460145 4.473105 4.486311 4.496401 4.508087 4.521087 4.534771 4.545874 4.555452 4.565090 4.574708 4.585680 4.595485 4.605098 4.614701 4.624305 4.633896 4.643709 4.654940 4.665370 4.676752 4.686348 4.696104 4.705975 4.718169 4.727920 4.737622 4.748247 4.758463 4.767967 4.777597 4.787079 4.796651 4.806317 4.817540 4.827157 4.837976 4.850794 4.863461 4.876153 4.889546 4.902694 4.915553 4.925449 4.934960 4.944523 4.954093 4.963602 4.982563 4.992057 5.001550
Elapsed_time: 5.001550
Score: 26319.797415
301
60621.605418 58325.300669 50620.149688 50359.572991 50084.215246 49923.334682 49828.984095 49785.327605 49654.131706 49523.278982 49297.532272 48925.029958 48452.492253 48404.831517 48287.687179 47895.905373 47790.932710 47742.409400 47721.457002 47721.112677 47656.993385 47622.274155 47504.484124 47321.200723 47198.454764 47196.629823 47145.127367 47062.856962 47024.784090 46965.524502 46925.586158 46766.084324 46465.385642 46136.185017 46131.578015 45897.136757 45701.861721 45653.717328 45637.269105 45617.898486 45425.695494 45310.150006 45264.862690 45149.481353 45064.337552 44474.179037 44273.866952 43861.790573 43811.399086 43648.515827 43595.159614 43314.381404 43012.270819 42376.427918 42222.320006 42095.401491 41932.138194 41686.023382 41618.897295 41481.386971 41215.048278 41184.267928 41149.292185 41113.167027 41048.134343 40926.255342 40683.074815 40643.290836 40613.561537 40519.786120 40473.789866 40377.784374 40373.082390 40253.918156 39818.197913 39758.427606 39655.758013 39559.037855 39377.286441 38981.528072 38551.275073 38533.881640 38349.804191 38173.602198 38155.276032 38030.409395 37816.833207 37702.618828 37504.298003 37142.002854 36910.058347 36896.894392 36641.537679 36571.161249 36437.254462 36420.200612 36293.637586 36246.288833 36163.823729 35940.271572 35652.897368 35393.206199 35388.113684 35296.680814 35243.473382 35202.947514 35066.613842 34862.429705 34472.702621 34330.607518 34297.034993 34237.233946 34193.062559 34187.420585 34001.552743 33883.226774 33814.176903 33735.629758 33664.789230 33579.118021 33518.259644 33424.123380 33392.148271 33138.351484 32905.573097 32794.861660 32427.624224 32227.361650 32219.519302 32083.346571 31986.022276 31966.947678 31908.404483 31805.519613 31684.015055 31656.010359 31467.310700 31464.318453 31428.849200 31296.322740 31184.293801 31022.457228 30947.178145 30840.848288 30743.970252 30733.365701 30615.006232 30588.175589 30549.184910 30424.811477 30400.629494 30330.802544 30218.590739 30049.195393 29791.254327 29740.664396 29704.128311 29689.160314 29676.018686 29591.379914 29569.105767 29517.171415 29434.633610 29357.184165 29262.376380 29185.951538 29100.354250 29063.186824 29028.438629 28967.999098 28816.805493 28762.409561 28689.410256 28680.559112 28640.912866 28627.773250 28549.035066 28459.368731 28390.292472 28369.855991 28343.218114 28339.277934 28334.252994 28274.310327 28252.384370 28218.279014 28185.515575 28127.363148 28074.467465 28066.675302 28007.369147 27944.003655 27871.176924 27796.268166 27780.377493 27746.483688 27715.098609 27635.725344 27612.064398 27565.570363 27492.865528 27430.698570 27418.308302 27385.935194 27342.689912 27289.310965 27239.711317 27184.454261 27139.739387 27075.012350 26988.303275 26939.380840 26878.141954 26824.207874 26801.019895 26758.782228 26717.111520 26665.260108 26635.056962 26603.672920 26547.795436 26483.970490 26464.895718 26462.974248 26444.272107 26435.498048 26410.148417 26365.886614 26324.640130 26296.994940 26221.233043 26181.083032 26134.570371 26086.888236 26061.468402 26034.460910 26001.463941 25974.042309 25952.468592 25915.329025 25898.674990 25867.068149 25848.372028 25826.964597 25803.520733 25785.867686 25763.130399 25747.202075 25730.651366 25716.623679 25701.474072 25693.322465 25682.132923 25671.781959 25660.890210 25653.921101 25645.871482 25636.464214 25630.070354 25623.921093 25617.666379 25612.290942 25606.628531 25601.193506 25595.890152 25590.930060 25586.035581 25579.564593 25575.086633 25570.116016 25563.742515 25559.070378 25553.885755 25546.963696 25542.533451 25539.448399 25535.938377 25533.058712 25529.652394 25526.145637 25523.729522 25520.905017 25517.733601 25514.882828 25511.171285 25507.815926 25504.575856 25500.742423 25496.693573 25492.699565 25489.275184 25485.884732 25482.765627 25477.057467 25473.078672 25467.457214 25462.287034 25458.409479 25454.141111 25448.558942 25443.567096
0.510139 0.573681 0.584536 0.605932 0.638289 0.649683 0.661038 0.673830 0.688581 0.702360 0.713095 0.724205 0.735102 0.769977 0.780802 0.793419 0.804987 0.827480 0.838263 0.881335 0.892005 0.902727 0.913454 0.934974 0.957389 0.991695 1.006161 1.031022 1.045663 1.081729 1.107047 1.120809 1.131709 1.142645 1.187866 1.198571 1.209160 1.219792 1.230485 1.262249 1.294180 1.315328 1.325972 1.336586 1.347249 1.357866 1.379280 1.392003 1.416324 1.426929 1.437602 1.448136 1.458755 1.469339 1.490403 1.511510 1.522145 1.532712 1.543171 1.553675 1.564227 1.595684 1.606194 1.616697 1.637712 1.648435 1.660351 1.690057 1.705634 1.716518 1.727221 1.748434 1.770972 1.783559 1.796347 1.820666 1.832436 1.843207 1.853875 1.864587 1.875678 1.887506 1.898003 1.908503 1.919343 1.929754 1.940176 1.952853 1.965415 1.978081 2.043746 2.074929 2.085338 2.095797 2.106352 2.141540 2.155810 2.224184 2.235125 2.245511 2.255989 2.276887 2.315871 2.329718 2.343189 2.369385 2.381527 2.393640 2.404140 2.424912 2.455781 2.466210 2.477150 2.518921 2.529199 2.551882 2.562460 2.572834 2.583168 2.593678 2.604020 2.614638 2.625418 2.647326 2.657656 2.667924 2.678235 2.688538 2.720272 2.730750 2.754865 2.776434 2.786661 2.796845 2.806974 2.849339 2.900448 2.931151 2.951662 2.962203 2.973115 2.994743 3.005027 3.017178 3.029350 3.049661 3.059841 3.080019 3.090177 3.100483 3.157404 3.169126 3.179361 3.189434 3.199500 3.209610 3.240858 3.250792 3.260816 3.270821 3.290733 3.300894 3.312649 3.325453 3.347416 3.357275 3.367241 3.377188 3.387208 3.400015 3.410963 3.441068 3.452223 3.482158 3.494658 3.506470 3.516517 3.526474 3.536399 3.556911 3.566900 3.596798 3.606760 3.626731 3.636676 3.646626 3.656580 3.666723 3.687836 3.709032 3.722408 3.736343 3.749951 3.763483 3.789566 3.800960 3.814408 3.824526 3.847953 3.860283 3.870793 3.883071 3.906508 3.918987 3.928875 3.938747 3.959591 3.969244 3.978904 3.988610 3.998218 4.007867 4.017559 4.027192 4.036797 4.046352 4.056025 4.065651 4.084825 4.094366 4.104032 4.113664 4.126506 4.168016 4.177648 4.187384 4.200051 4.222636 4.233916 4.245255 4.256736 4.266310 4.277410 4.287618 4.299537 4.311395 4.320909 4.330437 4.339971 4.349682 4.394512 4.406983 4.419472 4.432497 4.445088 4.456707 4.469525 4.481517 4.491651 4.501387 4.511895 4.522332 4.532036 4.541874 4.553048 4.563021 4.573449 4.583957 4.595221 4.607941 4.619870 4.632840 4.644711 4.654682 4.664930 4.675364 4.686360 4.696235 4.705896 4.715704 4.725267 4.734746 4.744376 4.753773 4.765285 4.775556 4.785177 4.795663 4.805166 4.815247 4.829487 4.839147 4.848885 4.858457 4.868525 4.877962 4.887572 4.906980 4.916585 4.926266 4.935708 4.945167 4.954701 4.964941 4.977742 4.987150 4.996555 5.005910 5.015359 5.025702 5.035392
Elapsed_time: 5.035392
Score: 25443.567096
301
67652.914217 65103.874769 56567.015140 56562.891579 56521.782325 56491.149006 56185.847536 55961.477780 55689.788481 55563.935931 55561.160779 55497.484238 55447.918607 55352.655067 55152.030221 54597.584615 54564.236323 54490.959105 53144.636060 53037.221504 53036.381993 52871.854686 52665.754459 52312.276681 52291.825705 52198.780261 51983.616376 51933.616867 51557.471260 51327.767817 50702.688901 50510.891119 50504.213933 50488.436684 50420.374671 50307.129510 50124.592671 49690.250642 49576.211575 49563.461201 49417.699431 48948.622872 48920.865486 48713.327625 48699.037896 48536.873010 48532.143174 48441.147999 48334.636262 48170.971714 48124.433106 47927.365182 47682.679610 47385.225081 47316.155293 47308.288973 47192.647689 47089.621915 47035.573899 46802.209093 46568.916523 46546.909398 46414.327142 46397.417221 46330.169064 46316.562641 46227.483494 46181.519989 46146.655946 46131.372921 46051.254327 46023.506502 45959.556895 45743.759710 45464.981999 45342.439482 45225.434991 45047.456908 44802.422189 44476.517804 44246.822627 44135.928848 44059.332011 43890.371129 43517.116769 42797.907384 42761.059625 42662.727617 42487.337935 42297.498506 42203.154596 41842.385084 41572.652485 41400.995224 41160.324650 40583.677577 40497.597799 40393.336964 40310.358806 40250.702602 39866.081480 39756.854035 39497.103462 39241.899072 38998.878185 38321.441851 38272.006732 38159.431903 37788.272959 37764.872296 37682.586964 37609.187463 37448.920529 37194.178321 37008.789972 36616.103310 36287.826290 35823.019885 35477.529969 35368.098679 35048.537415 34870.733908 34695.255604 34384.850502 34036.522829 33974.774589 33967.917606 33821.224279 33780.159100 33775.926007 33745.091361 33720.901432 33675.884662 33615.795238 33610.158878 33561.547649 33369.443525 33263.956889 33175.128756 32912.373530 32901.476537 32888.067698 32821.318024 32793.170134 32732.386380 32496.692217 32247.251509 32183.039328 31929.761507 31667.456557 31403.244789 31352.654712 31242.651472 31144.312580 31060.688736 30972.577429 30718.925380 30688.238262 30681.398787 30647.362835 30617.132347 30609.834806 30595.128001 30553.856707 30518.208709 30454.436166 30445.408978 30342.145495 30317.863625 30308.726239 30244.923582 30223.712026 30067.375219 30025.607646 30024.722267 29934.240794 29827.589682 29685.765201 29651.675657 29650.425349 29600.892743 29566.465452 29515.974226 29447.797673 29339.260532 29336.549398 29311.483008 29285.387713 29267.775286 29226.800271 29200.645150 29197.970427 29178.969725 29126.100534 29068.734144 29052.182793 28926.209931 28829.449274 28717.182048 28706.773297 28676.027193 28656.327233 28577.130043 28469.090178 28466.826375 28463.309951 28428.624499 28410.494732 28374.068593 28322.106113 28271.864516 28179.587997 28135.078376 28077.945601 28013.680531 27955.403499 27899.335882 27851.801242 27835.013647 27810.772976 27757.690906 27678.445319 27672.795352 27637.178765 27603.705066 27508.560670 27476.340641 27426.203796 27384.265067 27336.818736 27297.222316 27250.520524 27210.087645 27161.893191 27152.539520 27100.995684 27058.449018 27022.050214 26993.806283 26958.150361 26927.833461 26915.680825 26886.279713 26848.777881 26819.457359 26805.809527 26778.706304 26761.806387 26726.958747 26701.542411 26695.686274 26652.626483 26619.925204 26591.471028 26567.476283 26545.911095 26520.183558 26500.409669 26478.245821 26455.295061 26450.461693 26441.856602 26429.823344 26410.635302 26402.037780 26392.359128 26373.950765 26346.918280 26341.256324 26306.338094 26288.598902 26270.236641 26251.602228 26232.758610 26215.631276 26203.783898 26191.195303 26188.495194 26175.274274 26163.710148 26156.015974 26140.675337 26125.531789 26116.335088 26107.307187 26098.504840 26088.952532 26080.720427 26071.433254 26060.640097 26050.605186 26042.530525 26033.686028 26025.649873 26018.126275 26010.377437 26002.780255 25995.213515 25988.088523 25979.516309 25972.679616
0.488495 0.546782 0.557817 0.590823 0.601897 0.646155 0.657349 0.669571 0.680732 0.691930 0.715874 0.729450 0.740554 0.751959 0.786786 0.815608 0.826635 0.837775 0.861873 0.873086 0.910805 0.921807 0.932788 0.943766 0.990607 1.001899 1.016130 1.031001 1.045876 1.058924 1.094808 1.116705 1.161998 1.194685 1.205644 1.216597 1.227571 1.238492 1.249505 1.316049 1.353433 1.375510 1.398246 1.441922 1.463649 1.474497 1.496283 1.507141 1.517960 1.554377 1.565841 1.577192 1.588241 1.599154 1.665140 1.700986 1.711951 1.724115 1.735142 1.746042 1.757028 1.770984 1.783806 1.828159 1.839436 1.850310 1.861321 1.872752 1.896548 1.929185 1.940029 1.961655 1.972524 1.983317 2.004917 2.015893 2.026761 2.041341 2.055934 2.066819 2.077545 2.099476 2.116214 2.127832 2.139051 2.150162 2.193550 2.206176 2.217041 2.227907 2.242130 2.256431 2.271642 2.285200 2.300046 2.314454 2.342928 2.357371 2.371756 2.385742 2.396617 2.419757 2.430408 2.441190 2.452072 2.473803 2.494764 2.521526 2.535700 2.586773 2.598957 2.613340 2.626809 2.649130 2.659662 2.670152 2.680609 2.691161 2.702505 2.712846 2.724313 2.735799 2.746554 2.757871 2.778407 2.788706 2.829755 2.842231 2.862805 2.884974 2.895316 2.926158 2.936507 2.948717 2.982228 2.992618 3.003637 3.013851 3.025045 3.036056 3.082094 3.105716 3.116308 3.161149 3.171802 3.181953 3.192070 3.202183 3.212319 3.222423 3.232512 3.242450 3.252487 3.262688 3.272684 3.282699 3.293957 3.305669 3.352490 3.365232 3.387726 3.420410 3.430670 3.451624 3.461588 3.471548 3.501225 3.511109 3.541494 3.551920 3.562045 3.582022 3.591958 3.601875 3.612169 3.622118 3.634850 3.644973 3.654970 3.698249 3.708125 3.718137 3.728104 3.748554 3.768551 3.799028 3.810129 3.820523 3.840286 3.850844 3.860900 3.890029 3.899788 3.909544 3.919364 3.929197 3.940596 3.950665 3.960977 3.980449 3.990232 4.009724 4.019519 4.029264 4.050187 4.060141 4.070528 4.080361 4.090445 4.109731 4.119418 4.129035 4.138792 4.167699 4.177503 4.187219 4.196935 4.206537 4.216130 4.225804 4.235419 4.273757 4.293739 4.307238 4.319884 4.329544 4.339140 4.348885 4.358485 4.370502 4.382105 4.396944 4.407655 4.417394 4.427087 4.436849 4.446634 4.456282 4.469718 4.483818 4.495940 4.506179 4.515834 4.525502 4.535142 4.546285 4.559658 4.569210 4.578694 4.588282 4.597821 4.607329 4.616884 4.626420 4.635941 4.645642 4.655235 4.665418 4.675015 4.687500 4.719488 4.730509 4.740108 4.749611 4.759128 4.768718 4.778261 4.788460 4.798983 4.810166 4.821472 4.830963 4.842347 4.852089 4.863315 4.874523 4.884017 4.893448 4.902901 4.912356 4.921793 4.931285 4.940717 4.950240 4.959747 4.969393 4.979570 4.989300 5.001311 5.010919 5.020312 5.029773 5.039295 5.048747 5.058397 5.067933 5.080870 5.093808 5.106492 5.116192 5.125646
Elapsed_time: 5.125646
Score: 25972.679616
