5
301
1920688.642882 1853993.857094 1808065.914316 1765220.486131 1703571.936596 1545446.432698 1163075.875432 802390.733899 595255.821095 461450.565715 370352.418645 298929.487445 233521.808486 203797.760380 201378.298719 200740.029885 200573.997122 199800.798059 197857.050954 192851.575636 180332.824921 165688.101780 163325.526265 162198.713249 158746.604271 157930.552982 157667.449660 157377.227588 157358.578912 157260.979821 156898.574418 156642.514485 156361.148647 156249.628089 156161.868072 155486.865595 155448.394897 154908.356601 153942.105658 153404.836941 153295.973815 152992.533977 151456.713960 150824.169505 150798.963200 150325.075167 149075.366675 148025.824828 147218.925502 145056.251214 144789.829331 144755.996131 144680.234961 144237.911459 144172.592256 143477.600974 143350.688359 142722.179720 142398.970639 142167.467956 141843.760853 141839.275248 141553.393218 141212.534640 141165.057850 141149.115378 141136.028291 140758.299560 139009.948994 138506.275989 138472.322079 137295.199717 137232.569544 137214.708065 137128.449911 136946.618671 136799.105803 136764.151893 136692.597087 136629.390015 136597.474694 136585.542753 136448.074270 136276.815289 136002.365568 135513.264062 135024.308355 134687.456963 134515.031630 134066.614048 133662.328508 133551.557748 133545.686028 133439.464223 133154.151148 132853.484884 132489.655183 132269.498223 131595.536141 131510.132301 130546.246259 130538.519622 130410.078899 130206.467377 129913.231963 129622.556339 129214.343555 128861.891201 128438.929861 128310.070347 128268.262257 128066.979616 127882.280284 127753.730355 127448.232647 126849.820258 126735.785199 125395.805882 125314.646569 125116.205887 125052.417232 124991.622844 124927.822220 124832.073302 124802.325941 124574.976735 124472.690302 124342.471942 123870.731337 123728.481747 123366.222679 123230.996486 122474.915058 122278.998642 122211.191193 122188.837088 121972.221840 121969.920864 121825.056616 121696.248263 121517.518688 121454.116270 121029.224973 120639.415425 120362.369876 120291.091776 119396.392696 118945.954436 118888.422510 118805.920218 118637.835657 118627.029316 118437.862908 118435.257226 118340.085264 117999.724274 117965.630111 117920.698866 117744.482879 117683.751898 117620.375146 117614.923146 117534.062295 117474.346434 117168.728981 117055.114814 116501.765518 116153.475173 115826.169190 115729.435919 115586.107553 115562.161222 115558.133734 115507.576485 115375.514284 115212.946351 115010.951416 114944.335912 114900.023766 114836.993066 114798.681953 114714.591742 114568.494625 114308.539119 114109.409403 113497.372437 113024.621869 112729.027922 112425.734320 112355.013871 112326.555027 112009.765360 111686.109100 111445.292395 110817.073419 109354.659457 109339.043499 109108.092597 109005.816690 108799.485632 108593.730339 108571.495036 108378.027253 107907.947344 107366.043480 105884.864527 105865.698700 105491.119179 105003.666353 104879.253306 104872.183792 104764.595210 104632.020957 104541.518510 104447.562310 104367.638846 104355.707124 104269.553979 104095.966878 103808.936846 103539.659448 103159.795736 102642.103366 102324.499442 102298.110410 102137.831983 102075.797781 102047.336116 102034.890920 101924.192860 101844.317232 101659.920681 101526.615999 101291.254082 100967.573632 100901.009823 100788.607321 100597.766770 100399.283211 100175.201053 99941.499717 99881.422927 99865.992468 99828.152559 99820.048989 99788.635907 99722.954723 99647.378132 99477.767354 99286.363764 99019.080614 98849.428303 98721.058084 98543.802951 98422.635223 98339.932419 98000.245040 97589.020325 97473.303490 97438.614706 97326.705729 97276.595894 97193.883717 97076.584056 96872.602394 96856.023896 96744.578163 96727.597642 96720.587996 96672.289207 96596.447548 96488.972339 96250.972651 95939.402905 95661.022930 95402.011300 95160.851479 95133.853526 95101.712769 95064.188695 95020.656010 94905.328136 94866.357554 94846.210543 94730.375591 94609.550113 94410.169948 94329.634738 94320.746975 94202.154755 94177.064646 94102.445769 93982.782788 93905.090014 93395.660954 93076.610225 92859.944165 92744.024406 92565.063854 92354.698848 91907.356166
0.000089 0.033118 0.046377 0.059671 0.072935 0.086080 0.099194 0.112067 0.125443 0.138164 0.150889 0.163557 0.176209 0.188799 0.201349 0.213935 0.227004 0.239754 0.252377 0.264986 0.308648 0.325933 0.354820 0.371053 0.385407 0.398438 0.424386 0.437326 0.463258 0.476211 0.489215 0.502333 0.515509 0.564104 0.578360 0.622969 0.665297 0.680186 0.694784 0.709201 0.765121 0.778255 0.792196 0.832034 0.871137 0.885756 0.902635 0.916413 0.929911 0.943355 0.956727 1.014956 1.033488 1.046886 1.064244 1.081473 1.110228 1.124089 1.138597 1.152962 1.180340 1.221908 1.236158 1.250191 1.263496 1.333782 1.360091 1.387333 1.405059 1.446325 1.459299 1.485977 1.529607 1.600990 1.654941 1.694247 1.708533 1.777892 1.790845 1.829824 1.857037 1.896041 1.909099 1.922154 1.935626 1.950777 1.963967 1.980348 1.993634 2.022810 2.076767 2.089691 2.168077 2.194323 2.209111 2.223008 2.237072 2.250181 2.263365 2.276458 2.302543 2.384554 2.399681 2.416865 2.432932 2.445893 2.458850 2.471832 2.484864 2.498118 2.543786 2.557567 2.570486 2.583678 2.600735 2.616947 2.632138 2.646233 2.660651 2.717980 2.731076 2.798906 2.811990 2.826198 2.840288 2.853221 2.866161 2.879040 2.891988 2.904930 2.917952 2.933827 2.964228 2.977270 3.019745 3.050150 3.066028 3.095243 3.110243 3.123879 3.141003 3.154162 3.182547 3.209051 3.269570 3.282703 3.351760 3.364867 3.436281 3.450570 3.464698 3.478150 3.492522 3.505727 3.558215 3.571207 3.584088 3.596955 3.609980 3.636241 3.675493 3.701384 3.714318 3.727283 3.740389 3.753816 3.766759 3.780604 3.798006 3.812900 3.825847 3.864585 3.916797 3.929783 3.942650 3.955543 3.968443 4.007770 4.054199 4.080064 4.105765 4.118765 4.134725 4.148286 4.174024 4.220308 4.237361 4.251342 4.267241 4.280081 4.293050 4.307895 4.323240 4.338062 4.352156 4.433609 4.475852 4.488768 4.514586 4.527770 4.554423 4.594322 4.607450 4.621043 4.633910 4.646757 4.747690 4.760463 4.773299 4.799004 4.812138 4.864032 4.877620 4.890516 4.903307 4.959747 5.004722 5.017628 5.030589 5.043667 5.056526 5.069383 5.082287 5.110602 5.161758 5.174527 5.187424 5.200569 5.242595 5.258293 5.275290 5.288384 5.303226 5.346969 5.363676 5.378758 5.391521 5.404535 5.421726 5.435289 5.461916 5.488055 5.501068 5.514617 5.581618 5.607228 5.620223 5.634260 5.649033 5.666289 5.680470 5.695069 5.709952 5.723581 5.738575 5.766644 5.781228 5.794348 5.822809 5.851259 5.864157 5.891882 5.904720 5.919504 5.946266 6.025009 6.037789 6.076818 6.142493 6.155540 6.168411 6.181290 6.194146 6.206997 6.220324 6.271513 6.284292 6.360913 6.386604 6.438098 6.450889 6.463655 6.527428 6.565878 6.578703 6.591473 6.604327 6.668118 6.758836 6.772851 6.798407 6.811190 6.823947 6.837126 6.853136 6.870495 6.885633 6.902391 6.916918 6.935272 6.948360
Elapsed_time: 6.948360
Score: 91907.356166
301
1940418.519115 1873353.212368 1827777.035485 1773600.062189 1676273.703938 1364047.005005 835143.110747 622560.206785 516546.485330 393136.500968 326847.325436 285808.454362 232578.320478 199186.383543 194973.591060 193548.743862 192760.820212 191155.112682 187183.012505 180468.654145 159656.481249 156217.852211 153079.400261 152264.697161 152256.974566 152096.691905 151940.875841 151687.551498 151341.450142 150730.339180 150157.427009 150152.784149 150030.824878 149799.543577 149777.388737 149222.104524 149006.607557 148683.207515 148576.870360 148328.062588 148197.361040 148035.528476 147801.511797 146573.721112 146568.244468 144673.896209 142141.860525 141984.757630 141588.049072 140718.715700 140536.847055 140449.906472 140321.248135 140312.241929 140129.277290 139953.112898 139795.119869 139678.901657 139531.931647 139278.029382 138955.827713 138604.847528 138586.624272 138274.904965 138090.163963 137875.059712 137523.184184 137077.054069 136904.557328 136645.479767 136153.304914 136139.973790 136019.120929 135992.979135 135668.658084 135265.865052 135205.698748 135141.288588 134946.239479 134764.819964 134645.235577 134479.122537 134287.363438 134037.043978 133143.114407 131639.798381 131567.313088 131561.583930 131516.405431 131375.790157 131331.834109 131210.623811 131194.839351 131095.074325 130939.657043 130718.193141 130548.943851 129658.713194 129438.031006 129271.208839 128719.674173 128682.723545 128473.151441 128330.648075 128034.647635 127809.336664 127461.688644 127398.889723 127183.785939 126926.931131 126809.073777 126625.143598 126263.898579 124748.984068 124465.822596 124424.179062 123171.101955 122600.059079 122509.712322 122452.052942 122397.521129 122337.287402 122093.875149 121975.525605 121822.865717 121454.325865 121168.099080 120079.457965 119074.957663 118440.110733 118396.325621 118394.092206 117653.009311 116197.138803 116168.192119 116123.611363 116114.640371 115934.609186 115804.751018 115687.080684 115633.753165 115480.610145 114715.269656 113547.535705 111241.864163 110233.089449 110186.222360 109666.167755 109275.648653 109254.383399 109221.227652 109187.347453 108924.440201 108755.296794 108320.530695 108171.269230 107813.589140 106662.022361 106159.094025 106152.305202 104667.065624 104361.612563 104312.556692 104091.755055 103851.539156 103828.404675 103718.510188 103588.850728 103528.571436 103285.979682 103159.433290 102683.550575 102129.286316 102081.160985 101987.671658 101976.218465 101900.280062 101780.597990 101395.286895 101277.092650 101149.485383 101041.178060 100873.295857 100642.501495 100428.395203 100250.181696 100230.207509 99950.892454 99710.641955 99680.157255 99539.517132 99429.800396 99253.086237 98942.981527 97966.012564 97813.911333 97651.046820 97634.908505 97492.198163 97317.114576 97147.372081 96612.319812 96310.487455 96249.687836 96011.550676 95759.476039 95554.154996 95481.763172 95236.742816 94973.870670 94713.383275 94416.944926 93985.438583 93917.432761 93876.968128 93843.539390 93719.515721 93567.544345 93496.917099 93431.809027 93147.092561 92803.139858 92226.388077 92118.621009 91866.867402 91006.668648 90997.539025 90872.657384 90633.691662 90465.686847 89948.085531 89765.705060 89755.226426 89741.503661 89084.659468 88944.190030 88897.308923 88889.185288 88886.077070 88860.719833 88848.887338 88728.379215 88619.301347 88568.598679 88341.372243 88183.530361 88014.889265 87911.599031 87782.510016 87487.515370 87093.680877 86669.595268 86539.623339 86443.167492 86336.715781 86201.815433 85979.129397 85593.265514 85348.415166 85171.552256 85158.476412 85079.366594 85027.270373 85013.717922 84692.881435 84587.956925 84458.233164 84289.592375 84158.997381 84084.686125 83963.002643 83805.570689 83588.624023 83517.422690 83099.512210 82795.311099 82689.930611 82593.551404 82590.398231 82482.161493 82300.143790 82235.690508 82152.406560 81666.343199 81507.848406 81096.181943 80871.311859 80784.752613 80748.727647 80700.295064 80561.104841 80531.409422 80486.296241 80407.827536 80306.930067 80013.143294 79839.997799 79663.820712 79658.894526 79318.525322 79126.333846
0.000042 0.027006 0.040259 0.053455 0.066687 0.079910 0.092976 0.106250 0.119069 0.131850 0.144614 0.157305 0.169945 0.182662 0.195315 0.208033 0.220873 0.233530 0.246371 0.311255 0.324799 0.340537 0.358175 0.404258 0.443634 0.456763 0.469934 0.484610 0.497639 0.510639 0.523633 0.588569 0.603207 0.616613 0.630187 0.643529 0.657013 0.670196 0.683444 0.696689 0.709769 0.722843 0.735960 0.751178 0.797448 0.859573 0.872875 0.886980 0.900051 0.914072 0.960952 1.007887 1.073747 1.129648 1.142759 1.155779 1.168867 1.181931 1.195040 1.221023 1.234114 1.247269 1.321608 1.338509 1.364793 1.377767 1.390750 1.403815 1.472730 1.487213 1.501082 1.578915 1.591961 1.605082 1.618345 1.631722 1.648548 1.682140 1.695518 1.709242 1.722300 1.735691 1.748756 1.761800 1.788599 1.802006 1.830815 1.857169 1.931017 1.957589 1.971154 2.025020 2.038707 2.051730 2.064697 2.078329 2.091623 2.104569 2.117521 2.150324 2.196861 2.274114 2.287100 2.300073 2.313137 2.326339 2.339348 2.379964 2.392963 2.406020 2.432386 2.445329 2.509872 2.523271 2.576523 2.589476 2.602300 2.615243 2.680038 2.729234 2.747541 2.778094 2.795333 2.844175 2.871596 2.885818 2.900607 2.913867 2.927009 2.953907 2.998201 3.062768 3.075718 3.101564 3.114497 3.127496 3.183082 3.221925 3.234937 3.263761 3.277475 3.304075 3.317025 3.330238 3.358377 3.371366 3.446146 3.489583 3.560280 3.605358 3.634289 3.647090 3.660029 3.672940 3.686489 3.735475 3.748386 3.761255 3.774135 3.838662 3.851662 3.880363 3.921597 3.934766 3.961350 4.002681 4.015750 4.028716 4.089270 4.105148 4.121847 4.134760 4.148425 4.178657 4.191577 4.217374 4.247333 4.260626 4.273588 4.286461 4.299369 4.312343 4.327002 4.339905 4.365882 4.405959 4.418843 4.431655 4.446313 4.459138 4.472086 4.485036 4.499190 4.517055 4.545195 4.570832 4.660760 4.738175 4.764687 4.777576 4.791242 4.804117 4.817683 4.870199 4.902479 4.915351 4.930176 4.965221 4.983933 4.997015 5.009972 5.022836 5.035785 5.074365 5.087356 5.100395 5.113290 5.126449 5.140263 5.168220 5.182531 5.196761 5.209952 5.223310 5.249246 5.262263 5.303148 5.316014 5.329449 5.343693 5.356508 5.369380 5.427010 5.445709 5.459084 5.474420 5.500230 5.552512 5.599498 5.640794 5.653604 5.666456 5.679334 5.692258 5.705263 5.732277 5.746612 5.760512 5.773560 5.787813 5.801745 5.816064 5.829467 5.842734 5.855646 5.870095 5.883927 5.896932 5.909906 5.935690 6.012576 6.038211 6.051028 6.063791 6.089496 6.103157 6.118694 6.137168 6.150491 6.163125 6.175928 6.188654 6.201809 6.258261 6.310829 6.328003 6.379196 6.392499 6.425623 6.441299 6.454151 6.479820 6.492650 6.505699 6.531541 6.545345 6.559633 6.575020 6.634664 6.651597 6.704846 6.745102 6.757871 6.770488 6.783325 6.796088 6.812018 6.899860 6.934459 6.951638 7.010533
Elapsed_time: 7.010533
Score: 79126.333846
301
1894338.967778 1829761.225294 1787921.147946 1743024.441663 1670665.559451 1567742.305907 1207520.789217 776672.997674 623333.446958 466160.251263 351505.590896 308398.681754 256022.131635 224559.975901 208425.619647 208323.546112 207915.397966 207138.609730 206162.813719 204624.806379 199940.957730 193707.460333 165859.389452 165610.581521 165402.859936 157218.353353 157040.277273 156702.435126 156490.159617 156468.746922 156316.964489 155668.030418 154474.011473 153761.892153 152916.931719 152314.411220 151835.452764 151820.636465 151267.925379 150679.065483 150155.991708 149851.269396 148652.583951 148235.813798 147986.989333 147648.510064 147371.306456 145433.491236 145277.663875 144963.890586 144871.968962 144666.461542 144616.847531 144489.883365 144483.298616 144403.530464 144100.719321 143753.425056 143568.085036 143152.790674 142834.942115 142098.100980 141660.262658 141492.503296 141371.563792 141207.133747 141094.553269 140994.165467 140814.806969 140763.597423 140550.985868 140122.131333 139790.051107 139572.393219 139499.811358 139140.565677 137178.417471 136307.684540 136197.260928 136057.872942 135970.875870 135830.819761 135751.184907 135696.716854 135607.634427 135410.767509 135137.120336 134917.464297 134332.731824 133808.573757 133016.671349 133015.844372 132148.915338 131896.117359 131778.925878 131614.699778 131554.491970 131543.732328 131417.197060 131363.846088 130539.436335 130415.654032 130413.872940 130345.276625 130131.822897 129978.617139 129552.021260 129297.685483 128971.723483 128888.073745 128225.163001 127952.150814 127462.285992 127152.708600 126943.999089 126667.897940 126610.613811 126397.632780 126169.902539 125923.740780 125731.090260 125624.720753 125506.485748 125236.011345 125125.853929 124428.334199 124249.222830 124191.127781 123504.348554 123387.972463 123269.291465 123164.565880 122998.371357 122960.066762 122936.408597 122875.390164 122656.126787 122455.183319 122253.782528 122121.831729 121907.496741 121790.387635 121533.131609 121295.731051 120974.950238 120727.806170 120304.475076 120247.086988 119850.984508 119770.582617 119605.542979 118392.818871 117896.226680 117840.125841 117406.656729 117386.541569 117229.974737 116970.406466 116935.242788 116896.264126 116777.869878 116264.924643 116217.048940 115802.486493 115621.920171 115606.055038 115550.371656 115508.185946 115381.321050 115259.920803 115109.253066 114947.170336 114939.875135 114836.239618 114576.707683 114492.647501 114428.284068 114163.501599 113998.203563 113789.880027 113687.208477 113360.533147 113155.345987 113002.124588 112876.853533 112697.430053 112621.148508 112430.345557 112428.305406 112362.756787 112302.484510 112287.212948 112254.029432 112081.591516 112031.495767 111773.078672 111515.355649 111434.755556 111426.114762 111285.701111 111071.271432 110828.961011 110673.663632 110372.728093 110315.481875 110270.907612 110235.832848 110206.081917 110143.036415 109999.281103 109783.670190 109507.211139 109296.056517 109097.722247 109029.268421 108653.565657 108611.925924 108588.763306 108560.473992 108379.602095 108378.987866 108346.641439 108298.405406 108162.414507 108054.933470 107730.381610 107591.999162 107499.899073 106728.028252 106635.776817 106433.150586 106209.410025 106152.484397 106124.255810 105861.004184 105677.219790 105376.588318 104917.176821 104858.630317 104491.503721 104334.624175 104001.631709 103947.159629 103942.651281 103727.683908 103694.500030 103581.560779 103525.675552 103348.224480 102996.602884 102867.620668 102852.343615 102826.379079 102708.257943 102699.995734 102693.056836 102684.165242 102675.068169 102622.454016 102584.165018 102506.162344 102316.934256 102091.913127 101513.790007 100955.461374 100611.172017 100438.221825 100253.446723 99957.920758 99696.319414 99659.283050 99645.556864 99580.564753 99372.257336 99179.601829 98789.709273 98069.592554 97711.629489 96723.711885 96583.935720 96492.704183 96418.919158 96229.724716 96011.895480 95941.264265 95899.218462 95691.034509 95660.781633 95599.177609 95487.507690 95191.571522 94932.894887 94603.348821 94597.956559 94589.154445 94419.526569 93894.082673 93809.010311 93807.679412 93667.652595 93586.287718
0.000042 0.028167 0.042056 0.055376 0.070184 0.084850 0.098149 0.112667 0.127207 0.139990 0.152798 0.165618 0.178299 0.190914 0.203598 0.255302 0.267983 0.280680 0.294058 0.307395 0.321904 0.335103 0.348176 0.361228 0.400189 0.414639 0.457289 0.485218 0.511490 0.537593 0.550827 0.564020 0.578590 0.597914 0.610884 0.623896 0.649782 0.703531 0.717718 0.745782 0.771949 0.785026 0.797953 0.811031 0.825936 0.839415 0.852648 0.894693 0.921703 1.003163 1.016224 1.042328 1.069013 1.095032 1.151975 1.164957 1.178016 1.193192 1.210819 1.241586 1.283296 1.296455 1.309523 1.324029 1.416236 1.429342 1.459731 1.478461 1.491884 1.534263 1.547707 1.561937 1.590829 1.618570 1.635214 1.652220 1.698128 1.742100 1.782564 1.810186 1.855839 1.870511 1.886331 1.902202 1.915371 1.931440 1.946565 1.959886 1.986091 1.999157 2.051284 2.117965 2.145757 2.171751 2.210689 2.263007 2.280797 2.315750 2.373583 2.387442 2.430317 2.527925 2.581702 2.594842 2.612044 2.626209 2.639818 2.668606 2.694632 2.707549 2.720491 2.751294 2.765655 2.845449 2.860326 2.906370 2.995348 3.009254 3.036121 3.082719 3.095848 3.110310 3.136786 3.149990 3.179237 3.206847 3.246125 3.259146 3.272481 3.326628 3.354855 3.369268 3.385842 3.411973 3.442860 3.459428 3.474911 3.505691 3.520959 3.549052 3.563279 3.576746 3.589675 3.615594 3.628531 3.641464 3.741504 3.795331 3.822508 3.835854 3.849106 3.876266 3.954157 4.022787 4.035759 4.061624 4.074771 4.087713 4.153381 4.170015 4.187292 4.202881 4.229078 4.243664 4.256683 4.327554 4.343778 4.358835 4.397359 4.410267 4.423197 4.437206 4.480328 4.493460 4.508350 4.523225 4.536391 4.550861 4.566955 4.579990 4.594185 4.609115 4.622965 4.636061 4.650919 4.663865 4.703423 4.758156 4.798409 4.811726 4.840785 4.855725 4.868597 4.881494 4.895506 4.932506 4.945562 4.971362 5.026016 5.039924 5.066227 5.079508 5.092912 5.105978 5.159165 5.172031 5.198036 5.265330 5.278316 5.291498 5.307352 5.341579 5.355722 5.372141 5.385909 5.430067 5.443465 5.485526 5.513039 5.541493 5.569234 5.614078 5.627373 5.641197 5.654350 5.667523 5.680904 5.695262 5.708624 5.748618 5.774599 5.787515 5.813197 5.826048 5.839158 5.852197 5.865085 5.878059 5.891154 5.930852 5.961364 5.993563 6.008784 6.026235 6.044576 6.061773 6.095318 6.109278 6.125881 6.138726 6.151690 6.193398 6.227053 6.253166 6.295951 6.334809 6.360673 6.439454 6.453401 6.466360 6.479352 6.492302 6.505333 6.533769 6.562614 6.577066 6.591527 6.606143 6.663276 6.727677 6.743248 6.812047 6.824901 6.837783 6.850602 6.863814 6.877454 6.894776 6.921214 6.966216 6.992441 7.058856 7.072124 7.085785 7.138185 7.152478 7.168620 7.223724 7.239802 7.255050 7.268006 7.281208 7.308961 7.349785 7.420425 7.435123 7.448978 7.491882 7.531914 7.545396 7.558245
Elapsed_time: 7.558245
Score: 93586.287718
301
1883942.423338 1820474.440128 1778731.675664 1740281.948259 1660460.323505 1479597.392883 930042.774752 720510.193455 507789.495258 376783.179163 315925.525806 268021.565892 225071.285456 196157.637952 194871.500053 193865.552199 192593.268409 191514.474258 187973.626795 184805.461030 182312.763393 175843.909833 156458.322819 151680.998218 151572.673480 151107.085442 151026.873915 151009.793758 150915.669813 150877.566901 150727.703283 150317.077005 149373.618063 149238.194936 149011.322454 148655.698206 147347.363347 147182.617187 145768.398185 145471.669524 144717.939906 144617.932208 144302.017437 143944.866885 142533.319313 142493.785125 142205.653880 142142.681047 141994.941763 141925.557241 141609.835126 141379.005129 141160.619965 140655.532488 138891.932874 138428.257132 137524.737304 137446.286088 137290.514434 137009.329126 136662.763367 136579.382923 136522.062900 135940.224737 135298.710349 134736.011033 134410.764546 134212.209363 133700.372470 132870.880696 132095.791257 131266.322340 129161.758821 129112.956740 128938.675893 128748.856406 128262.570639 128086.981891 128074.822288 127738.117333 127431.397873 127007.920454 126721.977539 126676.904851 126439.552530 126283.585917 125951.074010 125132.664901 124939.756372 124883.741437 124809.164488 124726.233161 124660.737665 124441.317033 124117.091140 123549.090356 122936.308555 122220.678071 122130.833732 121722.242775 121520.635459 121152.540883 121123.792089 120958.756881 120907.874537 120701.033824 120568.220885 119806.611702 119538.650032 119439.941810 119400.845856 119143.414816 118994.537374 118903.095699 118661.953630 118345.938141 117806.276116 117747.385118 117730.232199 117335.833014 117034.384321 116991.282732 116809.887684 116693.408216 116590.558680 116338.606833 116233.524312 115570.830640 115302.634554 115184.557184 115166.944305 115164.288294 115062.126413 114992.744353 114927.207584 114712.933884 114635.447274 114515.078270 114300.069561 113940.282671 113331.888360 112989.740850 112889.735920 112848.114585 112751.207086 112614.415213 112479.332815 112148.585390 111859.007361 110678.702478 110561.708128 110153.272322 110110.187554 110069.647136 110062.620121 109933.163679 109836.324517 109788.913114 109630.754557 109318.794188 108653.855949 108328.358878 108287.290735 107714.123501 106706.154868 105075.591912 105042.183155 105039.865499 104951.045027 104819.192346 104576.937576 104540.808294 104527.045137 104358.771723 104234.275255 103862.776084 103530.828174 102619.456771 101927.563902 101331.256635 100888.075104 100886.614783 100746.772109 100678.494190 100674.913230 100666.944904 100497.085220 100370.128553 99954.699553 99682.867771 99533.340188 99155.781391 99001.285485 98706.073416 98381.720524 98233.867478 98150.654213 98047.821380 98013.483842 97933.836092 97900.681309 97759.970165 97738.085379 97692.874760 97580.829802 97436.866652 97403.419773 97300.056783 97064.769529 96815.857837 96779.017580 96642.824126 96497.125291 96477.243064 96466.773584 96264.691260 96227.452898 96086.801535 95964.914138 95776.899846 95618.768763 95512.569429 95190.822449 95181.892901 95057.917467 94914.186204 94651.763439 94622.136104 94550.438979 94486.004703 94400.106105 94320.888874 94148.366681 93984.899369 93620.259167 93390.053412 92648.004223 92261.470441 92237.434621 91626.840432 91462.471134 91356.744837 91176.615694 90917.538768 90910.358869 90890.888205 90835.731930 90823.294276 90736.965296 90653.498448 90574.641300 90513.853031 90238.817292 90108.609634 89970.432521 89847.973385 89775.466615 89771.231177 89747.259695 89503.566776 89449.613005 89292.193222 89183.010054 89046.000862 88837.376511 88536.874395 88490.736650 88390.615105 88375.561458 88340.459402 88275.797683 88228.144350 87992.753229 87753.355324 87743.095764 87675.222134 87654.772563 87376.479453 87303.378968 87158.659347 87017.204860 86823.408696 86190.269810 86190.038363 86094.380232 86074.465734 85745.040032 85681.392201 85496.190913 85454.031246 85429.664033 85388.758799 85191.713252 85102.262348 85071.027344 84993.364461 84990.847589 84978.765733 84970.439905 84841.181808 84780.430219
0.000041 0.035295 0.053521 0.067559 0.083892 0.097793 0.111719 0.128531 0.141456 0.154202 0.167131 0.179948 0.193835 0.206867 0.220738 0.234748 0.248098 0.262168 0.276572 0.292045 0.321931 0.335017 0.348202 0.361291 0.387830 0.401959 0.459941 0.475352 0.488616 0.529312 0.543372 0.572506 0.586003 0.601141 0.615700 0.628868 0.642730 0.700715 0.713966 0.756202 0.769292 0.782386 0.795446 0.808507 0.888373 0.915331 0.928483 0.970319 0.984406 1.012994 1.040076 1.054362 1.068982 1.082277 1.135898 1.177911 1.192762 1.239327 1.253469 1.266906 1.280260 1.328943 1.342143 1.372679 1.386098 1.428839 1.441837 1.454877 1.467877 1.480985 1.498243 1.557360 1.637238 1.705861 1.734157 1.747168 1.760528 1.786958 1.838693 1.851727 1.864660 1.877717 1.904708 1.917885 1.931086 1.944172 1.957273 1.970947 1.999060 2.014621 2.060966 2.087794 2.101196 2.115360 2.128868 2.142106 2.155199 2.210205 2.223191 2.236244 2.249976 2.276844 2.290393 2.330135 2.356004 2.368921 2.381874 2.394787 2.407695 2.476938 2.494943 2.522748 2.540542 2.557285 2.573530 2.587035 2.599962 2.690661 2.801376 2.817415 2.830440 2.844927 2.858082 2.872253 2.885830 2.911980 2.927095 2.940105 3.038032 3.051193 3.090192 3.170143 3.183691 3.199071 3.214227 3.229412 3.242382 3.268272 3.281146 3.294128 3.307083 3.320393 3.333943 3.346912 3.359811 3.372727 3.385716 3.398657 3.411639 3.424567 3.450381 3.463197 3.531341 3.557289 3.570312 3.583885 3.596915 3.626205 3.643109 3.660278 3.676960 3.704363 3.757051 3.770160 3.821904 3.836250 3.900510 3.952475 3.967731 3.980784 4.006581 4.034695 4.089171 4.102215 4.116500 4.129583 4.160136 4.175833 4.221997 4.235735 4.312114 4.393185 4.406122 4.470251 4.536036 4.549420 4.562604 4.576150 4.602073 4.628094 4.641672 4.654747 4.668343 4.683493 4.696875 4.709711 4.722504 4.735341 4.761076 4.773852 4.805103 4.818251 4.862117 4.875000 4.887867 4.900671 4.913602 4.926464 4.939644 4.952983 5.046611 5.059534 5.086744 5.099705 5.125762 5.138548 5.164181 5.177013 5.190053 5.202880 5.219120 5.250713 5.263467 5.276295 5.289157 5.302187 5.318479 5.389645 5.402709 5.441096 5.453987 5.467327 5.481002 5.494003 5.507142 5.520069 5.533168 5.560876 5.646009 5.660770 5.673592 5.702387 5.715650 5.760865 5.848779 5.862742 5.902670 5.940980 5.953747 5.966572 5.979323 6.008096 6.039961 6.052708 6.065400 6.078165 6.091047 6.133519 6.160762 6.173988 6.187539 6.215106 6.227959 6.240692 6.253477 6.266256 6.310502 6.324166 6.355763 6.405138 6.417853 6.443346 6.456097 6.481693 6.544252 6.578648 6.611607 6.638449 6.652055 6.665257 6.678200 6.691148 6.704212 6.717380 6.759308 6.798823 6.832781 6.848748 6.891391 6.932556 6.945426 6.971164 6.983950 7.024384 7.051554 7.065105 7.079572 7.094854 7.126431 7.139126 7.152643
Elapsed_time: 7.152643
Score: 84780.430219
301
1883933.357594 1820186.667460 1777732.085310 1736732.429258 1694344.873220 1410244.547923 920040.739647 656544.795372 496845.524273 432962.713304 361236.068686 306843.792247 220309.517730 199557.073656 198473.681906 197610.641663 197076.254343 196349.048492 195110.507732 193871.797905 191620.400608 181936.897672 180511.208205 174128.807473 172153.782977 172039.670540 171967.280085 171882.879310 171640.097592 171292.570779 170854.734153 170466.745659 169775.507393 169379.198682 169150.840570 166862.961112 166356.855733 165536.316718 163985.092678 163810.362369 162236.635875 157145.636035 149148.491593 148838.838676 147069.296187 147057.052911 146708.206895 146570.054697 146430.439963 146027.496679 145890.409698 145271.198072 145158.829486 144743.722855 144078.609991 142354.970529 142136.044568 142128.814800 141582.066933 141522.506335 139881.616537 139445.954821 138030.034799 136340.870519 136091.547788 135932.215751 135586.076069 135484.204778 135450.190234 135356.643036 135107.807055 135035.314695 135011.597436 134830.907512 134813.310343 134737.809948 134688.474501 134333.665422 134216.597645 133989.213869 133714.119258 133277.864287 132711.485695 132026.581466 131599.701181 131571.219906 131465.372308 131212.240428 130800.283179 130352.761249 130039.631706 129980.399708 129793.493249 129786.117073 129566.817420 129389.835988 129302.851343 128958.596690 128662.843856 128228.820726 128011.553794 127328.732281 126699.066279 126452.831948 126205.815994 126150.962075 125560.080636 125403.623908 125266.514651 125258.245617 125113.301635 125102.212467 124714.186487 124533.851096 124326.567205 124124.778648 122937.787457 122381.566858 121320.106981 120588.445030 120535.369533 120530.353263 120319.839002 119836.233094 119359.501805 119195.834013 118197.313330 118119.374829 118075.543265 118033.883535 118014.465866 117974.682584 117789.166074 117733.852791 117442.431757 117403.852801 117326.345985 117098.384516 116878.043125 115903.101273 115567.947443 115433.792860 115398.352026 115344.965691 115148.629402 114951.484820 114819.795878 114762.643226 114417.203834 114394.412688 114230.729179 114007.541711 113541.280742 112821.766900 111986.367812 111153.873742 110778.180989 110512.928146 110417.070810 109937.033920 109871.287610 109752.085127 109557.793610 109525.503515 109306.570283 109262.031753 109244.702417 109204.534481 109113.577177 108838.675532 108602.929305 108182.918564 108075.557725 107876.154683 107541.923493 107164.639253 106512.516753 106439.896533 106333.478513 106322.573419 106125.885578 105950.262755 105646.733792 105226.539677 105200.020035 105150.594772 105137.255192 105134.234945 105029.244256 104919.605138 104734.623027 104503.046134 104471.212195 104198.798666 104027.669370 103736.181369 103383.025507 102850.136373 102613.702937 102436.838930 101839.255079 101728.150601 101541.316920 101407.060531 101363.800933 101230.263134 101102.500637 101045.723799 100905.311604 100789.082389 100629.826783 100407.930920 100230.998364 99918.369735 99746.305840 99298.233253 98934.435978 98905.183520 98866.596126 98847.322700 98722.336355 98641.055973 98520.659573 98409.730791 98074.389854 98052.295775 97815.195814 97699.716769 97511.916408 97202.723137 96899.671199 96831.302029 96430.538412 96404.145522 96083.064808 95961.477934 95862.900620 95668.691685 95604.963317 95525.369945 95420.399782 95260.104003 94942.280921 94428.650105 93834.548262 93586.536484 93448.291472 93247.026878 93211.246498 93187.653396 93115.107788 92934.374348 92925.216048 92867.437427 92754.461897 92705.438080 92437.240711 92000.142431 91327.755669 91140.696134 90938.989124 90855.557287 90443.733811 90209.705445 90130.549560 90077.167596 89958.805768 89856.836750 89605.781766 89389.904815 88850.917122 88493.531715 88425.211002 88378.985581 88227.977708 88081.673395 87878.691023 87701.136814 87230.884061 87077.507642 86690.876463 86643.882435 86562.903121 86540.759559 86317.716175 86199.123477 86140.219639 86087.970178 85921.972150 85855.952179 85778.800165 85598.709433 85416.175303 85296.330553 84879.964588 84865.619501 84760.920017 84670.221412 84594.329454 84474.783309 84203.372815
0.000062 0.033783 0.052031 0.065426 0.078766 0.091951 0.105001 0.118028 0.130988 0.143977 0.156801 0.170709 0.183629 0.197757 0.211850 0.226971 0.242930 0.258539 0.271940 0.285568 0.298640 0.313336 0.341213 0.354463 0.383530 0.397025 0.410150 0.436195 0.462206 0.475183 0.488158 0.501190 0.527105 0.566012 0.578973 0.592274 0.608945 0.624259 0.679408 0.693246 0.706413 0.719880 0.799795 0.862981 0.889188 0.928207 0.941157 0.954466 1.005405 1.019369 1.032576 1.046194 1.072579 1.085740 1.098831 1.125987 1.139214 1.208787 1.222022 1.235291 1.248389 1.261512 1.274854 1.288596 1.315473 1.355602 1.387495 1.417769 1.431132 1.458577 1.486837 1.515781 1.558606 1.571769 1.614163 1.629017 1.642924 1.657288 1.672199 1.687191 1.701006 1.715066 1.730056 1.812309 1.838469 1.916722 1.932142 1.945282 1.986291 1.999620 2.013482 2.040468 2.054085 2.067419 2.080639 2.096693 2.123319 2.136276 2.152597 2.170335 2.203881 2.220255 2.235677 2.248937 2.262493 2.303892 2.317530 2.359654 2.373409 2.401101 2.415802 2.428934 2.441940 2.455001 2.468152 2.482283 2.497314 2.510588 2.617456 2.630554 2.656876 2.670158 2.684514 2.699210 2.713523 2.729160 2.758033 2.799764 2.852089 2.899721 2.983907 2.999654 3.016483 3.069976 3.083122 3.122056 3.135129 3.148230 3.162403 3.175417 3.188303 3.201526 3.227709 3.332532 3.345797 3.358842 3.398003 3.411091 3.437160 3.476264 3.490214 3.504358 3.517507 3.532883 3.547864 3.563824 3.579826 3.595856 3.623583 3.681763 3.738277 3.752199 3.765443 3.791606 3.856800 3.883598 3.945933 3.958957 3.972216 3.985347 4.011486 4.024832 4.064068 4.077215 4.090694 4.104129 4.121588 4.168954 4.196465 4.222423 4.237268 4.250202 4.263203 4.276118 4.314873 4.368544 4.411587 4.437599 4.450600 4.463631 4.476637 4.489679 4.515724 4.528756 4.541718 4.557244 4.570730 4.585415 4.598327 4.611294 4.624236 4.637226 4.651860 4.667289 4.707857 4.725349 4.773161 4.803236 4.833142 4.859298 4.874532 4.889895 4.903125 4.916222 4.929191 4.942238 4.981965 5.020324 5.033570 5.065948 5.080952 5.097520 5.146252 5.159313 5.187419 5.254912 5.267934 5.280828 5.293686 5.307068 5.320387 5.346017 5.372025 5.385358 5.400554 5.414273 5.443563 5.459319 5.504832 5.539379 5.555785 5.573230 5.588374 5.603436 5.616272 5.644247 5.659189 5.714779 5.741991 5.755066 5.797302 5.813814 5.841926 5.871381 5.886972 5.903370 5.916579 5.929444 5.942136 5.954876 5.980496 5.993338 6.022377 6.067168 6.079935 6.118067 6.130734 6.143533 6.156245 6.169169 6.182577 6.196157 6.254187 6.270683 6.288797 6.306753 6.324061 6.337689 6.352342 6.378520 6.417611 6.452951 6.491478 6.535473 6.560873 6.573563 6.586279 6.624543 6.637347 6.690922 6.703772 6.717537 6.730371 6.743241 6.756034 6.796452 6.811247 6.823902 6.836670 6.849395 6.862053
Elapsed_time: 6.862053
Score: 84203.372815
