5
301
32607711.945912 31863007.800132 31170777.187292 29983739.242890 26358622.573748 16711731.185064 11745794.876616 8402802.232481 6589780.049380 5253942.888067 4171681.329949 3609746.337678 2989544.470089 2613310.560352 2557363.864269 2546727.809866 2543588.228452 2538244.526295 2529801.818509 2520020.533215 2515893.687256 2507124.855227 2428379.939388 2423798.288913 2403941.462525 2362520.421771 2360876.526631 2360835.843657 2358363.808155 2358177.589587 2357326.526006 2356471.323078 2353424.744433 2352967.445577 2352962.227550 2350834.832672 2347742.124027 2343944.937344 2340602.662089 2339675.050664 2337525.432871 2337288.254381 2337035.893161 2335653.230936 2334550.835520 2332224.602008 2328006.654460 2322423.546753 2299990.647204 2299807.437913 2298313.270723 2298099.955292 2298097.577371 2297636.187930 2297267.671434 2296377.744876 2295807.173946 2294822.975928 2293562.917709 2293516.092310 2292931.527575 2291496.194734 2289783.280634 2288589.681466 2286572.639183 2282914.194555 2282528.033059 2270273.911101 2267471.049122 2267413.493925 2266898.546686 2260968.856840 2259442.210095 2249476.503594 2245997.680209 2244613.026111 2244565.706280 2237691.851008 2237333.610998 2237158.773826 2236926.685721 2236415.629608 2235792.140223 2235365.497695 2234979.502288 2234329.454281 2234187.972709 2233795.224831 2232092.315604 2230232.679000 2229201.972051 2228891.998373 2228720.615224 2228102.965940 2227826.960856 2226482.601154 2225843.550812 2224305.028444 2222783.697278 2220326.785704 2216779.816828 2214864.740968 2214619.174656 2214301.021883 2213272.332558 2212308.446607 2212210.878062 2211967.848903 2211746.168726 2210907.722326 2210447.433548 2209463.172083 2208789.569553 2207995.299008 2206234.640400 2205346.353860 2204218.026287 2203771.208419 2203088.657877 2200540.505771 2165296.553059 2163679.895007 2161632.359711 2154902.821848 2143157.921579 2142845.884561 2142831.816340 2142816.896626 2142736.155310 2141997.986505 2141898.851556 2141308.425965 2140879.375527 2140350.383984 2140276.096386 2139672.567729 2138266.144070 2136451.672582 2135720.319561 2135393.689084 2134146.197515 2132638.961982 2132460.652112 2131344.976968 2130332.575564 2129968.241144 2128660.945270 2127827.046949 2115125.034209 2105982.161022 2105051.002558 2104206.430325 2104170.183837 2103666.623753 2103385.589401 2102148.952647 2101324.800478 2100820.088165 2098714.689273 2097186.083437 2095936.693283 2090101.647131 2087761.319244 2087321.978321 2086200.619256 2085322.874373 2085156.790185 2084459.930013 2083274.840053 2081340.111243 2080699.580807 2080618.027293 2077047.388558 2076716.470112 2075301.380770 2073969.250637 2072027.914740 2071097.057425 2064028.680659 2063338.127234 2063096.914583 2062415.604300 2055401.586337 2044182.262709 2041850.309262 2040978.217693 2040573.262798 2040407.318802 2036178.481375 2034362.261650 2033723.303131 2033416.989249 2032991.230046 2032970.810276 2032642.388664 2031753.241879 2030620.256547 2030185.302281 2028004.507486 2026174.326360 2023208.230402 2022877.653251 2022709.202151 2022516.077735 2018846.442812 2018520.857405 2018338.124999 2018286.996533 2017783.469477 2017000.403721 2016099.761218 2015506.632359 2014973.161566 2013326.727947 2012505.037946 2009585.567626 2004993.757506 1997403.275319 1993999.323657 1992636.298693 1988106.713782 1987088.471384 1983009.103475 1980563.220516 1977776.522067 1976881.826043 1976402.656647 1976378.936058 1976282.917943 1976161.378620 1974979.684134 1974345.053525 1974301.584424 1974250.648887 1970883.209908 1969649.607207 1968497.711868 1964969.921992 1961804.744976 1960639.285018 1955327.815413 1943961.193292 1942003.391626 1941618.546599 1941547.803196 1941090.041007 1940124.533679 1940101.573940 1940000.074984 1939156.186220 1938678.324366 1938238.082369 1937730.405993 1936888.314598 1936859.321351 1936165.742236 1935449.714823 1934130.099838 1932974.967059 1932490.579792 1931567.692237 1930804.900692 1930779.922023 1930758.231060 1930580.252384 1929486.664183 1928829.400618 1928613.870371 1928450.995380 1927908.095007 1927631.143120 1927301.727202 1924986.766495 1924346.872387 1923505.440261 1919956.604038 1914545.972674 1902516.631225 1902507.495971 1902426.415316 1901478.566848 1901020.671144 1899127.024453 1897498.449283 1896744.001274 1896652.588211 1895402.720760 1892651.789777 1892020.981767 1891660.337431 1889886.561179 1889607.372928 1889598.470744 1889124.314132 1889122.538416 1888965.563110 1888599.104483 1888281.228557 1887861.516522 1887705.925205 1887473.370466
0.000305 0.495394 0.731874 0.986148 1.220345 1.463078 1.693782 1.935003 2.171978 2.420563 2.649145 2.890108 3.129518 3.365143 3.585935 3.815044 4.063022 4.282891 4.503061 4.731315 4.964207 5.207255 6.154230 6.398111 6.636207 9.301613 9.805934 11.941622 12.182369 12.416306 12.659548 12.890945 13.142219 13.861605 14.849386 15.086524 15.327601 15.560071 16.044029 16.294143 16.532474 16.767803 17.266598 17.510981 17.757506 18.010608 18.268513 18.521624 20.199132 20.940830 21.895227 23.319969 24.527146 24.765784 25.017947 25.266543 25.500185 25.724409 25.964657 26.678171 26.933471 27.175939 27.419974 27.903266 28.161409 29.121448 29.363405 29.597033 29.821893 31.266100 31.516846 31.974455 32.486123 32.728408 32.978011 33.444119 35.383070 35.622106 36.114547 37.305355 37.543164 37.790956 38.036804 38.513602 39.002954 39.247222 39.956405 40.185467 40.423279 40.654325 40.883551 41.123659 42.073123 42.313336 42.544748 43.034846 43.279312 43.517150 43.759134 44.006414 44.244247 44.487005 44.728405 44.957241 45.197151 45.457678 45.952851 46.439090 46.913725 47.141937 47.402362 47.644067 47.873987 48.112397 48.347281 48.587529 48.841323 49.578279 50.309770 51.282413 52.244585 52.967416 53.224557 53.456670 53.919634 55.128466 55.843448 56.845549 57.078714 57.317363 57.556075 57.803096 58.035873 58.274066 58.974265 59.221341 59.455817 60.178432 60.411123 61.113645 61.848309 62.102897 62.335449 62.576284 62.822501 63.057480 63.293461 63.527787 63.772886 66.187247 66.677368 67.886837 68.609545 68.853263 69.102864 69.334424 69.572695 69.825275 70.075160 70.317113 70.793396 71.019341 71.256160 71.489057 71.729204 71.970259 72.452482 72.708483 72.945050 73.170998 73.424152 74.158064 74.650928 75.122211 75.359578 75.591924 75.830112 76.076440 76.579789 76.824413 77.538506 77.790166 78.028541 78.525620 79.249194 79.489173 80.691599 81.402306 81.892660 82.145055 82.630759 82.874930 83.349429 84.069214 84.313756 84.545724 84.783991 85.024788 85.276511 85.505045 85.762449 87.210368 87.698921 87.932648 88.161460 89.113782 89.579215 89.824389 90.082437 90.325234 90.585385 90.816698 91.059139 91.311118 91.550118 91.797156 93.228277 93.465098 94.167937 94.887168 95.364879 95.606354 95.862238 96.101865 96.336304 97.260467 98.229253 98.713206 99.180539 99.654613 99.898139 100.136479 100.879787 101.588065 101.830129 102.078061 102.821979 103.062667 103.304863 103.542720 103.797235 104.051826 104.294157 104.789216 106.453707 106.697787 107.164013 107.409752 107.644281 107.871391 108.114014 108.346664 108.598402 108.852629 109.823538 110.064396 110.304985 110.791157 111.025039 111.261875 111.503288 111.736559 112.208121 113.401902 113.632774 114.353010 114.601160 115.087472 115.319955 115.553744 115.826997 116.083837 116.311810 116.549050 116.810010 117.968279 118.210561 120.376259 122.010298 122.522208 122.755120 122.990449 123.228763 123.472002 123.705163 124.416165 124.662660 124.889788 125.134608 125.380651 125.614174 125.852352 126.085701 126.329943 126.583279 126.808250 127.282566 127.524756 127.767963 128.014363 128.252789
Elapsed_time: 128.252789
Score: 1887473.370466
301
32888839.058026 32132230.182719 31417638.144509 30102272.363179 26208189.448472 16985121.357781 11653416.359893 8738953.627676 6616807.579929 5020127.445385 4247759.829195 3440945.147297 3035893.842977 2647857.753387 2570739.728558 2570511.752528 2565800.306360 2560026.655012 2553508.534820 2548519.375841 2543589.645931 2537137.397150 2535301.497818 2519762.424507 2471235.089004 2439790.672480 2439537.056901 2435030.896216 2431723.536949 2429210.347043 2410775.479228 2409742.386559 2409628.220858 2407677.041934 2407517.363163 2407037.891428 2405744.642618 2404345.557072 2402645.010452 2400389.051885 2396021.211030 2395250.951826 2387589.314190 2383332.310117 2381544.734295 2380196.364806 2377777.086759 2375107.363951 2373745.382279 2316725.222673 2297252.909791 2296788.545456 2293912.069407 2292807.195042 2291338.509568 2287404.808361 2286610.780261 2285186.912147 2285105.885938 2283827.451433 2283668.869328 2282739.778583 2280169.228917 2275800.074085 2274736.110999 2273829.802077 2272243.969831 2271421.997454 2271107.743559 2269420.900530 2267436.054073 2266189.338695 2263577.840029 2254874.402013 2245781.309951 2245600.427207 2245431.814302 2244584.757986 2243911.781605 2242491.425243 2241726.384279 2236261.861715 2233892.605730 2232556.806055 2232380.905192 2232327.114391 2229527.512851 2229312.900813 2229202.330416 2228662.818115 2228316.515708 2228135.973407 2227805.270192 2227287.005056 2226776.337772 2226531.278722 2225641.242912 2224736.649594 2221445.486094 2218473.357307 2216774.109808 2215884.604592 2214857.802304 2214468.428965 2214443.340862 2212242.156180 2209989.243795 2191085.659374 2191067.978264 2178597.131606 2171483.651915 2165927.770265 2162773.261435 2160600.053120 2157222.709217 2157063.024950 2156816.961453 2156799.762239 2156154.734509 2155521.929018 2153192.701478 2153120.144423 2152996.950968 2151944.412967 2151664.905192 2151068.584310 2150490.767348 2149664.992281 2149069.098387 2146616.220154 2145115.370401 2142849.411635 2141414.226329 2140391.705153 2139444.746917 2135945.794463 2132473.601256 2127969.086972 2125076.642260 2116699.539181 2115668.699446 2102977.810254 2100612.317513 2100448.138913 2098545.253453 2094628.537890 2089780.710311 2083905.899714 2083854.091365 2083744.354129 2083271.145230 2082717.900641 2082128.137265 2081865.245411 2080930.098313 2080469.043746 2080218.603577 2078145.826770 2076943.178120 2076060.803764 2073930.456391 2070050.966676 2069028.949197 2068905.719608 2067906.323487 2067340.252853 2066623.951732 2066084.525643 2065792.533684 2065504.472584 2065054.387383 2064541.165963 2064461.554790 2064177.552604 2063658.369701 2063125.552582 2062697.506519 2060675.829863 2059217.418696 2054728.573949 2054492.563721 2053845.030656 2045189.002931 2044858.584325 2043492.948644 2041789.448898 2039068.757175 2037655.626698 2037543.308454 2037137.908636 2036803.366595 2036285.586428 2036090.225329 2035662.000077 2035155.214265 2034177.001133 2033172.603451 2030801.616836 2030255.568339 2026925.184908 2022468.674006 2020503.396749 2017482.233382 2015502.304545 2014670.940828 2013054.305627 2012148.979852 2011068.759720 2009729.038940 2008197.692513 2006765.135633 2006236.457212 2006118.997673 2006051.950697 2005822.909003 2005383.793108 2004995.379843 2004902.139290 2004760.838664 2004416.782955 2004001.302588 1981824.310429 1981251.510166 1981177.401806 1968454.297352 1966163.828461 1966076.907144 1956536.842813 1956514.256381 1956227.044716 1955093.154232 1954542.366063 1954421.892188 1953934.657606 1952989.086065 1952539.377010 1950684.725905 1949786.386004 1949306.504989 1946524.414426 1945832.861366 1944914.364876 1941692.972387 1940149.405304 1939964.314966 1938102.829007 1937341.289168 1936774.628544 1936024.683613 1935302.602304 1932457.375291 1930819.077219 1927882.379326 1925602.351096 1923522.399135 1916877.198864 1916760.858657 1914866.395997 1908541.010727 1905844.974602 1905822.962099 1905153.686521 1904890.785198 1904691.266869 1904306.746181 1903400.709636 1901349.811195 1899378.566552 1897091.319751 1894886.271836 1893231.455188 1893199.472979 1889914.350641 1887703.524402 1882554.633086 1877562.198846 1859676.058175 1859122.365496 1857753.721389 1857742.528396 1857602.701063 1857376.078017 1857152.961827 1857056.181967 1856703.968932 1855981.719408 1855594.006835 1855143.067984 1853648.102024 1851796.052083 1851693.071622 1850207.300286 1849571.540382 1846861.506712 1844465.986474 1843081.765470 1842753.501605 1841730.718159 1839901.564594 1839075.085102 1831556.100967
0.000195 0.465770 0.699786 0.943597 1.202718 1.446784 1.676371 1.904850 2.137953 2.368997 2.598370 2.852301 3.086166 3.323311 3.561232 4.493837 4.729984 4.961989 5.192556 5.436083 5.677419 5.918804 6.402941 6.631751 6.859480 7.115557 8.318935 8.571670 9.058907 9.772085 10.747044 11.448977 13.160902 13.392895 13.862824 14.336170 14.576833 14.805619 15.285573 15.529332 15.765616 16.227733 16.460631 16.685793 16.935914 17.182554 17.432444 17.674542 17.921194 18.634738 20.058639 21.022437 22.929908 23.159036 23.391098 23.621668 24.093351 24.331670 24.794262 25.022754 25.964449 26.195362 26.441430 26.678290 27.147307 27.389051 27.625147 27.858861 28.315846 28.548622 28.789831 29.265833 29.494178 29.728398 29.958047 30.667790 31.132830 31.374834 31.604871 31.861608 32.340362 32.578933 32.826823 33.289958 33.759158 34.718315 34.946302 35.435234 36.140660 36.371014 36.600238 37.064392 37.303561 37.541672 37.788202 38.026573 38.261764 38.492253 38.730514 38.961987 39.433134 39.672535 39.910108 40.144228 40.848037 41.081709 41.321714 41.552855 42.498884 42.735050 42.968716 43.200319 43.901874 44.132120 46.006535 46.951117 47.192856 48.377046 48.611094 48.844648 50.030205 50.498123 50.731512 50.977995 51.457122 51.690502 51.928607 52.162866 52.645693 52.878230 53.110637 53.349620 53.589749 53.831280 54.064790 54.305759 54.537905 54.782947 55.022537 55.263457 55.499715 55.739978 55.971556 57.162724 57.399344 57.626845 57.859150 58.320551 59.731819 60.211260 60.452323 60.937068 61.174020 61.408602 61.646795 62.121529 62.352691 62.584603 62.815709 63.050822 63.286528 63.521388 63.758646 64.000881 64.246102 64.487965 64.720578 64.952725 65.188917 65.425840 65.659188 65.899240 66.621196 67.093074 67.555051 67.789686 68.503257 68.968119 69.198289 69.678729 70.606584 71.786634 72.029640 72.502235 73.204159 73.438512 75.099602 76.527001 77.708673 77.954700 78.683410 78.927652 79.625385 79.859229 80.094911 80.330567 80.562702 80.799831 81.529366 81.762111 82.001427 82.238990 82.476727 82.704032 82.948313 83.185200 83.423284 83.653818 83.881124 84.112620 84.343669 84.583296 85.282356 85.514416 85.749354 85.982485 86.446568 87.153309 87.388974 87.621696 87.852329 88.317609 90.206970 91.648233 92.116511 92.359028 92.591243 93.771309 95.418571 95.651271 95.892912 96.388036 97.099411 97.335314 97.569413 97.801867 98.039091 98.509893 98.742553 98.975237 99.209528 99.440977 99.674426 99.909057 101.089760 101.328626 101.788211 102.046496 102.284395 102.527706 102.764274 102.995863 103.235060 103.471371 104.179411 105.144991 105.610894 105.845741 106.078986 107.946049 108.649209 109.121324 109.839782 110.073384 110.315321 110.548577 110.790753 111.022227 111.256737 111.488527 111.968609 112.202596 112.435904 112.673611 112.905040 113.369312 113.600367 115.026959 115.265418 116.449750 116.913774 117.617641 118.329694 118.567195 118.813415 119.053222 119.277260 119.748885 119.981828 120.217126 121.159258 121.392892 121.622809 122.091151 122.328772 122.561174 123.031281 123.267218 123.727504 123.965350 124.444686
Elapsed_time: 124.444686
Score: 1831556.100967
301
32735851.577648 31997764.403679 31273436.311516 30165116.491790 26372178.267260 16781416.683393 11671126.952671 8707944.462518 6756484.718313 5394560.663529 4289116.872692 3450301.319926 2987971.897681 2787045.188453 2596275.114902 2565765.994426 2565406.771411 2562638.252438 2559700.761731 2551311.660974 2548751.178784 2542855.928504 2533505.045198 2530134.881578 2521859.376329 2487412.096663 2439862.939594 2370134.651141 2370097.388103 2367480.616856 2366712.275613 2365978.093499 2365238.809565 2360440.938018 2354738.894184 2353445.012481 2350631.136769 2347056.455162 2344775.428892 2342462.783213 2340891.348379 2339003.294289 2336197.684616 2332673.535721 2329289.098186 2322607.998445 2303066.780688 2298332.088707 2298238.040740 2296423.752075 2294174.441372 2293865.364063 2291761.618630 2291602.264410 2291023.329183 2289564.772593 2287310.240088 2284516.157375 2282214.882240 2280118.237871 2279475.654087 2279302.704346 2278407.450214 2278062.292469 2277450.076020 2275735.780919 2274986.285052 2274212.324522 2274049.658681 2273921.975755 2273134.341715 2272655.439165 2271731.131888 2270819.958351 2269774.469323 2266324.149252 2265141.686005 2253469.952463 2250262.246203 2250065.124826 2247923.202356 2245028.405262 2243648.035914 2240416.332323 2240302.583820 2239647.959266 2239386.863705 2237485.927119 2236464.376942 2234347.332637 2232963.859694 2230985.090587 2228232.428028 2225813.291371 2223927.692714 2222871.088645 2221514.555110 2221349.912849 2219068.915314 2199557.674226 2198312.265871 2196213.210638 2195897.231681 2195823.263562 2195323.348660 2193324.126790 2193031.249754 2192491.331277 2192464.860819 2188918.462307 2187136.017973 2187022.172660 2186080.406760 2185682.351772 2185301.988600 2184586.188733 2183275.380693 2182399.614009 2180670.875712 2179373.325887 2177298.312203 2176005.435389 2174394.533290 2163358.291011 2163219.813275 2163022.449140 2162630.352029 2162202.865373 2161544.695644 2161026.298457 2159088.162799 2158220.065689 2154915.665756 2151539.741351 2147710.967306 2145735.358072 2144465.426454 2144248.270005 2143267.722185 2142769.618714 2142484.941375 2142052.879698 2141605.106331 2141250.220944 2140813.027435 2140628.343912 2140509.024279 2124799.823363 2120667.290499 2120503.705793 2103438.404539 2101827.337150 2101789.855280 2100822.372244 2100641.970766 2100432.395182 2100201.288966 2098179.649701 2098148.829770 2097873.432408 2097830.368321 2097583.645869 2097083.481898 2096036.140894 2094398.031852 2093442.371901 2093387.955228 2092682.722288 2089291.568854 2088027.405967 2085788.556560 2083858.353411 2082819.736852 2073964.335103 2072222.047869 2066252.669234 2066059.917630 2065796.658918 2065212.784743 2064443.474924 2062395.390514 2061405.755089 2060632.177895 2059858.924157 2056745.014494 2056194.664287 2055520.565599 2055048.087410 2054505.773572 2053871.899436 2053668.463798 2053633.301562 2053400.112876 2052704.420942 2052501.655381 2051880.771990 2049113.829114 2048535.866294 2045187.316602 2044186.043251 2042815.729466 2042532.284258 2042197.603301 2041806.694848 2041615.613958 2040818.362799 2040317.815531 2034452.835077 2023281.315578 2022068.966271 2020947.650025 2020173.636038 2020035.410133 2018412.673673 2014062.189960 2010458.282711 2002162.765045 1999438.591312 1993076.533167 1969099.524590 1951024.623948 1948423.280028 1946996.301523 1946969.012844 1946342.833867 1946071.877566 1945848.991855 1945582.522732 1944465.152964 1943628.910673 1943192.382648 1940598.754580 1937189.723338 1935257.736356 1931696.487652 1928461.790008 1897917.368973 1894658.694249 1893731.317948 1893383.334124 1893361.706442 1893043.905955 1892872.134831 1887469.757600 1887325.920478 1887018.678516 1886850.830253 1885603.894847 1885519.233757 1884209.772076 1883880.715358 1883685.916371 1880901.039533 1879458.989820 1878170.648887 1875376.993097 1874375.069564 1873501.873678 1873182.117145 1872423.943387 1871479.009592 1869115.016277 1868000.929311 1867436.124271 1867189.930517 1866661.693275 1865868.669823 1865376.794425 1863967.168035 1860559.363601 1857125.153761 1836153.796343 1835949.446845 1835935.076270 1835184.285795 1834836.422487 1834384.973958 1833615.706786 1832351.826391 1832250.223584 1831204.661143 1830759.528569 1830632.628117 1823684.180883 1820213.634849 1808000.205279 1807975.238823 1807273.584397 1806492.797118 1806188.678407 1806081.550417 1804005.895570 1802866.468788 1801757.267194 1799953.379202 1798288.643394 1796683.582673 1796657.223965 1789255.849309 1789246.243075 1788447.837683
0.000169 0.500573 0.737025 0.972802 1.227175 1.466519 1.695811 1.930491 2.162112 2.417545 2.651399 2.885459 3.122454 3.351266 3.579659 4.044217 4.522657 4.757083 5.018211 5.249971 5.476551 5.712027 5.949762 6.177761 6.413418 6.671942 6.915047 7.400377 9.031134 9.283000 9.527232 9.766013 10.002605 10.238958 10.481442 11.194007 11.444926 11.911836 12.153443 12.394207 12.638804 12.877142 13.116162 13.356880 13.596117 13.839603 14.769062 15.010824 15.722392 15.961962 16.688916 16.950341 17.432620 18.152147 18.382825 18.615290 18.846355 19.101003 19.340336 19.573231 19.822828 20.281495 20.512455 20.747269 20.992327 21.236023 21.483406 21.732456 21.972798 22.212337 22.459264 22.700440 22.931702 23.165225 23.403814 23.881901 24.140514 24.879127 25.107841 25.828398 26.075867 26.559967 26.802637 27.037606 28.005958 28.246851 28.747985 28.984536 29.452925 29.687404 29.926398 30.184495 30.426332 30.674195 30.914653 31.152292 31.385663 31.633506 32.108386 34.022693 34.751932 36.242058 36.720840 37.446024 37.708847 38.195857 38.445416 38.693508 38.946193 39.186855 40.658036 40.901425 41.135501 42.336388 42.587206 42.832596 43.077863 43.322897 43.559346 43.807444 44.068769 44.313327 44.544340 45.028690 46.473800 47.447882 47.687591 48.172927 48.412035 48.676073 48.902533 49.145475 49.395416 49.643069 49.900446 50.157652 50.396424 50.874816 51.114256 51.360052 51.607354 51.849916 52.095157 52.334741 52.585725 52.821411 53.048325 53.292276 53.536228 53.771066 54.266393 55.224582 56.172630 56.411603 56.654117 56.896840 57.134573 57.361406 58.069708 58.537357 59.738739 59.984985 60.228416 60.474784 60.703646 61.203686 62.662724 62.908685 63.139172 63.377755 63.621680 63.859423 64.097990 64.345057 64.588349 64.836639 66.546712 66.780781 67.035063 67.265499 67.496006 67.727323 67.966627 68.194331 68.439247 69.195793 69.443542 69.693854 69.930911 70.164726 70.434997 71.383882 71.618358 71.861622 72.572163 72.814506 73.051258 73.281998 73.519960 73.752417 73.978255 74.681567 75.175046 75.671444 76.151990 76.409225 76.639857 77.119231 77.844262 78.074979 78.558585 79.765858 80.012586 80.250599 80.488519 80.739977 80.981682 81.220186 81.474629 81.721778 82.911505 83.155299 83.387340 84.353139 84.579736 84.841179 85.566635 86.043610 86.310526 86.546580 86.787457 87.289700 87.535613 87.765289 88.007140 88.249993 88.730743 90.158386 90.404294 90.634012 92.303168 92.546117 92.782921 93.030136 94.216815 94.690986 94.926171 95.161399 95.394251 95.630969 95.866562 96.565979 96.795959 97.265093 97.524742 97.770008 98.008202 98.936395 99.416976 99.651894 100.360260 100.826152 101.058703 101.289505 101.996816 102.227089 102.457510 102.700316 102.940930 103.174342 103.401658 103.862287 104.824728 105.547952 105.780226 106.030569 106.269207 106.506095 107.222730 107.713128 107.951848 108.462197 108.699461 109.921061 110.404764 111.620835 112.841659 113.081921 113.314259 113.794332 114.705391 114.936353 115.161939 115.387950 115.609773 115.836079 116.061796 116.291689 116.517894 118.128530 118.354055
Elapsed_time: 118.354055
Score: 1788447.837683
301
32674567.460834 31916879.636234 31200483.611717 30002692.806539 26337568.878046 17947655.024854 12127531.948257 9038962.027756 6863883.908877 5140339.272541 4136256.349403 3344472.960659 2931558.943933 2686099.459073 2611970.380574 2568146.920687 2562460.528270 2560683.688834 2557966.803708 2545952.781322 2516395.014282 2470421.600403 2395788.513770 2369327.685255 2343745.202463 2341944.315256 2341189.690441 2340727.666328 2340688.034169 2340211.570361 2339187.075566 2338911.912010 2338446.119472 2338416.011488 2338081.993249 2337485.191275 2335992.639364 2334160.948765 2334043.948246 2333896.399362 2328897.889693 2328258.385064 2326583.851781 2325530.828202 2323630.611823 2322600.791614 2316916.478602 2313632.869952 2304949.285993 2304419.957930 2297113.063818 2294659.697584 2294473.629675 2294461.806328 2292260.546896 2291900.111148 2290558.629848 2289962.465128 2285368.583157 2285055.015705 2280778.254636 2280233.649931 2279520.615673 2279004.334087 2277562.105067 2275463.796471 2274317.051199 2268776.997208 2268623.843614 2267529.917177 2265745.871516 2265680.029503 2264613.454921 2263913.084812 2263025.707139 2262493.852802 2262070.968036 2261547.401580 2261195.598235 2259993.105867 2257826.795828 2216347.251549 2201340.896439 2201100.596804 2200968.371198 2200783.079443 2200705.328047 2200144.460255 2199971.846611 2199719.944900 2199590.208210 2199576.471355 2199130.540553 2198370.336921 2197482.626986 2197466.668423 2196888.401397 2195468.917159 2195102.098223 2193420.776391 2191945.624542 2191076.084964 2190513.161089 2189184.578696 2188312.684683 2188196.881260 2187411.567312 2187373.349819 2187131.648043 2186390.166647 2185771.802050 2185265.181124 2184624.489140 2182751.689736 2171361.560519 2171087.245244 2170859.668178 2170549.483694 2168799.029251 2168443.793121 2168339.725539 2168182.422960 2167700.779479 2167047.086897 2166061.562390 2164455.198942 2163463.339410 2162672.780355 2162269.551095 2160718.822433 2160223.916263 2157938.516114 2157074.972654 2155328.794308 2153141.661633 2150624.782125 2146995.145626 2140867.377309 2138418.841515 2135957.977782 2134469.538217 2128678.093170 2122315.038800 2033844.775615 2033030.693138 2032914.934577 2032100.547566 2032089.393730 2031558.430295 2030416.302903 2028967.054151 2024446.165175 2022990.070866 2020739.698850 2018771.927990 2016662.237185 2014348.066230 2013694.322109 2012671.863803 2011769.030619 2011479.982932 2010088.907717 2010065.219519 2007522.146816 2005984.089524 2005559.465871 2004172.221794 2003319.847776 2000488.102069 1998435.143775 1983207.659468 1982902.592600 1971890.787809 1970410.643405 1970157.925893 1969753.912968 1969598.746521 1969032.186670 1968442.507139 1967154.746274 1966507.199790 1965516.540114 1963558.331396 1961674.758448 1959714.984838 1958601.105223 1958464.483632 1958283.206342 1955934.503125 1955742.150980 1955131.987826 1954573.034662 1953697.990193 1952369.749015 1950831.584600 1950758.642484 1950554.113463 1950518.128931 1950268.052657 1949411.296919 1949325.742357 1948923.812663 1948196.169624 1947374.360062 1945518.773537 1945204.797046 1945085.930439 1944676.312618 1941698.184061 1941368.861585 1941071.132099 1940732.754011 1939924.736929 1939109.710216 1936513.177645 1932489.988400 1931551.969294 1920819.075796 1900853.688494 1888920.583826 1878646.456240 1878605.988802 1878282.456868 1878249.096097 1878117.303345 1877491.053148 1876543.821597 1876131.054417 1875163.660966 1873631.466998 1871945.735701 1870710.368009 1868999.350350 1868105.269785 1866403.648150 1865420.248464 1864536.497857 1863038.725884 1862844.108834 1860887.760174 1859069.652384 1857795.075211 1857767.778203 1857223.378589 1856549.444895 1855581.342022 1854384.632306 1833993.198634 1812091.712629 1811727.376733 1808005.721184 1800960.405697 1800763.459424 1800487.308997 1800039.792534 1799495.136564 1799300.241380 1798407.706018 1797427.938123 1795329.147708 1793444.203957 1793255.363286 1792973.412617 1792300.363156 1791419.497014 1790697.721801 1790213.139208 1787520.488088 1785209.347150 1784862.293931 1784509.399152 1782517.525724 1782052.817684 1782031.086223 1781734.348303 1780954.848837 1780288.408860 1779660.913944 1778884.210305 1776398.801433 1774040.645402 1772324.794374 1771503.702897 1770375.183034 1767977.953233 1744313.304473 1743872.081557 1742913.440552 1742638.370971 1742071.314350 1742052.246045 1741918.424580 1741905.804137 1741506.783250 1740792.237921 1739831.933084 1738803.146405 1738392.024954 1738283.801651 1738152.265328 1737579.907977
0.000174 0.475650 0.704276 0.934734 1.163385 1.398275 1.634509 1.872602 2.117629 2.337215 2.575034 2.814152 3.048653 3.280198 3.501737 3.733964 3.968432 4.199034 4.434558 4.671078 4.891109 5.119844 5.368432 5.596889 5.832173 6.304008 6.533181 8.007222 8.722519 8.980461 9.573854 10.296458 10.537178 11.272501 11.515136 11.763855 12.011622 12.260960 12.501416 12.990496 13.485422 14.201404 14.703090 14.943309 15.186707 15.438352 16.411404 17.139676 17.389757 19.322607 19.565863 20.781310 21.008893 21.497427 21.739861 22.209982 22.460635 22.968949 23.216472 23.456655 23.705303 24.184951 24.431199 24.668303 24.904083 25.159147 25.394903 25.868073 27.080251 27.325274 27.553622 28.037254 28.282693 28.517662 29.027397 29.262992 29.738604 29.975802 30.233243 30.471675 30.723368 31.194403 32.404477 32.896077 34.109157 35.105400 36.569795 37.054009 37.303772 38.270397 39.030698 39.753629 39.997885 40.238173 40.484114 41.466337 41.711494 41.944817 42.192622 42.438658 42.692496 42.926542 43.170406 43.406252 43.649758 44.132673 44.384217 44.645050 45.122706 45.369990 45.847614 46.098050 46.335128 47.839625 49.295501 50.280861 51.257677 52.464460 52.699229 53.420621 54.381926 54.638224 54.872443 55.115040 55.350675 55.588853 55.817809 56.058777 56.535778 56.778331 57.019457 57.263892 57.745198 57.992436 58.238366 58.468960 58.718093 58.951080 59.194010 59.428183 59.667426 60.137224 60.377212 60.625613 61.334950 61.831003 63.012103 63.968327 64.216869 64.445247 64.671029 64.914442 65.391390 65.903524 66.140420 66.381301 66.621925 67.361364 67.610677 68.090419 68.330732 68.599671 68.832762 69.075514 69.308956 69.766379 70.005342 70.242934 70.720486 70.959479 71.688001 73.141867 73.384462 73.867516 74.111718 74.361485 74.854703 75.094102 75.333754 75.586007 75.820518 76.063927 76.310036 76.553126 76.800039 77.038424 77.530415 77.774751 78.018843 78.966654 79.195072 79.660303 79.908181 80.152885 80.383075 80.868525 81.108066 81.340394 81.578514 81.810636 82.780016 83.022688 83.274955 83.520654 83.772719 84.021089 84.996857 85.240969 85.493937 85.975672 86.215702 86.453182 86.702895 86.936652 87.176950 87.417054 87.665643 87.908141 90.083701 90.325064 90.578111 91.306973 91.558089 91.808076 93.037167 93.277044 93.527029 93.757576 93.995604 94.468807 94.698427 94.929373 95.161354 95.410627 95.648171 96.349902 96.600949 96.843458 97.079630 97.322330 97.555717 97.819244 98.293791 98.532994 98.772725 99.000733 99.241407 99.969734 100.702878 102.837082 103.071845 104.035435 104.733514 105.200999 105.443110 105.672832 106.136848 106.374483 106.601762 106.831437 107.749108 109.177118 110.134964 110.383985 110.625661 110.861550 111.100121 111.332800 111.578882 112.793686 113.057558 113.542361 114.013626 115.240400 115.479495 115.716198 115.967102 116.217240 116.454106 116.693369 116.936238 117.182367 117.420468 117.671693 117.926403 119.130465 120.075459 120.557647 122.528468 122.989411 124.199839 124.685579 125.855574 126.105348 126.353931 126.604782 126.849630 127.549419 127.792226 129.290321 129.524812
Elapsed_time: 129.524812
Score: 1737579.907977
301
32668097.500733 31922836.290347 31205672.194997 29985667.725692 26008058.769326 17112349.193583 11785778.282822 8639643.237046 6710540.926654 5202579.656782 4339975.240780 3590232.700417 2957006.418248 2695340.295106 2615689.242912 2574441.404979 2573697.927658 2571623.492928 2569533.222721 2558415.743532 2543685.705299 2534111.080808 2463585.529135 2404616.672519 2403685.735130 2377791.073595 2368944.000080 2368782.851950 2366799.781974 2366428.851856 2362961.851822 2362344.159430 2362137.646844 2361289.271920 2359974.237193 2357052.258082 2352334.335864 2351627.348394 2347040.917569 2341760.227228 2341240.766912 2339653.565589 2339398.764884 2338875.359688 2336519.335753 2330405.438904 2321786.400636 2321722.436462 2320128.701298 2318380.625908 2310739.102713 2304496.853677 2300802.945312 2272169.587576 2272010.118352 2271890.161116 2270654.512309 2270222.379779 2266249.099151 2265096.872891 2262926.767524 2262026.759835 2259914.611884 2256174.678805 2254024.964992 2252681.651146 2249790.204735 2248486.797568 2246660.929269 2246246.402009 2244479.318734 2244265.653717 2243642.547289 2242450.234590 2241420.765469 2239037.254687 2235133.352250 2232324.651093 2207223.543086 2200808.100947 2193026.186439 2185131.260056 2176756.903855 2174539.487556 2174491.692731 2174259.899416 2173320.020187 2172482.471614 2171728.789314 2171690.319884 2171091.196202 2170173.020113 2168454.316426 2165271.334911 2164857.820041 2163564.850480 2162552.540473 2161294.214287 2157874.591207 2155897.103920 2154274.311907 2152868.480240 2152539.416756 2151286.498618 2150176.700197 2147640.836014 2146923.131039 2145307.427918 2144073.067658 2139939.767458 2114919.279462 2111500.741601 2111394.256506 2091806.621511 2072545.438663 2072280.109684 2071921.013550 2071386.852668 2070362.970428 2069615.050553 2069295.337729 2068903.506661 2068385.076927 2066603.493309 2066443.656189 2066235.390353 2064029.987945 2063049.395224 2062930.623726 2061505.161255 2060862.724163 2059987.806321 2058177.838043 2054638.888373 2052820.700256 2049590.731071 2049317.546223 2049129.061321 2048553.064256 2048141.951664 2048123.597171 2046203.382798 2044976.471054 2044548.563139 2038939.498211 2038633.649311 2036498.700556 2006771.864220 2006500.018209 2006385.144873 2003199.670977 1997808.784657 1995511.320149 1995268.901949 1994872.492175 1994579.173710 1993861.409968 1993322.891802 1991149.129032 1990704.097547 1988016.086228 1984583.087921 1980975.904926 1975963.032272 1972074.381913 1967587.003886 1962863.292541 1948141.279142 1942387.165086 1932583.653886 1917677.895544 1915822.656252 1915495.127405 1915477.342744 1915156.209528 1914830.942496 1914048.243839 1913984.983186 1913755.500509 1913088.284478 1912844.276330 1911333.594335 1909960.847940 1908462.925299 1907345.365611 1907136.331617 1905618.421590 1905106.386424 1904357.844988 1903794.164014 1902643.784812 1901938.313069 1901698.614354 1901141.195005 1900676.293738 1899627.322726 1899057.231228 1898916.267380 1898588.444749 1896543.372867 1894568.458598 1894535.508501 1894189.836334 1892201.779997 1890843.424146 1890810.634632 1890749.132583 1889917.987340 1889644.608140 1889129.664008 1888724.254402 1888699.168669 1888290.459913 1886537.024062 1884330.167049 1883909.094669 1882993.111157 1882966.152506 1881838.540499 1881274.437266 1876423.435615 1875902.829295 1875256.545739 1874102.284860 1873410.116425 1873202.653503 1872868.468508 1872281.122520 1872240.329598 1871590.845702 1870788.016115 1868566.640592 1867837.043370 1866719.092517 1862799.109687 1858519.999077 1857212.060814 1857182.322607 1857077.044472 1856589.022128 1856542.383065 1856449.340303 1856205.268048 1855971.654395 1855421.579846 1850867.052041 1842530.192395 1842406.886737 1840864.894837 1840854.881783 1840203.351476 1839898.349626 1839892.498435 1839615.751301 1839240.738325 1838265.650893 1837041.347750 1835564.293746 1833827.730562 1833150.062169 1832160.810681 1831092.165806 1830536.387837 1830403.137822 1830362.287892 1830011.179714 1829277.551739 1828834.065563 1828484.315971 1828418.707712 1827950.719774 1827560.352361 1827077.822209 1826822.042711 1825139.140145 1822290.816816 1820228.874211 1818732.273462 1817364.808682 1815254.349536 1804707.519578 1789145.745062 1785033.281628 1784761.250530 1781079.390873 1779336.916056 1778612.138833 1777931.375889 1777750.156517 1777411.668020 1777150.275032 1776819.347966 1775662.269217 1774894.798035 1773893.606701 1771151.877066 1770474.314612 1770438.393045 1770405.412997 1769720.029269 1768355.386444
0.000168 0.526459 0.771909 1.011065 1.249700 1.486541 1.721753 1.945145 2.193300 2.437921 2.682427 2.903529 3.136444 3.374134 3.632302 3.859034 4.326983 4.552705 4.786757 5.020969 5.245176 5.501905 5.980147 6.225653 6.943531 7.188765 7.447212 8.668662 8.918226 9.169371 9.410855 9.670101 10.160235 10.405221 10.652787 10.886545 11.386863 11.885400 12.127852 12.360286 13.086432 13.337553 13.821706 14.061810 14.548681 14.779686 15.026915 15.985930 16.224582 16.455805 16.709960 16.942584 17.668303 17.925828 19.403503 20.386834 21.101529 21.328419 21.570447 21.803227 22.043004 22.293788 22.538826 22.802140 23.034986 23.277063 23.504379 23.991036 24.232167 24.476396 24.716068 25.228669 25.465751 25.707449 25.955683 26.226580 26.458566 26.699402 26.960523 27.196372 27.431591 27.672191 27.912951 28.408451 30.101208 30.575189 30.819844 31.062844 31.309510 32.053067 32.298079 32.533945 32.776598 33.033092 34.222836 34.454707 34.695178 34.934765 35.165443 35.419419 35.659203 35.895248 36.133401 36.364078 36.605146 36.856571 37.105297 37.346950 37.580892 37.827233 38.330941 38.570120 40.503507 40.733445 41.200660 41.700120 41.951831 42.434996 42.669237 42.901598 43.384687 43.860615 44.112593 44.343775 44.575823 45.053687 45.293009 45.524618 45.767759 46.011193 46.251872 46.489490 46.739214 46.974126 47.213765 47.442963 47.974551 48.246659 48.508079 48.742643 48.989422 49.226788 49.455553 49.693585 49.935221 50.173173 50.404843 52.110328 52.593697 53.573197 54.058211 54.296298 54.530775 55.960318 56.458664 56.695973 56.932658 57.169082 57.412353 57.892026 58.140611 58.389515 58.876886 59.118989 59.354364 59.589379 59.821754 60.055570 60.528268 60.761008 60.998165 61.240134 62.184210 62.889276 63.120350 63.363628 63.598203 64.554174 64.794216 65.045566 65.279822 65.516670 65.747345 65.988906 66.224433 66.960650 67.212989 67.690162 67.922722 68.162254 68.393695 68.652743 68.883736 69.130118 69.368509 69.601401 69.837005 70.818491 71.046523 71.288466 71.528146 71.768088 72.008307 72.245226 72.480054 72.726036 72.967664 73.203509 73.673913 73.905930 74.625048 74.864723 75.105101 75.332403 76.303247 76.793506 77.029419 78.447624 78.693667 79.174909 79.424086 80.362337 80.590840 81.801338 83.239778 83.960649 84.680045 84.927531 85.671937 85.920243 86.171305 86.403633 86.646685 87.129762 87.371731 87.607981 87.843170 88.078977 89.037863 89.272219 89.518222 90.725500 90.971181 91.214118 91.458443 91.691147 91.919264 93.132526 93.387514 94.554435 94.786821 95.265670 95.987614 96.234512 96.460646 96.693709 96.937573 97.194848 97.444180 97.674746 97.935330 98.201152 98.677258 98.906822 99.642724 99.880449 100.118881 100.356857 100.597566 101.552690 101.789047 102.029405 102.277254 102.518434 102.758792 102.990285 103.239335 103.468425 103.702987 103.941035 105.651042 105.881318 106.120178 107.307000 107.549664 108.780098 109.480534 109.713926 111.151762 111.385164 111.623184 111.854985 112.099801 112.365390 112.595598 112.830180 113.070113 114.017884 114.963981 115.213999 115.443607
Elapsed_time: 115.443607
Score: 1768355.386444
