5
301
996022.029974 947740.696138 817459.014848 749027.367163 748775.916067 748565.204645 748408.604562 748365.655122 748114.331170 748075.206202 748068.911442 747854.854176 747450.278825 746395.228227 745115.658572 741945.073175 741795.668639 741686.500032 741644.026716 741362.726447 741250.630166 741057.085652 741044.188109 740928.712777 740728.851708 739921.959950 739900.126231 739612.346544 736092.750009 735709.859748 733972.566313 732399.744683 729697.675489 727654.081969 727344.238794 725630.670213 724132.319895 723470.511977 722880.470202 722837.899756 722649.436870 722130.579663 721990.510737 721574.308963 721565.357460 721423.675304 721305.949463 721288.251463 721214.574888 720641.203341 719749.310921 718286.623238 717660.526690 716929.389139 716412.447500 716037.649275 715713.172487 715687.641736 715582.517681 715413.008004 715409.645555 715191.862943 714793.145592 714440.496732 713132.044587 711942.346983 708682.958577 705318.200156 705167.325349 705142.178271 705088.964918 704999.164238 704746.150225 704671.951977 704341.915902 703840.679173 703496.456251 702026.030340 701231.851067 700785.339533 700747.486628 699513.981633 698526.737339 697408.180905 697206.450998 697060.292292 696972.414727 696793.499300 696341.573123 696028.020142 695898.040169 695297.606031 694179.060216 693662.215065 693643.013830 693579.587922 693460.464491 693235.786078 693042.962210 692067.107231 691663.361745 691649.714047 690728.773983 688569.120937 687100.235257 681765.669813 681242.804926 681226.891621 681179.241933 680950.940360 680617.294072 680479.947661 679873.110165 679563.424997 678469.122041 676990.556726 675853.465093 674966.219271 673311.465318 672253.235778 669627.518435 669014.179596 668988.095042 668976.645582 668474.221918 668291.562539 667905.494512 667511.018607 667040.676031 666311.529847 665586.608330 663279.311792 662340.530296 662291.075874 662052.450702 662004.298419 661912.704172 661604.956877 661430.491911 661060.645585 660451.763711 659170.232701 658180.843147 658048.404496 657978.565118 657529.661685 654625.870264 654234.614377 653745.419485 653374.361807 652064.878558 649702.457292 648983.608286 648192.381960 648037.148064 647990.939352 647946.752269 647716.508442 647698.771719 647539.584497 647436.891775 647098.290433 646603.765953 646376.766905 646308.260963 645349.454257 644726.798244 644702.995043 644189.989066 642646.219789 642463.568151 642405.747091 641403.302586 640891.371129 639637.570247 639404.687828 638896.746014 638116.694327 638083.153402 637612.728025 637096.490890 636611.206821 636425.547362 636078.390999 635760.412420 635432.638071 635213.695898 634957.162826 634814.739501 634356.967098 634217.188413 634190.555603 634021.694709 633419.700063 632736.144268 631136.082882 631037.815146 630009.099548 628457.989842 628412.820204 628364.170053 628331.160720 627988.009520 627341.690420 626681.307984 624255.079565 620303.496992 620217.167571 620064.565843 619960.606203 619958.572014 619890.986622 619790.170556 619615.717896 619544.023081 619536.090685 619397.032280 619202.576375 619053.203714 618618.769436 618193.651758 618051.690077 617944.101206 617926.371852 617717.103228 617638.004535 617364.092894 616959.082698 616592.450879 616443.389402 616272.068324 615596.093841 615059.956239 614918.200359 614666.522490 614450.200566 614054.564179 613691.661186 613519.155018 612778.237445 612630.636647 612210.151720 611475.459105 610643.258017 610123.524924 609461.656203 608997.099031 607774.856034 607489.187909 607333.802051 605550.373678 605466.882445 605251.129571 605215.666521 604947.481481 604861.542272 604861.125551 604839.315271 604759.019190 604555.272898 603972.780735 603330.231249 603294.230626 602786.584705 602291.131614 601109.789570 598152.576880 593671.735433 593633.801533 593486.500031 593362.780993 593218.227154 592819.341255 592446.793442 591144.867773 588265.847003 585603.498360 580985.785321 579175.237470 577845.315090 576133.125304 576019.643610 575715.302454 575619.064323 575547.822083 575196.250085 575175.875218 574902.567566 574814.156583 574586.566902 574353.347115 574023.700000 573847.093070 573548.674709 573240.009342 572891.773659 572366.543500 571962.417912 571814.943684 570096.382906 569412.650623
5.308154 6.817470 7.050055 7.469428 8.313369 8.515935 8.731006 8.945190 9.374980 10.233188 10.879213 11.100984 11.312581 11.521169 11.738474 11.974781 12.826667 13.031167 13.249875 13.465956 13.673987 13.915408 14.350589 14.581452 14.823336 15.039935 15.256043 15.475457 15.687270 16.118761 16.538084 16.740649 16.956334 17.383797 18.442202 18.653138 18.856204 19.058425 19.280474 19.734683 19.951238 20.157083 20.783119 21.005017 22.058411 22.271381 22.891617 23.545225 23.767801 23.970352 24.587957 24.792671 25.261850 25.470145 25.679009 26.289252 26.496232 27.337677 27.558686 28.191872 28.816560 29.026464 29.237819 29.442647 29.662539 29.874426 30.078934 30.290091 31.360674 32.198463 32.858842 33.068107 33.271656 33.489432 33.699858 33.905912 34.116023 34.324115 34.544621 34.761692 36.037665 36.256592 36.480786 36.703441 37.351189 37.560357 38.198534 38.406427 38.619630 38.821188 39.247159 39.458425 39.664040 40.343283 40.998814 41.415372 41.625512 41.835668 42.058272 42.268972 42.924723 43.576543 43.790063 44.004509 44.209846 44.418927 45.253622 45.655348 46.463603 46.700416 46.915358 47.117718 47.319515 47.925624 48.138193 48.342792 48.546078 48.749229 49.155060 49.362663 49.582699 50.222627 50.856680 51.270625 51.473437 51.678873 51.879838 52.078270 52.287536 52.496890 52.703421 52.919710 53.337060 54.162352 54.375758 54.792272 54.995211 55.196049 55.399806 55.601296 55.810169 56.017236 56.216059 57.238743 57.647935 58.053807 58.262505 58.671754 58.876291 59.077488 59.288988 59.490031 60.538883 60.743678 61.351359 62.177310 63.213263 63.622505 64.441150 64.644547 64.847322 65.051823 65.262610 65.464411 66.492692 66.701245 66.907311 67.327173 67.529650 67.736666 68.778963 70.028704 70.229292 70.440512 70.640193 70.837658 71.044706 71.251254 71.872587 72.077220 72.284298 72.488285 72.913024 73.113725 73.318843 73.523353 73.732584 73.933728 74.135093 74.332229 74.540889 74.949653 75.152941 75.364415 75.573342 75.775903 76.598745 76.802721 77.413324 78.226606 79.270896 79.897154 80.100768 80.310155 80.520481 80.940291 82.363685 83.392747 83.594992 84.212415 84.621217 85.025859 85.226118 85.838308 86.243120 87.255437 87.459841 87.659887 88.066225 88.680768 88.883470 89.491643 89.692497 90.711626 90.916611 91.120177 91.326271 91.532416 91.743004 92.555215 92.762249 92.966901 93.164757 93.779351 93.984878 94.191967 94.393100 94.600056 95.216800 95.627027 95.832031 96.034524 96.235966 96.438627 96.639911 96.844821 97.050474 97.257739 97.658619 98.462462 98.664209 98.868356 99.688034 100.291785 100.915765 101.120224 101.320486 102.142388 102.567572 102.769579 102.976091 103.179300 103.796458 104.003607 104.204708 104.408606 104.607894 105.016010 105.625472 105.830010 106.245830 106.454105 106.655690 107.075758 107.283652 107.489530 107.694026 107.898835 108.294323 108.502575 109.109198 110.130037 110.335865 111.371195 111.783442 111.981511 112.186716 113.619796 113.830918 114.031848 114.238007 114.433871 114.634307 114.832699 115.036410 115.238608 115.440639 115.647835 116.458216 116.655384 117.061656
Elapsed_time: 117.061656
Score: 569412.650623
301
973922.174429 960810.633970 831541.005935 787085.626893 754256.927296 752232.802066 752191.642044 747589.576317 736800.915835 735825.055116 735687.789757 735171.369760 734871.815986 734591.013715 734463.914583 734420.861962 734181.466127 733870.396568 733395.855465 732356.013560 732244.786423 732062.782677 731799.476664 730700.328787 729588.811060 726748.406851 726520.342140 726342.731026 726265.580136 726010.314665 725449.523546 724232.394591 723448.615900 721085.010260 717370.648439 711327.912037 706660.473068 704801.094137 704545.171820 704212.638427 703660.959315 703115.885512 702971.419731 702600.433903 702348.050992 702114.496245 701833.869935 701625.145010 701463.680740 701029.049161 700949.342915 700318.070410 699412.843388 698401.316249 696251.827959 695871.654327 695636.762057 694506.841253 693586.063959 692987.704405 692823.269082 692818.097719 692368.293272 690449.430355 690390.987507 689972.425165 689828.238386 689760.219852 689581.039035 689467.049805 689157.242283 688687.111121 687727.089190 687691.563140 687438.355585 687384.304197 687230.349541 687111.402975 686638.984409 685739.718467 684980.646691 681693.971225 677340.868926 675378.920343 675298.823219 674532.122902 673248.686574 672584.065493 672000.565519 671974.615683 671615.450126 671272.479921 671226.398955 670886.664508 670465.464130 669917.791735 669393.848970 669302.626410 668971.601347 668927.113772 668678.525959 668106.559966 665972.440220 665485.877489 665129.386149 665093.611737 664999.060207 664857.904245 664509.578646 664105.504916 663512.632409 663462.120020 663294.935525 662480.274826 661821.869496 660347.197616 658920.532056 658224.607872 658191.316112 658051.595122 657952.203119 657895.243534 657610.724317 657348.835430 656427.171350 655054.573704 654896.423235 654783.528624 654288.304568 652760.353002 652316.603416 652039.807921 651244.834484 650587.299495 649303.920259 642057.718823 637478.793663 635836.169114 635005.135842 633734.747365 633422.168146 633410.093872 632684.500214 632400.018431 630002.624005 629789.635306 629763.410926 629611.549413 629584.412413 629498.380664 629320.592317 629112.454906 628627.491696 628461.210262 628343.093669 628332.903136 628230.667519 627255.139858 627238.746572 626701.124273 626523.199163 626323.547060 626137.430064 626053.662240 625957.237432 625636.269054 625335.622888 625091.732457 624134.038704 622352.099799 620880.386734 619444.370969 617086.957309 613367.557178 609680.109476 609598.663908 609513.841575 609357.533220 609228.530884 609035.240765 608778.493559 608528.794592 608216.908951 607992.904678 607544.874293 606743.323226 606658.950408 606505.399516 606213.282983 606121.982451 605938.191600 605480.925392 605480.048552 605222.871476 604909.958246 604583.148849 604118.794099 603004.542971 600407.153935 598429.218044 597244.556524 589403.930437 585573.696832 585382.058675 585227.886461 585069.060318 584938.901492 584691.065317 584662.906357 584648.182133 584574.491909 584330.103901 584020.195433 583770.548019 583478.798406 583026.455999 582422.883214 582340.599670 581973.319788 581356.456162 581352.135746 580782.906726 580678.565506 579973.663565 579718.046860 579638.886609 579137.231306 578998.812824 578497.569781 577772.162123 574549.422722 574178.922600 571666.141775 565780.834697 563756.250150 560037.843332 559928.154927 559545.425067 559443.638427 559205.749604 559164.379730 559069.068534 559051.842306 558705.793009 558243.842493 557926.494484 557829.247371 557573.892579 556692.259744 556211.004456 555401.437686 554870.979830 554869.997171 554866.540377 554826.369504 554670.384893 554192.398219 553512.499361 553068.004164 553015.702525 552622.938643 552385.238800 552277.110142 551898.437180 551510.726809 550865.588410 549630.916805 547994.703667 545035.312694 544587.094385 540764.327463 540502.534203 539099.330345 538853.733641 538707.167706 538695.596245 538464.793231 538255.200617 538119.806698 537888.457856 537035.028367 536291.397419 535595.099859 534378.516855 533779.351680 531926.163534 531328.636293 531111.141381 531087.339836 530607.987848 530243.637826 530018.857621 529672.996655 529354.232833 529060.542082 528696.551285 528323.808051 526581.332896 524270.984235 522212.981146 519103.224757
5.334203 6.415793 6.643254 6.847302 7.057995 7.272510 8.541038 8.745342 8.965013 9.605889 9.809289 10.007212 10.212088 10.420250 10.624869 11.274968 11.477767 11.686856 12.723369 12.934883 13.348852 13.554044 13.979442 14.183175 14.396992 14.593705 15.225453 15.430599 15.632706 16.277472 16.486917 16.698229 17.102478 17.322332 17.530363 17.738790 18.155092 18.383736 18.599562 19.035916 19.268064 20.314594 20.519667 20.721253 20.922866 21.131647 21.337081 21.546761 21.763764 22.805669 23.021528 23.424656 23.632194 23.848075 24.050546 24.455499 24.859503 25.077090 25.289462 25.488836 25.705562 25.926588 26.150695 26.354099 27.178044 27.382236 28.216535 28.619969 28.838881 29.497687 29.704576 29.909166 30.771795 31.841487 32.233052 33.053127 33.257789 33.463891 33.668010 33.880536 34.081242 34.298368 34.511552 35.536807 36.785116 37.002196 37.445959 38.064945 38.275681 38.679546 38.889197 39.086466 39.730234 39.938927 40.165355 40.376550 40.572403 41.209528 41.420131 42.278739 42.486460 42.700044 42.894888 43.326454 43.534404 44.159981 44.580119 45.401062 45.626530 45.837918 46.035773 46.450478 46.677575 46.882991 47.079527 47.284427 47.883967 48.086769 48.930356 49.146484 49.749265 50.163794 50.367877 50.586894 50.793712 51.404150 52.448355 53.472069 53.891606 54.337209 54.766776 54.982972 55.194071 55.404148 56.019182 56.435699 56.829987 57.032456 57.453791 57.865193 58.294239 59.551346 59.764738 59.980173 60.380804 60.590236 61.433160 61.634467 62.666080 62.884375 63.086615 63.298562 63.506591 63.924336 64.537636 65.165911 65.585483 65.787249 66.203068 66.399757 66.600887 66.804733 67.001056 67.804410 68.010777 68.220712 68.424808 68.635187 68.837047 69.038797 69.241119 69.448255 69.654701 69.873611 70.085178 70.704891 71.510997 72.120083 72.324971 72.534717 72.730075 72.925067 73.131331 73.336062 73.532658 73.743438 74.575116 74.809503 75.630924 75.837613 76.038318 76.235677 76.641337 76.840491 77.040114 77.434395 77.633361 77.835581 78.037424 78.237371 78.438908 79.441127 79.644040 80.436639 80.633803 81.426569 81.633533 82.433544 82.633148 82.828711 83.031650 83.443018 83.642916 83.838862 84.030549 84.228923 84.424591 85.030965 85.248482 85.450442 86.266985 86.869562 87.068961 87.265660 87.464280 87.663298 87.860551 88.058150 88.258779 88.459566 88.664292 88.858773 89.056397 89.256992 90.650047 90.846013 91.450178 91.646746 91.844053 92.239668 93.041448 93.849323 94.456261 94.650312 94.843232 95.041326 95.238089 95.441826 95.646326 95.848759 96.048826 96.254839 97.072106 98.288626 98.691568 98.892408 99.097933 99.292338 99.498611 99.892607 100.089444 100.286005 100.479900 100.671191 100.867578 101.060246 101.258112 101.470092 101.670338 102.071836 102.469914 102.663763 102.865443 103.258656 104.051705 104.649888 104.840822 105.036254 105.237252 105.437799 105.634791 105.838067 106.039089 106.232704 106.425851 106.821605 107.013969 107.415046 108.412610 108.612833 108.806551 109.004418 109.204356 109.403919 109.803214 110.014824 110.211373 110.414895 110.805534 110.999465 111.194725
Elapsed_time: 111.194725
Score: 519103.224757
301
963016.973264 937759.588588 799168.716190 729134.648448 728738.667152 728023.045766 727580.799286 726442.223796 725723.259522 724856.958294 722444.988095 721782.837735 720601.115541 720164.255496 719938.026704 719883.750051 719032.347218 718357.305728 718129.933220 718115.490848 718107.321070 717893.321919 717723.076247 717197.991948 716471.824391 714640.216938 713544.778012 712122.491954 709865.639264 709708.365317 708973.923061 707214.988371 706194.297724 705960.049774 705934.788659 705602.839312 705227.558905 705211.018853 705068.421869 704903.674616 704791.649373 704291.840597 703233.288642 703138.160584 703135.731731 703122.067880 702923.423946 702591.945751 701924.601802 701613.859827 700986.523370 700456.220808 699316.020899 699306.914056 699088.831841 698878.178133 698088.220520 697825.803548 696153.244732 694857.802907 693256.222925 691153.351417 690856.562116 690571.237482 689902.353726 689248.198012 689229.451934 689116.370959 688897.100483 688721.330596 688314.582495 688311.901248 688303.310836 687987.231693 686247.691689 681276.647855 681178.688589 680945.358120 680872.222080 680790.314763 680548.600373 680522.234331 680041.615915 679984.341502 679787.372131 678709.142136 677570.938203 677363.661980 676886.209355 675196.785356 674577.250860 673917.643876 673723.217801 673512.415596 673468.845904 673408.435988 673278.388111 673177.013532 673009.894739 672713.262730 672352.661415 671219.718646 670519.614111 663977.698570 663512.322997 663476.258926 663468.739498 663462.620556 663276.136120 662938.287680 662324.934835 660798.731617 660365.886710 660213.096585 660039.433787 659784.134350 659515.559551 658836.489863 658073.278196 657914.526682 657604.897582 657578.817187 657238.120508 656835.004279 655549.132389 654977.996119 652772.658334 652736.782713 652052.034624 650088.597678 648806.339787 648772.452104 648770.486427 648757.625096 648663.090459 648625.405320 648569.417217 648354.867282 648282.043688 647846.731604 647635.189081 647041.646602 646083.208613 645541.722408 644085.232601 643271.474150 641731.227554 640013.616214 639637.334058 639581.214190 639309.663899 638958.741318 638613.481547 637622.808468 636863.351842 636119.251946 635617.018515 635111.175422 634575.269892 634137.524112 632950.844110 632684.661873 632320.367526 632249.020614 632124.435970 631922.446257 631685.991965 631662.077035 631638.749099 631488.396003 631373.206829 631318.386772 631258.318445 631060.783206 630543.774576 630511.903010 630339.475578 630150.805917 629647.380621 629619.128228 629587.284062 629363.693072 628965.163149 628043.322576 626700.207721 626058.304432 625516.052515 625488.041040 624892.771427 624450.109426 624053.064054 623685.835848 623622.234842 623506.441626 623038.291455 622805.403041 622518.396820 621830.463752 621081.278176 619848.868552 619696.598398 619173.445834 618715.879236 618629.926177 618573.530822 618534.193334 618446.660607 618287.328969 618259.245349 617827.983534 617516.791452 616596.996228 615466.658735 613434.447710 612854.740100 612270.229117 611343.256917 610760.067531 610534.387364 609641.723138 609245.027913 609240.645481 609128.008504 609070.660104 608778.947246 608487.297599 608020.783004 607568.111092 606110.402011 605459.017180 604492.620816 603301.531343 601767.254743 600594.999313 598594.944508 596914.626700 595641.260907 595596.123192 595455.653847 595267.442811 595256.413293 595091.515982 594869.057106 594621.595645 594248.800382 594064.257521 593295.416216 591781.460179 591720.875481 590920.271680 590360.638410 590139.075264 589998.091058 589451.836704 589175.545657 588840.954796 588574.383337 588031.274416 586719.694501 582101.887842 575929.188276 575218.344455 575056.984914 574749.712374 574268.045525 574159.416782 573644.543840 573492.191129 573393.163571 573030.029936 572784.846675 572514.912746 572392.896744 572199.509285 571194.419087 568952.183612 565615.264526 565574.734218 565313.147826 565048.258708 564831.732859 564409.485488 564010.915244 563944.374797 563845.056747 563507.452112 563077.513132 561693.865460 561224.675705 560814.663889 560578.115813 560242.870026 559334.106267 558383.481962 556301.364069 554003.790434 550637.007381 546980.349873 544591.549418 544523.087070 544312.515274
5.182494 6.463380 6.675068 7.092893 7.923059 8.759897 8.972028 9.175731 9.799981 10.008607 10.216466 10.631179 11.045251 11.661906 11.869700 12.474575 13.308673 13.514044 13.946538 14.574904 15.616066 15.825461 16.045947 16.259744 16.467694 16.885966 17.096359 17.300351 17.721057 18.971577 19.178894 19.380850 19.797759 20.007399 21.448087 21.659957 22.286582 23.353410 23.561718 23.778285 23.988484 24.192171 24.399563 25.031042 25.450509 26.516880 26.717291 26.941782 27.154130 27.787549 28.000079 28.212006 28.636247 29.253453 29.465625 29.681245 29.896071 30.307143 30.514550 30.724037 30.932734 31.149954 31.358685 32.899796 33.109119 33.318589 34.376418 34.590586 34.794795 35.001653 36.449654 36.858903 37.691825 37.909110 38.126544 38.538223 39.573925 39.784065 40.414764 40.627852 40.838924 41.251456 41.464539 42.293242 42.507031 42.715851 42.927818 43.767605 44.408269 44.619786 44.824127 45.035274 45.261785 45.472742 46.108288 46.737562 46.949263 47.165707 47.368833 47.790011 48.005998 48.210772 48.418709 48.622339 48.824310 49.875223 50.718092 51.341252 51.545875 51.748420 51.958250 52.574667 52.992964 53.415212 53.622574 54.468778 54.679809 54.884294 55.090205 55.728716 56.129708 56.744350 56.951948 57.155762 57.361743 57.574798 57.792375 58.846660 59.057232 59.265808 59.466905 59.884196 60.093504 60.313238 60.519225 61.345408 61.551373 61.756046 61.970615 62.179520 62.594749 62.800234 63.008418 63.217305 63.420095 63.632187 63.841945 64.046751 64.664221 65.481483 65.689180 65.893108 66.096468 66.505211 66.715022 66.923779 67.126923 67.330164 67.536030 67.736647 67.937824 68.148802 68.356700 68.568368 69.180747 69.383633 70.199602 70.815146 71.029196 71.239306 71.853351 72.050765 72.670640 72.874643 73.080741 73.691045 73.895048 74.101183 74.501756 75.113617 75.951697 76.148793 76.353715 76.564082 76.763852 76.964297 77.173083 77.376020 77.790814 77.996268 78.203918 78.411774 79.020775 79.228286 79.438292 79.646312 79.854006 80.059583 80.262036 80.471261 81.501906 81.708233 81.913043 82.324566 82.528209 82.729320 82.936892 83.144379 83.970606 84.177272 84.377047 84.583294 84.791577 84.996083 85.205694 85.404190 85.608675 85.822223 86.236937 86.449774 86.649686 87.271721 87.878352 88.085000 88.292800 88.494653 88.698048 88.901843 89.108829 89.520565 89.727398 89.930667 90.134073 90.347276 90.552061 90.753204 91.590003 92.407180 93.030666 93.838687 94.861458 95.061111 95.263648 95.460127 95.658490 95.857804 96.068844 96.272401 96.476236 96.673959 96.877624 97.082629 97.294361 97.499740 97.710270 97.921629 98.129631 98.346553 98.548027 99.564319 100.376880 100.781428 101.190308 101.605920 101.818534 102.020041 102.223488 102.419485 102.631965 102.834296 103.039900 103.239332 103.641905 103.851512 104.060202 104.257725 104.658242 105.279651 105.479431 106.274598 106.899361 107.098861 107.306463 107.505819 107.710853 107.913960 108.126710 108.337223 108.538228 108.739299 108.935353 109.136240 109.338929 109.538541 109.750017 109.952886 110.160733 110.360066 110.978578 112.192509 112.391370
Elapsed_time: 112.391370
Score: 544312.515274
301
939776.986868 915002.886412 728662.249762 716746.134147 716707.894713 714307.274758 714262.801300 714224.009439 714019.110597 713789.211244 713183.100763 712365.700677 711725.269335 711421.714639 711343.819104 711300.011438 710945.126818 710652.019032 710346.079385 709934.486847 709550.928517 709152.497962 708767.010965 707984.175815 707950.253172 707623.405603 705747.940162 705290.407831 705282.129414 704488.003047 702638.955597 702230.789037 701721.406973 701639.260884 701272.383067 700139.275256 699541.969394 699536.753124 699291.412988 699068.536323 698875.754391 698466.304200 697640.405616 696451.041164 695693.117564 692657.029079 692230.407712 689867.069371 688943.795704 688884.986414 688505.492441 688108.834224 686808.381183 686519.403681 686405.580400 686342.571201 686207.541169 686195.503012 686139.798643 685951.125278 685755.632574 685631.455040 685411.508297 685345.443630 685025.347305 684962.245539 684890.714565 684578.617192 684267.152088 683944.437484 682696.189693 680560.646567 679094.936572 677877.104154 675462.936541 675437.143646 675161.153552 674992.837315 674632.735114 674613.244946 674599.539517 674482.591364 674052.705401 673915.672995 673615.999910 673591.359205 673251.030401 672627.656882 672342.986716 672025.173827 671961.153948 671579.371661 670961.715573 670916.325230 670180.434940 669616.215504 668992.853679 668264.612149 667749.220374 667583.529931 667399.138307 666746.709145 666323.949551 666250.034285 666028.520499 665914.941608 665862.166200 665741.333630 665526.145326 665450.119911 665253.441915 664592.539957 664174.238660 664064.332004 663990.100005 663112.624273 658385.160710 658302.291183 654781.738775 653992.389484 653704.960599 653477.185625 653340.421915 653034.880446 652492.207399 651251.426341 650340.034777 650190.479334 649539.491742 648254.286553 646680.074540 646228.509780 646222.348655 646073.023343 646052.490680 645889.333878 645654.659572 645385.274649 645130.802797 645102.453722 644977.104967 644720.490831 644124.212507 643596.555698 642782.802781 641983.806316 637272.828874 636984.270004 636382.279897 635601.390243 635426.627238 633842.592630 633703.575504 633573.180898 633293.138344 633013.607617 632970.526322 632784.928214 632718.861673 632653.597836 632454.425907 632227.047460 632013.116408 630546.210485 630282.431813 630239.892241 629972.612535 629802.592994 629360.930251 628083.757714 626752.078778 626726.452698 626575.885307 625877.436346 624409.912887 624293.747454 624036.665448 623484.242911 623305.444280 623086.686973 622865.319806 622823.870338 622711.176216 622589.014695 622587.523272 622504.881961 622502.109674 622124.888843 621823.257460 620901.552628 617455.834568 614113.075039 607273.056823 607150.155352 606296.197295 606035.979063 605864.747483 605742.937284 605726.748326 605532.254296 605282.527048 605211.504008 604924.982952 604705.412253 604237.980968 603725.403948 602866.889388 601865.565895 600061.146492 599503.219404 599468.589180 597546.616508 597024.594869 596900.254381 596583.764105 596185.685468 594987.937365 593937.730406 593923.848097 593831.084734 593790.041579 593662.919299 593405.959684 593276.322244 592863.186601 592555.800239 591750.383151 591240.746964 590037.047722 588913.400731 587962.094591 587136.528138 586322.518859 585013.574551 584856.775319 584838.788166 584654.440273 584486.739897 584258.969071 584017.019606 583919.668227 583706.234608 583574.017723 582869.750187 582395.185415 581716.391625 579625.811249 579205.037357 579075.805432 578655.268830 578064.858619 577684.744394 577573.415604 577259.857106 577119.983318 577090.741200 576989.176759 576700.380689 576564.349603 576534.156656 576181.868805 576113.409378 575840.264552 575312.352338 574249.667454 572019.647980 571785.857993 571694.690273 571536.091109 571390.693568 571366.926456 571152.854487 571077.986609 571059.812159 570916.425647 570762.464363 570536.939021 570052.088445 569426.497299 569316.905121 568987.747462 568863.148663 567758.927027 567226.796992 567078.066552 566562.858793 565882.334409 564821.689925 564802.607193 564781.758113 564721.473775 564494.454286 564444.101760 564097.524021 563947.340211 563788.469204 563684.807862 563467.523276 563124.806395 562829.483165 562724.047447
5.217881 6.458631 6.656939 7.061353 8.270366 8.469184 9.489165 10.291448 10.488754 10.690458 10.887658 11.091329 11.287366 11.906177 12.104916 12.898246 13.102517 13.308999 13.514351 13.716822 14.105272 14.300765 14.508539 14.710650 15.319777 15.523944 15.726178 16.122896 17.124860 17.535273 17.739687 17.941270 18.141105 18.738086 18.936168 19.136128 19.940542 20.137712 20.943884 21.146557 21.348837 21.546014 21.749945 21.996340 22.321275 22.515860 22.935383 23.131665 23.342276 23.930321 24.130025 24.336803 24.541963 24.748728 25.136654 25.337662 25.536837 26.341944 27.140621 27.935305 28.132276 28.537316 28.733614 28.937978 29.150589 29.773631 29.970323 30.169505 30.370375 30.579515 30.783959 30.980939 31.191972 31.394019 31.589549 32.409183 32.611432 33.003878 33.200696 33.402801 34.218733 34.425581 34.622286 35.012883 35.410970 35.816033 36.210588 36.407325 36.608551 36.811039 37.207733 37.405182 37.597089 38.000478 38.209676 38.403988 38.604152 38.799705 38.999562 39.207495 39.403547 39.601940 39.995712 40.795183 40.994548 41.820164 42.431650 42.639100 42.842813 43.443048 43.641678 43.847590 44.047999 45.056261 45.252649 45.454838 45.659712 45.859045 46.059450 46.448981 46.853001 47.240496 47.442318 47.639475 47.840340 48.041027 48.236104 48.428931 48.635972 49.238470 49.836310 50.427152 50.621090 50.824137 51.236052 51.436794 51.639442 51.832221 52.023889 52.225346 52.425567 52.624898 52.825581 53.026043 53.229891 53.435129 53.836860 54.832947 55.032970 55.838339 56.028705 56.630255 57.420978 57.616712 57.812121 58.007198 59.003517 59.391953 59.593406 60.594232 60.787384 60.982041 61.180069 61.376956 61.979718 62.586098 62.980187 63.178067 63.762164 64.161348 65.150873 65.746102 65.948933 66.145594 66.543831 67.137406 67.338096 67.532633 67.728051 67.921421 68.113704 68.906383 69.301392 69.500893 70.102320 70.308042 71.111303 71.304246 71.506446 71.698324 71.890538 72.083464 72.273981 72.875447 73.075538 73.267374 73.468915 73.669013 74.456240 74.658728 74.851053 75.049030 75.243797 75.449752 75.653565 75.859439 76.057116 76.252848 77.041203 77.238118 78.410412 78.600789 79.178366 79.563171 79.758507 79.956628 80.159453 80.547508 81.333245 81.527924 81.916355 82.114457 82.315945 82.511460 82.713515 83.105102 83.302480 83.493914 83.691823 83.887632 84.077150 84.273715 84.476568 84.856803 85.648792 86.226381 86.421319 86.610838 86.804118 86.999660 87.190902 87.385732 87.578217 87.773283 87.967711 88.161101 88.361072 88.754719 88.962834 89.154306 89.346208 89.543886 90.504237 90.702700 91.297001 91.491385 91.710522 91.911575 92.103986 92.684584 93.084672 93.665872 93.865079 94.062787 94.833875 95.029281 95.225731 96.395852 96.588291 96.780697 97.543795 97.738264 98.502994 99.081994 99.275982 99.467423 99.660656 99.854263 100.049895 100.652082 100.850094 101.049565 101.240683 101.625276 102.019096 102.218735 102.420142 102.614182 102.809621 103.985110 104.381635 104.574672 105.563244 105.774479 106.170625 106.359200 106.556352 106.747495 106.951076 107.351361 107.737833
Elapsed_time: 107.737833
Score: 562724.047447
301
938260.756662 913100.883391 726659.154053 708341.015354 708135.813714 708014.051876 706903.724047 706330.886658 706316.676899 705897.600149 704130.874490 700941.733121 699617.174914 696880.470459 693845.599908 693663.906198 692123.962775 690300.987674 690140.698773 689025.909267 688662.445742 687720.615919 684450.922570 684434.392850 683530.649756 683523.389908 683263.595138 682935.117993 682893.680075 682855.516127 682470.174937 682441.684160 682366.974572 682122.970732 681141.930387 679174.658885 676727.291165 675055.580389 674260.166690 674063.513148 674017.157155 673853.039648 673512.924670 673147.208520 671665.983708 667404.924286 667386.897477 664845.967537 664805.442056 664273.737466 663915.680397 663769.793781 663404.732655 663385.249801 663164.248595 662995.891234 662665.119351 662633.922898 662585.977486 662567.798816 662281.474972 661819.569308 661309.048107 660671.625701 659888.182692 659048.396748 656629.959287 652692.435640 651933.973573 651198.972212 650548.662298 650506.219936 650473.697987 650273.683668 650165.589759 650116.975963 649801.718566 649628.702019 649559.212639 649315.534091 649093.866641 649010.773419 648399.540877 647605.694021 646842.042186 645184.988530 644666.337476 643974.704462 642706.466322 642427.376518 642393.975107 641896.048023 641685.905726 641160.835058 640345.632710 638565.478015 637595.737254 636660.809761 636101.575458 635676.838021 634825.369749 633957.287172 633852.386815 633806.633135 633677.428467 633266.197989 632499.641595 632487.199458 632459.368201 632226.153760 631969.674562 631722.960958 631626.812048 631394.789038 631066.205108 630979.405709 630806.815206 630698.109814 630646.981121 630458.143119 630272.779130 630081.064501 630047.850829 629959.136644 629887.213858 629686.173389 629523.219820 629489.282282 629298.392222 628719.266260 628276.785904 627723.913787 626767.877347 625703.962112 625487.474651 624953.947849 624921.356466 624869.189125 624768.675396 624614.087071 624420.086025 624067.166710 622971.593697 622211.862578 620920.479944 619633.114852 618062.796716 617776.766938 617596.902274 617513.196833 617301.489250 617048.669580 616576.733916 616282.417261 615984.523634 615880.665591 615143.117707 614190.754156 612834.641772 612227.977576 610499.535801 609428.392042 607704.409891 607677.654053 605815.896142 604660.661728 603385.905791 603349.889233 603166.149005 603005.536541 602809.093317 602677.230239 602429.385551 602057.298916 601608.044652 601179.713477 600805.762921 600536.736218 600502.372997 600340.699405 599842.856600 598676.038858 598644.608189 598539.410611 596053.537990 595114.860313 593938.155559 592238.049508 591055.090132 590776.427298 590640.944768 590587.373754 590526.308455 590284.714869 589803.542715 589768.843369 588849.731134 588189.824739 588183.726388 588182.452912 587924.464179 587526.036794 587283.908026 587058.349377 587013.866954 586767.723481 586398.157359 585384.092247 584268.041632 578437.225540 575856.860763 574799.821684 572303.564515 571820.257152 571656.583527 571488.667602 571455.589221 571411.616518 571319.247090 571178.001325 570869.005635 570809.078410 570651.446384 570596.385497 570432.600413 570285.840674 570015.202088 569714.415305 569593.884236 569209.029684 568814.236446 568627.199058 568356.883710 568144.470074 567380.997193 567340.480209 567340.402493 567058.641144 566789.666637 565170.959590 564419.591911 564392.914343 564202.987087 564032.035258 563698.479054 563522.646492 563465.911323 563436.524261 563102.066561 562808.978864 561601.753061 561560.964653 561162.453898 560838.303254 560642.177967 560289.549855 559805.871882 559562.403121 559515.577809 559266.697914 558809.258646 558444.661245 558083.370745 555947.250341 555381.983877 555219.546977 554399.423477 554327.318230 554243.491612 554105.421478 553992.189986 553387.206195 553234.775301 553174.149950 553125.998564 553096.474269 553037.359818 552885.539013 552520.012208 552365.953786 552225.234871 551800.965242 551637.665183 551388.561030 551003.019392 550443.290285 549248.271190 548125.638547 546861.435215 546234.408080 546195.324825 546063.817111 545843.603763 545627.051792 545589.859842 545238.948470 545141.457483 544716.447677 544471.144261 544377.229977 544370.635634
5.095103 6.377148 6.988988 7.188934 7.816918 8.027592 8.435161 9.047464 9.660692 9.878975 10.088611 10.294111 10.502838 10.714585 11.550198 12.418318 13.044593 13.260339 13.681442 13.895077 14.108286 14.734972 16.416732 17.482093 17.915716 18.332102 18.765797 18.976325 19.602943 20.449816 20.873730 21.295063 21.929516 22.140038 22.348588 22.568773 22.775571 22.991052 23.206955 23.421838 24.061868 24.281374 24.494572 24.704495 24.919192 25.128491 26.178740 27.222317 27.847874 28.060195 28.711147 28.918857 29.121707 29.751136 29.957840 30.173428 30.386975 30.598492 30.808775 31.637323 31.845815 32.049020 32.256991 32.671864 32.892249 33.097923 33.316619 33.742432 34.165694 34.372695 34.788875 35.417923 36.265179 36.477920 37.105374 37.310122 37.520528 37.733014 38.353710 38.767884 38.977806 39.394669 40.015691 40.222211 40.430311 40.645745 40.849177 41.055954 41.262825 41.691088 42.509119 42.716980 42.919365 43.122255 43.324724 43.526521 43.729759 43.936584 44.144711 44.357991 44.576933 44.792219 45.836746 46.454268 46.660477 46.864579 47.699403 48.119605 48.538964 49.148961 49.776407 49.993285 50.206626 50.627806 51.252040 51.662602 52.276913 52.485388 52.901834 53.103006 53.308096 53.514062 54.137897 54.350575 54.563450 54.776622 54.988526 55.191814 55.613955 55.819929 56.023844 56.238452 56.662033 56.870120 57.072167 57.288829 57.508222 58.550122 58.758782 58.961047 59.165774 59.372588 59.995672 60.412306 60.618244 60.823604 61.035559 61.459551 61.664226 61.880239 62.084367 62.286017 62.496902 62.706293 62.910186 63.111326 63.314725 63.521263 63.725545 63.931941 64.139123 64.342681 64.551803 65.379163 65.591063 65.804195 66.422725 67.259098 67.467959 67.681073 68.093347 68.302717 68.526382 68.736266 69.151054 69.359230 69.561256 69.976312 70.822318 71.031646 71.247197 71.457635 71.879458 72.083421 72.507711 72.722128 72.931721 73.137203 73.344901 73.982090 74.194341 74.601589 75.006767 75.213454 75.416522 75.616718 75.826969 76.044993 76.463883 77.085636 77.290241 77.731758 77.935574 78.139117 78.973708 79.176331 79.381641 79.595342 80.016130 81.061307 81.279824 81.700495 81.903410 82.120636 82.737424 82.950201 83.796315 84.426960 84.631438 84.840648 85.047268 85.258580 85.464547 86.299440 86.497484 86.911933 87.549640 87.750082 88.583790 88.793470 88.998521 89.419707 89.636192 89.838804 90.055952 91.117715 92.185545 92.599941 92.810265 93.227436 94.080624 94.504099 94.722883 95.154631 95.361970 95.578195 96.404081 96.603957 96.813728 97.635524 97.837140 98.046314 98.250206 98.450159 98.666799 98.880799 99.083685 99.729444 100.562744 100.770829 100.979031 101.189654 101.395864 101.608072 101.819473 102.232776 102.441959 103.288016 103.489204 104.118865 104.322693 104.528849 104.733011 105.342547 105.763425 106.201058 106.405874 106.616750 106.819038 107.448282 107.646142 107.869548 108.071401 108.278437 108.483269 108.704975 108.909030 109.108900 109.310394 110.148715 110.763089 111.190490 111.403891 111.610543 111.812693 112.851133 113.053162 113.256511 113.458081 113.875109 114.719701
Elapsed_time: 114.719701
Score: 544370.635634
