5
301
50893.653887 48737.938408 39955.805262 39722.583720 39706.882496 39632.034553 39608.663223 39509.553441 39429.643404 39413.190175 39309.810219 39023.490344 38608.702497 38182.871243 38116.995919 37938.698174 37831.102023 37721.731599 37558.701283 37258.365591 36915.682564 36900.100257 36797.704173 36725.515606 36557.615569 35978.253454 35714.635097 35455.985691 35181.408314 34991.697681 34809.077091 34347.015509 33823.851390 33689.447529 33664.939252 33580.986832 33486.323863 33420.917174 33359.602380 33092.032266 32874.909200 32862.685151 32593.759995 32572.807567 32460.479493 32343.896563 32211.726005 32050.517514 32037.432262 31995.316909 31968.163888 31920.546889 31853.376208 31848.378863 31763.007660 31712.297243 31649.685939 31516.686199 31352.621669 31232.011376 31206.355365 31134.890531 30529.235005 30440.326613 30353.806517 30307.631486 30124.943640 29914.081459 29173.469551 29157.661829 28967.487086 28855.632343 28746.331448 28639.763412 28481.631119 28252.443487 28039.259684 27905.741540 27844.883447 27641.420569 27512.892616 27303.555940 27203.541305 26989.592834 26985.409553 26837.672338 26751.995474 26625.911005 26381.587110 26092.605412 26066.292499 25748.932180 25424.711632 25404.697867 25134.076332 25065.431840 25058.511226 24881.739205 24817.572877 24805.519273 24663.431004 24500.592294 24358.257787 24215.766517 24129.009497 24113.705614 24109.738834 24070.507172 23969.073161 23737.107013 23464.947280 23427.620338 23384.920101 23358.786650 23312.151816 23288.523640 23241.780778 23114.071815 23029.820707 22944.733932 22752.287755 22622.833107 22537.961830 22462.469941 22315.160133 22202.235950 21839.772033 21817.423708 21765.036706 21713.309919 21559.119431 21394.442088 21389.586855 21333.205047 21302.583749 21215.647921 21102.911533 20935.218331 20881.966231 20880.150198 20767.526372 20764.223040 20740.096569 20632.557088 20562.794440 20558.358478 20455.685009 20387.344465 20320.558383 20315.123097 20262.092387 20234.370751 20193.452248 20165.490090 20090.751324 20008.146778 19917.349368 19838.320449 19759.656576 19709.657048 19653.978279 19573.782501 19541.095695 19410.297600 19346.601602 19317.702911 19253.713988 19189.134858 19147.070678 19143.011854 19109.208154 19101.124656 19096.924132 19079.369017 19045.658030 19026.805309 18984.768921 18900.951636 18820.814108 18784.913258 18745.760882 18717.697659 18636.065077 18563.063544 18508.862752 18431.691192 18355.950687 18254.553505 18191.388729 18135.907131 18127.755780 18096.349855 18071.276938 18037.114558 18022.784352 17998.295166 17971.610960 17912.119653 17910.051169 17885.971066 17847.531481 17807.729353 17746.635774 17703.560211 17648.160900 17583.250611 17562.971080 17506.353790 17452.574994 17421.772041 17379.625817 17347.246991 17330.448109 17278.469501 17254.374223 17245.923041 17222.508727 17184.686120 17129.613089 17096.548440 17053.232581 17030.508391 16982.815231 16948.586333 16926.131497 16914.692766 16888.262460 16843.061825 16792.904184 16766.548338 16715.435327 16673.140807 16635.787425 16595.275764 16557.738583 16526.097165 16492.509378 16471.885097 16456.345469 16437.559037 16419.265152 16392.016521 16364.458053 16342.586761 16329.576588 16307.498694 16284.096860 16262.410855 16230.203131 16210.649299 16188.530703 16175.373328 16164.606852 16133.951862 16114.483869 16101.879734 16097.647886 16089.656437 16069.620592 16045.196581 16038.064466 16020.313031 15998.010702 15981.203219 15960.118254 15939.453255 15916.965570 15887.762111 15863.828107 15862.330384 15847.282439 15834.213879 15819.067363 15793.933975 15774.048709 15741.702019 15738.649394 15699.230456 15678.892011 15658.873022 15630.840925 15610.728275 15603.538991 15583.018957 15565.605337 15549.506297 15536.092410 15532.735442 15524.922327 15514.318479 15499.964408 15486.575432 15473.319483 15462.614509 15454.036826 15445.027407 15438.752930 15433.472429 15425.425891 15419.169175 15412.850655
0.476685 0.531728 0.540663 0.550197 0.559430 0.577265 0.586131 0.594993 0.612613 0.630297 0.639187 0.648036 0.657289 0.666452 0.705951 0.714902 0.725668 0.734361 0.743076 0.752737 0.761710 0.798606 0.807647 0.818558 0.830389 0.841937 0.853299 0.863369 0.874553 0.884943 0.896119 0.904932 0.947608 0.998157 1.016999 1.025642 1.034216 1.042667 1.051819 1.060269 1.068735 1.102394 1.110825 1.163166 1.173255 1.183307 1.193362 1.203378 1.259684 1.282704 1.292592 1.302821 1.322744 1.362538 1.372301 1.382089 1.392158 1.403580 1.413573 1.425093 1.437904 1.450684 1.463677 1.484445 1.495966 1.506227 1.516057 1.525916 1.535761 1.566585 1.576606 1.596166 1.605930 1.615783 1.625669 1.635366 1.645184 1.654919 1.665424 1.675098 1.684713 1.694347 1.704010 1.713715 1.742816 1.752548 1.763016 1.782768 1.800070 1.808075 1.816124 1.824471 1.832572 1.841157 1.849089 1.857058 1.888691 1.896716 1.916271 1.925144 1.933060 1.941158 1.949474 1.958671 1.966517 1.982108 2.005621 2.013392 2.023158 2.031523 2.039424 2.055973 2.066863 2.083006 2.091427 2.111133 2.118882 2.135155 2.142819 2.151427 2.159251 2.166985 2.175980 2.191446 2.199120 2.207732 2.215894 2.238621 2.246778 2.254537 2.262447 2.269921 2.300004 2.307544 2.315220 2.324278 2.332391 2.339791 2.347040 2.371709 2.379380 2.394125 2.401438 2.408758 2.416015 2.430769 2.438172 2.447520 2.455011 2.476918 2.485745 2.493225 2.500446 2.517754 2.528293 2.537076 2.544671 2.554513 2.563453 2.570604 2.577780 2.585051 2.592416 2.601195 2.609165 2.617812 2.624875 2.631876 2.638954 2.667151 2.674171 2.696133 2.703140 2.710156 2.717161 2.731415 2.749175 2.758908 2.768041 2.776516 2.786147 2.800833 2.808223 2.817514 2.825956 2.833046 2.842227 2.850145 2.857227 2.864253 2.871289 2.878369 2.885380 2.892404 2.906436 2.913498 2.920518 2.928735 2.936198 2.943277 2.951410 2.959112 2.966736 2.976163 2.984457 2.993572 3.000647 3.008725 3.017097 3.024342 3.031282 3.045409 3.052685 3.059661 3.066578 3.080496 3.087938 3.095167 3.102749 3.110220 3.117927 3.126162 3.133172 3.140125 3.147093 3.154036 3.161129 3.169268 3.176278 3.183168 3.190140 3.197084 3.204835 3.212076 3.219733 3.226898 3.233973 3.240924 3.248050 3.255989 3.262919 3.271238 3.279221 3.286113 3.292987 3.299836 3.306715 3.314027 3.320915 3.327829 3.334967 3.342069 3.349437 3.358676 3.366780 3.373678 3.387644 3.394513 3.401738 3.408641 3.422688 3.429620 3.436532 3.443515 3.451814 3.459943 3.466816 3.473818 3.480854 3.487758 3.495051 3.501986 3.508908 3.516026 3.522926 3.530787 3.538068 3.545092 3.553886 3.561193 3.568127 3.575615 3.582544 3.589938 3.596866 3.604694 3.611910 3.625562 3.632377 3.639147 3.646053 3.652916 3.659821 3.666610 3.673455 3.680235 3.687432 3.694332 3.701619 3.710876 3.720434
Elapsed_time: 3.720434
Score: 15412.850655
301
53461.549512 51305.676640 45087.956483 43965.265887 43952.666468 42224.967644 42201.836707 42195.414970 42146.695583 42106.484627 42028.268183 41930.909228 41729.420449 41488.120560 41366.557453 41047.426981 40744.677032 40714.057597 40560.089093 40385.813161 40114.955667 39663.326100 39348.416184 39208.671166 39156.984575 39126.682219 39048.969957 38977.594062 38933.499531 38918.588139 38876.905457 38830.311473 38510.629755 38145.661450 38063.849601 38053.703577 37786.137218 37766.420286 37439.711545 37095.513974 37072.383692 37030.864850 36987.827259 36872.463157 36717.549403 36701.231808 36607.783693 36503.440798 36161.512322 35826.839433 35521.686642 34917.182219 34852.268254 34827.737652 34621.294262 34507.317357 34500.882463 34357.038278 34296.423193 34290.577646 34202.886077 34063.630028 33945.530725 33602.623784 33592.842049 33444.873333 33371.230690 33365.000678 33296.712107 33214.046753 33040.465200 32837.610977 32555.665577 32522.234330 32336.144674 32189.396186 31951.393610 31923.157918 31865.547764 31792.357870 31639.318036 31493.309295 31416.721830 31267.975227 30705.533046 30503.766002 30442.164375 30001.147534 29914.803667 29866.524181 29717.416366 29624.064319 29605.722359 29543.268126 29506.094249 29440.274505 29384.831261 29336.023868 29278.903689 29152.527272 28802.855054 28775.442416 28481.694932 28458.261251 28388.157368 28237.308995 28036.758851 27791.038705 27451.464003 27031.745046 27006.255675 26946.696931 26845.679836 26655.116434 26510.745057 26506.191355 26385.106729 26367.690302 26365.879329 26365.010542 26306.379809 26270.999795 26259.396073 26152.174003 26011.761455 25778.844273 25778.040542 25605.206145 25598.246258 25508.709870 25504.406374 25480.720729 25445.285274 25343.765168 25292.429970 25042.606659 24756.045600 24643.181777 24431.121896 24414.760585 24353.523036 24307.492501 24278.825771 24170.198851 24082.585709 23938.633356 23737.980412 23697.574296 23670.274703 23656.464156 23601.648627 23531.300215 23478.524530 23404.348563 23359.983856 23268.654329 23136.718930 23068.632544 23052.743643 22958.182890 22927.012886 22895.917112 22831.800778 22556.896547 22492.434483 22403.715551 22263.134495 22092.783027 22037.174662 21977.961285 21886.380052 21699.704916 21661.943767 21640.564069 21622.051541 21607.699288 21552.831985 21347.060462 21312.291930 21266.779343 21191.961239 21076.472793 20968.108229 20909.135931 20828.225702 20747.726808 20613.974167 20597.290136 20499.401346 20410.945822 20305.430337 20259.403441 20251.944887 20184.290968 20115.556102 20006.329028 19936.761174 19885.500836 19804.400751 19742.002433 19680.111852 19669.895348 19650.736783 19635.206618 19602.360549 19562.802189 19518.034916 19471.367133 19415.080204 19399.900523 19356.717749 19322.678796 19251.743938 19238.218944 19171.932806 19123.294414 19067.250162 19014.261416 18989.073370 18936.102435 18879.714475 18825.519152 18816.563780 18808.985058 18773.929993 18733.088115 18710.130230 18670.960053 18641.761053 18615.951702 18568.470422 18568.217998 18555.519031 18537.892816 18478.231528 18438.796579 18396.864455 18354.933161 18314.643243 18287.791642 18234.722626 18200.990871 18160.412942 18127.369866 18091.370785 18057.855150 18026.121498 17988.237682 17953.663026 17929.366348 17906.479101 17875.978186 17838.749561 17808.757970 17784.056170 17760.480937 17732.766934 17718.329613 17688.087780 17667.873927 17641.771982 17626.376913 17600.663987 17577.154201 17562.916294 17532.972443 17510.810379 17506.320293 17494.015453 17485.504441 17450.531566 17423.493231 17396.739716 17374.985944 17355.600421 17333.626867 17330.682936 17325.903304 17308.963817 17306.637543 17294.118920 17268.102004 17258.220511 17252.216183 17245.084367 17233.166063 17216.760362 17207.137189 17196.447810 17187.943648 17166.015392 17157.303368 17137.408797 17132.048674 17115.118420 17101.953315 17083.678641 17070.836784 17067.496839 17060.758424 17040.077307
0.471628 0.517292 0.527389 0.536300 0.585727 0.594675 0.650589 0.697139 0.706239 0.715493 0.724491 0.734072 0.743134 0.753008 0.762132 0.771270 0.780180 0.807362 0.817182 0.826240 0.835420 0.845290 0.854642 0.864808 0.875205 0.893527 0.902325 0.911192 0.920286 0.959972 0.971955 0.983771 0.995548 1.016006 1.024619 1.062699 1.071740 1.111722 1.123682 1.135181 1.171996 1.182462 1.191532 1.201075 1.210981 1.228291 1.237349 1.246498 1.273503 1.291658 1.300404 1.309129 1.344416 1.370425 1.379536 1.397580 1.406489 1.415396 1.424135 1.442795 1.451530 1.460137 1.478140 1.487235 1.517823 1.528132 1.537146 1.557409 1.565901 1.574531 1.583256 1.591875 1.610862 1.642345 1.650819 1.659341 1.667832 1.684702 1.693187 1.701649 1.710188 1.718703 1.727128 1.735599 1.744060 1.752538 1.760893 1.769290 1.777703 1.804107 1.821751 1.839839 1.865337 1.873633 1.882048 1.890414 1.898964 1.907231 1.918057 1.940787 1.951611 1.972088 1.980405 1.997886 2.006567 2.014824 2.023077 2.031356 2.041690 2.051776 2.095266 2.123032 2.131305 2.139465 2.147572 2.180397 2.190033 2.198218 2.214778 2.226193 2.244890 2.253046 2.261176 2.293853 2.301930 2.309895 2.344524 2.353515 2.381133 2.405141 2.437502 2.445535 2.453585 2.461625 2.477745 2.487405 2.498477 2.514532 2.522485 2.554241 2.562153 2.571354 2.595461 2.604900 2.621339 2.631976 2.639824 2.662972 2.670704 2.691704 2.700809 2.709908 2.720481 2.728509 2.751899 2.767627 2.775251 2.790557 2.805898 2.813548 2.821193 2.828899 2.836565 2.844279 2.859962 2.867909 2.875573 2.898743 2.915257 2.922823 2.930397 2.937948 2.945475 2.960490 2.968255 2.976786 2.985491 2.993136 3.020614 3.029190 3.036695 3.046178 3.054321 3.063049 3.070388 3.077685 3.084960 3.093158 3.101748 3.109898 3.117150 3.124574 3.146431 3.153742 3.160947 3.168079 3.175259 3.182378 3.189550 3.196611 3.203763 3.217965 3.225072 3.232142 3.247163 3.254264 3.262012 3.269768 3.276917 3.284113 3.291204 3.298241 3.305262 3.312462 3.319492 3.326461 3.333511 3.340563 3.347551 3.354554 3.361495 3.368612 3.382574 3.389595 3.396710 3.405169 3.412406 3.419932 3.429326 3.436509 3.446488 3.456596 3.466122 3.473242 3.480254 3.487399 3.494632 3.501834 3.509433 3.518682 3.528215 3.535847 3.545230 3.552735 3.560486 3.569746 3.579160 3.587734 3.594721 3.601681 3.608692 3.615806 3.622693 3.631438 3.640595 3.647625 3.654533 3.661456 3.668454 3.675342 3.682407 3.689498 3.696627 3.706576 3.714972 3.721984 3.731157 3.740009 3.746933 3.753955 3.760979 3.767985 3.775583 3.782499 3.789916 3.797395 3.804301 3.811865 3.818818 3.833114 3.839992 3.846970 3.853865 3.876219 3.883106 3.890022 3.897094 3.904495 3.914416 3.924280 3.933832 3.943066 3.952073 3.961238 3.971161 3.980648 3.990325 3.999951 4.019028 4.028853 4.038285
Elapsed_time: 4.038285
Score: 17040.077307
301
51001.334520 49049.250727 41336.192432 40946.006620 40944.697086 40531.570657 40521.129559 40449.236862 40397.754920 40218.800651 39908.113630 39384.089013 38611.314943 38593.781646 38517.140108 38504.702612 38501.045471 38343.805121 38252.266294 38243.908875 38141.139501 37996.292501 37848.907315 37627.814040 37328.931123 37103.310334 36993.940584 36809.644919 36628.038347 36602.364599 36509.774865 36486.842472 36394.018636 36318.628143 36053.697924 35436.132203 35428.552886 35197.292012 35092.280654 35026.689198 34906.737634 34727.012199 34665.461992 34592.304735 34413.683019 34113.600461 33970.233184 33859.576860 33754.069859 33618.294879 33528.099612 33262.450504 33026.536066 32946.029964 32868.174667 32690.686013 32238.284295 32124.479213 32107.935902 32042.177950 31841.787002 31809.894484 31722.421877 31667.672376 31527.149224 31455.488706 31313.714690 30903.635066 30632.255929 30499.961288 30328.110488 30218.117954 30126.893119 30046.176968 29964.790882 29770.511677 29364.462417 28970.487453 28950.899254 28713.491877 28711.115542 28590.874981 28551.888187 28546.305403 28498.410852 28420.514133 28387.592313 28380.622986 27992.408299 27862.140275 27602.027589 27361.579958 26886.461438 26867.950795 26713.071401 26597.845581 26570.790486 26556.191957 26506.869855 26479.489297 26470.665583 26447.568955 26371.401332 26300.818526 26123.894388 26102.289703 26036.366298 26008.908332 25940.478474 25771.877569 25589.924537 25406.275754 25131.100727 24934.441156 24734.020754 24528.804047 24508.737553 24505.749051 24504.966148 24471.247912 24455.733044 24431.869716 24326.453979 24247.570325 24170.786099 24113.569341 24091.285278 24065.424782 24036.538209 23969.137655 23874.273010 23778.964110 23697.280990 23594.355931 23518.994523 23438.715476 23358.254905 23157.848383 23078.969554 22953.636979 22828.825432 22802.471810 22770.771772 22699.155596 22612.766774 22527.095694 22451.223070 22367.439600 22250.295778 22161.150828 22085.106054 22084.999650 22011.198693 21984.414552 21964.778869 21917.685573 21828.899827 21718.173748 21659.984810 21556.592512 21500.015476 21413.617745 21326.117377 21255.587128 21182.657515 21127.962732 21071.277604 21016.341598 21004.703430 20981.062929 20979.501013 20912.891079 20848.919764 20802.757625 20753.697051 20689.578723 20630.927415 20574.254869 20536.915047 20477.499195 20421.841376 20374.376069 20326.746556 20272.357055 20219.346950 20175.394321 20128.444649 20083.463559 20035.426257 19977.824801 19975.153311 19952.929385 19933.767477 19908.594764 19839.055263 19824.638421 19771.665170 19742.160030 19703.087212 19673.358014 19666.269585 19627.502040 19612.635834 19583.160200 19560.764301 19541.617377 19515.023930 19460.839822 19411.659576 19371.575181 19354.913598 19323.967223 19300.763847 19273.344633 19239.263907 19206.622500 19168.570407 19136.551187 19103.080675 19060.294114 19020.935916 18997.006099 18968.712099 18939.966388 18909.153518 18879.038739 18872.377890 18849.036249 18827.856876 18805.785258 18796.494806 18768.446557 18742.504436 18712.606070 18688.982917 18658.042724 18616.447943 18602.310129 18599.606104 18584.967226 18569.053215 18567.891788 18552.879475 18538.176210 18536.072887 18517.687596 18486.355117 18444.105208 18416.696744 18375.922332 18329.982379 18306.644155 18275.060346 18226.540218 18204.059070 18178.871099 18152.706960 18122.167939 18108.522628 18060.551497 18026.924698 18000.230299 17987.631279 17980.340122 17959.508063 17921.528821 17911.411579 17887.532784 17876.400718 17866.906279 17835.518871 17829.431730 17787.908513 17759.526345 17731.734140 17703.009319 17690.167919 17666.003593 17653.516422 17643.954931 17635.051505 17617.497362 17600.946421 17588.234954 17572.572229 17558.529350 17543.917986 17532.296689 17519.789562 17508.918365 17498.915412 17490.943229 17481.886674 17475.270408 17466.780272 17459.556932 17452.470651 17443.994142 17436.077610 17429.413743 17422.554853
0.474873 0.525008 0.533940 0.551813 0.569667 0.581964 0.646248 0.655222 0.664211 0.673215 0.682157 0.691119 0.700148 0.756266 0.765043 0.775293 0.811650 0.820388 0.829317 0.847251 0.856045 0.865001 0.873760 0.883419 0.892515 0.901191 0.919138 0.929834 0.957441 0.969201 0.980420 0.992202 1.002926 1.012789 1.024593 1.036378 1.056513 1.066952 1.077863 1.086839 1.095496 1.104708 1.134886 1.145428 1.156589 1.167015 1.185951 1.194917 1.216441 1.228259 1.238329 1.248358 1.259345 1.283377 1.296273 1.306962 1.318629 1.349542 1.399188 1.409572 1.419506 1.461946 1.472612 1.484029 1.494579 1.505218 1.514867 1.523281 1.533914 1.545251 1.556542 1.567983 1.579632 1.588590 1.597169 1.605492 1.613763 1.621966 1.664851 1.673054 1.689751 1.697990 1.714451 1.730939 1.739560 1.751242 1.762432 1.783874 1.793516 1.812387 1.820520 1.828750 1.838095 1.846471 1.854450 1.862403 1.870501 1.887545 1.897329 1.913587 1.921655 1.929741 1.937828 1.946065 1.955536 1.964610 1.973661 1.991537 2.002171 2.022221 2.042381 2.052870 2.060951 2.068908 2.076740 2.100989 2.125174 2.132960 2.165232 2.180711 2.188450 2.206103 2.213874 2.231077 2.247645 2.257913 2.266246 2.273982 2.289599 2.299709 2.307563 2.315272 2.323148 2.339009 2.348190 2.357250 2.365755 2.374726 2.389698 2.397216 2.404593 2.419427 2.426916 2.434389 2.441905 2.449447 2.457267 2.465258 2.472699 2.480465 2.488039 2.495502 2.502932 2.517626 2.524918 2.532433 2.539771 2.547113 2.561738 2.569064 2.584151 2.592263 2.600580 2.607886 2.615178 2.622492 2.629758 2.636975 2.651454 2.658701 2.665922 2.673172 2.680539 2.687785 2.694945 2.702146 2.709493 2.716733 2.723961 2.733105 2.742628 2.752166 2.761857 2.771582 2.781110 2.799206 2.806369 2.814413 2.822790 2.829978 2.837842 2.845852 2.853071 2.860515 2.867639 2.874872 2.882743 2.892567 2.899639 2.906767 2.913838 2.920908 2.927960 2.935033 2.949236 2.956353 2.963630 2.972437 2.979642 2.988981 2.999181 3.008766 3.015988 3.023048 3.030207 3.037616 3.045412 3.052505 3.059916 3.070591 3.080614 3.090968 3.100401 3.110854 3.118815 3.128288 3.135475 3.143904 3.151358 3.158596 3.167399 3.176295 3.185316 3.194413 3.201529 3.208848 3.217363 3.224769 3.249257 3.257771 3.264877 3.281985 3.289477 3.296810 3.320288 3.329188 3.344195 3.351541 3.358709 3.366361 3.373939 3.381506 3.389469 3.396888 3.411490 3.418728 3.425855 3.433039 3.440485 3.447564 3.454695 3.461845 3.470096 3.478616 3.488820 3.496441 3.512498 3.521913 3.531087 3.539881 3.546806 3.553846 3.560755 3.567696 3.574592 3.581598 3.588581 3.595517 3.602427 3.609403 3.616379 3.623340 3.630517 3.637530 3.645359 3.652435 3.659459 3.666923 3.674144 3.682464 3.689750 3.696646 3.703617 3.710542 3.717657 3.724871 3.732715 3.741953 3.750974 3.758034 3.765146
Elapsed_time: 3.765146
Score: 17422.554853
301
48618.727435 46711.360581 39549.515268 39163.332837 38989.576414 38939.035582 38919.520283 38828.847926 38677.606803 38404.199498 37445.398322 37408.111291 37385.865196 37328.056350 37278.775291 37210.423952 37077.680464 36857.043069 36744.909857 36666.752495 36622.603890 36524.465220 36357.372533 36111.123703 35706.938683 35562.086863 35548.605913 35540.442178 35526.721566 35412.551962 35196.730119 35116.815114 35116.079547 35048.830568 35022.415187 35014.203057 34989.319320 34925.930915 34908.077460 34897.274174 34890.954697 34879.616041 34852.167429 34792.879803 34774.279256 34657.478396 34564.796841 34557.637387 34477.405973 34336.693686 34214.542163 34114.863591 33900.181464 33370.023375 33352.180533 33301.372494 33219.552061 33073.323147 33024.015646 32881.133404 32775.953740 32664.847585 32529.584353 32406.827683 32375.252525 32309.258334 32252.810840 32109.712684 31852.138931 31588.145294 31558.932228 31494.149438 31378.035418 31315.033750 31298.909904 31035.090880 31009.441447 30962.816687 30949.973677 30833.520553 30721.123462 30649.488853 30507.008385 30388.106497 30323.829898 30223.088605 30200.084782 30136.386978 30131.173146 29982.815361 29944.042188 29880.015015 29848.301046 29772.376132 29771.418303 29439.770993 29364.890114 29358.011407 29296.377520 29259.129681 29216.644181 29107.750210 28849.334572 28752.916311 28481.709019 28326.823430 28316.969402 28132.205625 28113.425762 28023.701165 27955.682375 27821.630434 27557.670785 27308.241823 27161.558932 27144.288608 27072.886245 27026.689823 26966.781444 26931.600730 26785.885320 26697.707470 26676.229212 26399.466999 26360.545056 26302.579016 26166.655696 26082.451884 25980.958630 25868.561203 25730.912447 25265.207794 25126.665293 25111.586458 25044.326471 25036.399840 24965.619801 24960.639360 24927.056918 24890.260833 24826.497159 24776.145179 24714.152470 24313.340518 24276.958682 24126.250842 24088.558483 23921.101724 23802.830959 23752.533740 23683.648934 23532.695028 23362.965508 23110.522661 22998.707084 22887.018271 22848.138182 22774.101456 22658.700806 22539.104693 22209.890404 22192.093128 22189.245436 22140.679449 22106.150046 22047.564358 21955.779349 21949.919055 21843.793784 21803.105020 21739.136243 21599.501636 21465.359909 21458.245127 21386.802379 21290.058180 21125.281975 21095.001172 21011.243406 20919.536204 20796.437366 20645.214060 20525.572096 20452.908598 20359.775419 20291.554437 20174.780978 20027.732328 20024.602659 19955.719174 19922.897856 19819.632148 19781.349379 19741.441983 19695.236030 19641.764429 19572.255379 19499.541372 19444.091175 19366.342534 19302.002664 19253.277616 19207.045777 19161.834431 19107.054448 19091.641818 19064.172311 19024.637818 18971.216943 18924.685804 18896.467259 18854.562004 18804.412885 18755.048918 18749.113895 18736.016543 18719.146695 18691.153501 18656.156553 18607.058259 18556.234531 18520.439161 18462.637430 18415.100898 18374.709408 18329.060105 18305.591375 18287.427192 18236.870216 18213.195752 18210.675872 18188.551236 18146.953647 18101.994620 18056.089545 18020.820770 17983.764915 17957.656774 17955.691097 17946.113960 17931.109295 17905.969558 17879.734292 17862.957088 17835.744477 17814.886081 17777.864737 17777.417193 17766.406113 17756.354537 17733.350499 17708.087051 17683.314310 17659.902895 17633.328160 17609.917111 17601.025971 17588.884412 17579.911638 17561.677821 17541.505522 17533.958009 17521.524436 17500.135933 17478.870477 17470.298719 17444.460273 17423.261861 17391.837940 17381.010004 17352.530221 17339.091567 17320.036564 17297.480960 17271.450195 17243.697836 17243.045295 17217.711913 17195.267180 17181.741446 17166.921307 17147.044873 17123.950190 17102.088792 17086.167684 17076.297062 17067.475593 17051.729992 17036.318081 17018.321112 16998.875061 16981.492018 16966.194401 16949.576664 16930.275231 16913.971076 16900.755052 16895.553940 16886.294287 16871.222686 16857.660717
0.476287 0.523729 0.532595 0.549903 0.567373 0.584867 0.602414 0.611171 0.619981 0.628758 0.637444 0.655323 0.681823 0.690560 0.699332 0.708125 0.743005 0.751760 0.777896 0.797145 0.806395 0.817126 0.826115 0.836161 0.847949 0.906226 0.948731 0.965686 0.974159 0.982952 0.993942 1.013853 1.039405 1.064900 1.073483 1.111179 1.122892 1.134760 1.143865 1.182403 1.225263 1.236109 1.247262 1.256408 1.267276 1.284722 1.293262 1.327234 1.335817 1.344724 1.354336 1.363029 1.372016 1.383437 1.435058 1.446433 1.458270 1.469784 1.478806 1.488170 1.499854 1.511272 1.521790 1.532254 1.542798 1.551377 1.560708 1.570360 1.579095 1.598689 1.628124 1.636434 1.645039 1.664118 1.690403 1.726767 1.754405 1.762820 1.779538 1.788060 1.797091 1.806113 1.814405 1.831082 1.851154 1.874186 1.926861 1.935832 1.952631 1.961684 1.970704 1.980525 1.992778 2.001429 2.009837 2.020104 2.045648 2.080391 2.088724 2.105332 2.121874 2.130113 2.138376 2.154891 2.163120 2.171343 2.187768 2.195984 2.212482 2.221512 2.230024 2.238242 2.246448 2.266251 2.283657 2.310421 2.318508 2.326701 2.343270 2.352158 2.361296 2.369381 2.393739 2.401830 2.417992 2.425984 2.434024 2.442122 2.450576 2.458977 2.467089 2.484417 2.501339 2.534155 2.542246 2.550876 2.559823 2.584745 2.592638 2.601534 2.610685 2.618544 2.626510 2.642156 2.665719 2.673790 2.684868 2.694178 2.703023 2.710822 2.718936 2.726690 2.734462 2.742178 2.749930 2.757530 2.765213 2.772870 2.780677 2.788442 2.796014 2.811449 2.843074 2.852157 2.867377 2.874896 2.882406 2.897370 2.904825 2.912512 2.919995 2.939331 2.949051 2.977933 2.985609 2.993049 3.000545 3.007996 3.017271 3.024822 3.032783 3.040382 3.048193 3.055716 3.062981 3.070162 3.077510 3.084697 3.098954 3.106228 3.113433 3.127705 3.134920 3.142193 3.149438 3.158444 3.166900 3.174078 3.181311 3.188441 3.195669 3.218077 3.225171 3.232723 3.239940 3.254109 3.261200 3.268291 3.275524 3.283804 3.291935 3.299083 3.306188 3.313458 3.328817 3.337472 3.351525 3.358502 3.365456 3.386590 3.393689 3.401862 3.409789 3.417319 3.426769 3.436017 3.443127 3.451348 3.458448 3.466430 3.491770 3.499221 3.506311 3.514608 3.522070 3.529162 3.536090 3.543060 3.570928 3.577863 3.584837 3.591806 3.598735 3.605666 3.612603 3.619896 3.626877 3.634535 3.642517 3.651416 3.660892 3.670280 3.678560 3.685968 3.693010 3.700070 3.707376 3.714792 3.721882 3.728776 3.735696 3.742671 3.749708 3.757144 3.764096 3.771880 3.779025 3.786020 3.793894 3.801003 3.808590 3.815702 3.822897 3.831011 3.837920 3.844932 3.852750 3.859825 3.866812 3.874363 3.881261 3.888149 3.895058 3.901953 3.908870 3.915750 3.922664 3.929497 3.936284 3.943125 3.950128 3.957052 3.963881 3.970841 3.977731 3.984605 3.991460 3.998314 4.005241 4.012107 4.019005
Elapsed_time: 4.019005
Score: 16857.660717
301
48709.535776 46890.238923 40750.519897 40300.007849 40293.549513 40108.018699 40041.984971 40019.208015 39947.235944 39916.948709 39884.116540 39806.711975 39679.602602 39228.050677 38640.642998 38381.686050 38284.801120 38281.012588 38167.412762 38135.166916 38074.542548 37999.958204 37979.593313 37855.033244 37853.951521 37817.149379 37739.909572 37606.867295 37603.867670 37554.618898 37522.795426 37457.230509 37246.968237 36894.074549 36583.869923 36559.131281 36540.277637 36496.211145 36412.586655 36275.414482 36091.980028 35778.823525 35454.164911 35416.602086 35392.135997 35135.362371 35114.636121 34998.644992 34874.382639 34844.567383 34781.624649 34663.109071 34117.491645 34109.118137 33908.646185 33821.030732 33686.423176 33546.868375 33417.183968 33301.847744 33116.321600 32836.921780 32510.552300 32319.616344 32246.671362 32117.634509 32097.222562 32069.033125 32006.438618 31851.181262 31699.384461 31572.382893 31428.409919 31338.232238 31214.327442 31040.447739 30639.596162 30213.044416 30195.438759 30128.532178 30081.561480 30060.916805 29947.796019 29734.625341 29671.163855 29561.307078 29513.619699 29438.797737 29424.013454 29407.286028 29179.404004 29044.982762 28936.321728 28813.966735 28724.365137 28565.314263 28401.960231 28128.690959 27670.336706 27547.663297 27531.285754 27321.704764 27267.149380 27239.694899 27143.676803 27081.030382 26907.901687 26903.860888 26862.969863 26597.306725 26586.886777 26585.467646 26459.074652 26412.773637 26254.618626 26071.221493 25907.641892 25666.950446 25513.415118 25252.515757 25173.226486 25084.661297 24946.855267 24540.910798 24536.903261 24534.251561 24453.479725 24425.990683 24396.512547 24368.863418 24311.633735 24216.592480 24084.696652 24078.619143 23994.675440 23954.748178 23886.577694 23842.017891 23767.979006 23664.632845 23527.048182 23333.066318 23329.711754 23324.116938 23223.647463 23167.486527 23088.162446 22990.323998 22803.770855 22783.520071 22762.548355 22674.479017 22532.704785 22407.213970 22288.309801 22140.195091 21995.315691 21851.059016 21691.685952 21598.131087 21594.384440 21566.542344 21517.294554 21423.808431 21376.945350 21271.718307 21209.549910 21203.726217 21184.329989 21094.225554 21058.573298 20962.472242 20879.543109 20805.423233 20725.082902 20634.647692 20550.456068 20529.703428 20460.937390 20384.749887 20289.694932 20202.528166 20115.680382 20032.241931 19992.916776 19952.623379 19914.296800 19909.587732 19860.358179 19812.850692 19755.336580 19707.091517 19653.238255 19601.897587 19541.921572 19504.313685 19458.881888 19406.923348 19353.019702 19328.980249 19316.660160 19291.721560 19237.251603 19217.791806 19178.279740 19141.353045 19076.317156 19056.582252 19038.849472 19021.990285 18967.726257 18895.645794 18885.348016 18862.673601 18840.632677 18796.218255 18764.604733 18758.147963 18711.582660 18674.878840 18624.359791 18580.122162 18533.839341 18454.090386 18423.313153 18373.984672 18310.980165 18254.657417 18197.913755 18134.030647 18114.182044 18081.913942 18029.246636 17989.368355 17955.860171 17915.710135 17860.324719 17857.414271 17796.257585 17748.378098 17700.935869 17657.700640 17656.206650 17639.224547 17620.327782 17613.310540 17602.026173 17590.756612 17519.979401 17468.650525 17415.003995 17357.879225 17307.382788 17263.709585 17224.149417 17213.075077 17161.929296 17096.675105 17033.678166 16948.703744 16916.735381 16878.621814 16846.831563 16802.464349 16768.513105 16721.233573 16675.666793 16641.188616 16633.840611 16619.117475 16578.570142 16546.478100 16517.585268 16484.880672 16452.569253 16429.824677 16425.370981 16404.249131 16378.982090 16356.633897 16323.487641 16301.519980 16278.455747 16256.632975 16234.786464 16215.910188 16193.539093 16176.485609 16159.684912 16141.173786 16137.308937 16122.205426 16104.161996 16082.794239 16063.181124 16055.140979 16025.916609 16004.098192 15983.240290 15955.035646 15949.481978
0.464187 0.511405 0.520292 0.538513 0.592080 0.601141 0.619245 0.628124 0.637078 0.646010 0.654920 0.663787 0.672875 0.682420 0.691223 0.700003 0.708899 0.717582 0.726489 0.735320 0.755188 0.794700 0.838310 0.847111 0.865776 0.874671 0.883439 0.893961 0.920689 0.929472 0.938224 0.947085 0.956050 0.966095 0.984468 1.020807 1.031621 1.040283 1.066284 1.074840 1.085329 1.095986 1.104615 1.114024 1.124144 1.134045 1.145672 1.158635 1.168328 1.195507 1.204110 1.221318 1.229827 1.246811 1.255398 1.263949 1.273007 1.285276 1.297502 1.311355 1.321515 1.329998 1.338536 1.348617 1.381768 1.390220 1.415543 1.447583 1.458924 1.470640 1.482091 1.493660 1.504704 1.513937 1.522285 1.530716 1.541161 1.560067 1.597533 1.606095 1.624502 1.641070 1.665789 1.674548 1.693509 1.704948 1.721615 1.729789 1.738047 1.762723 1.772259 1.781424 1.798025 1.806382 1.814699 1.823645 1.840718 1.850410 1.861227 1.870901 1.900999 1.909578 1.925889 1.934007 1.942086 1.950146 1.958712 1.966643 1.974612 1.982648 1.990678 2.006599 2.030907 2.041933 2.052864 2.063430 2.073553 2.083713 2.102031 2.110080 2.127858 2.135707 2.143719 2.151466 2.167796 2.208904 2.217108 2.242938 2.250720 2.258485 2.266249 2.281591 2.296928 2.312150 2.319849 2.335949 2.344524 2.353220 2.360818 2.368641 2.377136 2.385672 2.400715 2.430718 2.438316 2.453635 2.461116 2.469097 2.478480 2.504476 2.512172 2.519994 2.527808 2.535446 2.542965 2.550546 2.559187 2.569370 2.576907 2.584231 2.618963 2.628742 2.636278 2.644882 2.654416 2.663649 2.673639 2.698209 2.705473 2.712743 2.727085 2.734250 2.741459 2.749108 2.756537 2.765661 2.775486 2.790336 2.797392 2.804578 2.811612 2.818661 2.825750 2.832806 2.839919 2.846934 2.872532 2.882777 2.891212 2.900942 2.911110 2.921207 2.931297 2.941113 2.950992 2.958955 2.965965 2.973354 2.981665 2.998478 3.006718 3.016000 3.023289 3.030282 3.037339 3.044950 3.053044 3.061580 3.069726 3.077199 3.084212 3.091218 3.105696 3.112715 3.119850 3.128884 3.136366 3.153378 3.160529 3.167693 3.174729 3.184203 3.193365 3.201558 3.211007 3.219467 3.229085 3.238452 3.246555 3.255705 3.272738 3.281984 3.289389 3.296404 3.303401 3.310485 3.317596 3.325589 3.332642 3.339709 3.346905 3.353859 3.367750 3.374672 3.381607 3.395422 3.402400 3.409278 3.416296 3.423323 3.431026 3.438629 3.445628 3.452810 3.461557 3.471594 3.481855 3.491197 3.498874 3.508295 3.516964 3.537855 3.544723 3.551732 3.558693 3.565672 3.572701 3.579784 3.596206 3.603323 3.610349 3.618097 3.625099 3.632801 3.640402 3.647370 3.661087 3.668095 3.675047 3.683423 3.691405 3.698612 3.706352 3.716420 3.724650 3.731559 3.739076 3.747349 3.755589 3.764607 3.773858 3.783838 3.793445 3.803598 3.812145 3.819339 3.826165 3.832994 3.839854 3.846728 3.862506
Elapsed_time: 3.862506
Score: 15949.481978
