5
301
1552382.318336 1495630.551577 1453632.206139 1420432.654764 1369856.688095 1115440.607034 782106.076270 582045.827515 446626.464647 289259.020867 244012.015709 205475.679726 175334.397048 156082.479132 153621.201458 153302.229214 153073.092754 152302.683315 151119.506820 148496.587882 138646.763862 123048.675212 118204.032137 118197.601550 117692.904531 117589.291772 117563.302627 117233.653737 116838.254361 115955.232210 114818.906048 114809.778175 113365.134207 110508.936957 108979.327565 108646.427107 108503.861252 108249.695608 108233.605842 108113.710752 107967.896908 107793.950504 107686.494505 107491.618195 107206.373638 107018.366176 106888.316151 106597.646717 105384.681049 104450.055777 102890.934323 102887.739895 102805.946059 102589.237250 102368.503039 102072.810477 101648.803587 100481.308604 99860.922037 99468.280176 98684.979497 98527.921989 98513.358815 97603.731364 97381.848401 97172.764904 96646.778340 96185.183908 95740.092356 95707.294459 95634.243519 95504.854339 95271.161587 95191.712703 95061.411199 94987.491064 94835.006909 94659.204432 94091.660730 93444.799950 92545.015434 91655.633593 90870.782648 89444.326108 88213.675789 88131.637632 87923.186322 87845.464666 87776.143232 87528.730442 87343.088732 87064.134740 86706.138381 86505.087950 86454.253060 86232.194825 86091.920477 85982.104355 85822.785696 85278.128906 85222.248480 85190.813195 85073.774490 85013.707674 84792.262985 84513.745280 84337.934805 83924.218662 83913.064101 83594.354076 83086.086804 82583.398794 82496.773497 81289.904051 81180.155967 81140.525441 81041.135481 80846.708155 80586.341649 80520.228686 80301.684470 80112.623322 79928.335531 79584.809496 79306.332930 79177.910413 79071.764400 78890.983253 78699.856342 78602.434800 78342.422102 78136.871115 77973.849632 77826.372272 77591.463848 77590.724197 77413.693804 77375.571592 77120.010221 76983.659238 76957.069912 76785.380764 76723.085337 76593.820285 76547.722739 76295.155768 75877.705015 75003.179659 73293.472094 72576.372112 72365.696946 72360.782714 72240.919185 72221.917974 72060.052729 72002.907285 71918.006886 71836.177944 71398.413267 70650.727138 69893.220370 69793.372788 69779.591766 69220.175915 69150.895180 69145.376691 69088.171072 69011.032147 68916.778506 68876.152527 68663.513373 68460.676822 68242.039041 68142.968442 68140.380083 67991.105898 67932.277261 67775.529655 67733.479737 67523.629907 67356.933134 67333.012131 67125.691166 67081.775467 67059.402415 66986.268314 66787.412575 66441.533925 65951.858174 65155.751441 64779.701521 64552.698050 63880.980471 63344.906509 63025.615388 63021.287179 62946.887994 62916.618937 62854.460437 62848.728732 62815.779412 62656.614130 62486.970609 62010.420280 61902.948777 61846.190136 61726.967052 61657.571946 61639.042806 61611.214207 61562.486811 61345.404217 61243.155978 60724.909874 60370.861035 60181.924760 60155.001069 59967.830601 59863.918257 59711.199179 59695.618005 59669.829303 59609.783911 59595.723667 59507.786022 59414.887731 59234.319998 58987.368971 58981.632799 58855.157779 58795.333515 58767.281655 58598.851545 58566.042432 58505.365769 58398.948580 58305.551710 58267.724109 57896.901403 57771.444809 57655.287225 57593.819113 57450.828694 57433.598175 57302.339817 57295.021933 57166.917352 56995.916834 56852.889775 56317.512600 56031.402096 56022.043713 55912.738288 55872.438686 55536.946760 55426.312736 55344.483959 55330.087580 55306.394265 55214.264991 55156.081771 55102.761667 54900.851835 54740.215338 54699.142798 54632.472584 54572.913074 54408.762559 54284.966734 54219.315459 54124.289191 54032.668267 53984.942906 53971.159007 53953.481203 53812.268898 53530.043756 53471.373513 53420.188107 53348.707635 53091.826284 53015.718002 52953.715116 52908.981116 52859.892813 52514.312594 52510.243399 52460.849529 52454.844044 52443.002052 52265.643357 52117.896528 51770.519978 51476.656033 51260.373099 51220.918611 51200.091780 51124.816399 51052.237297 50974.977918 50814.377463
0.000047 0.021554 0.033186 0.046571 0.059443 0.073372 0.085740 0.097260 0.109186 0.119620 0.131160 0.141945 0.153366 0.163714 0.174078 0.185250 0.196020 0.206886 0.217999 0.229636 0.253762 0.269055 0.296806 0.321973 0.346237 0.358512 0.400896 0.411705 0.422635 0.436627 0.450705 0.495234 0.505905 0.538614 0.549179 0.587870 0.598680 0.612772 0.625987 0.637452 0.650739 0.662650 0.673488 0.685012 0.695570 0.706078 0.716627 0.728067 0.738834 0.749513 0.812314 0.887015 0.897978 0.908526 0.919078 0.929573 0.941386 0.952482 0.963191 0.984594 1.009661 1.056303 1.119742 1.130274 1.140884 1.151406 1.201021 1.215431 1.241223 1.262417 1.310785 1.322970 1.333609 1.365379 1.378213 1.392028 1.404154 1.454201 1.467790 1.478305 1.488844 1.499429 1.509987 1.520534 1.531090 1.584033 1.595760 1.617108 1.627768 1.638394 1.649433 1.660396 1.671015 1.681828 1.705696 1.716979 1.727548 1.738304 1.749212 1.772655 1.814766 1.825573 1.862720 1.883879 1.894481 1.905758 1.917939 1.932203 2.006854 2.020196 2.045065 2.058126 2.069342 2.104647 2.138824 2.173924 2.185198 2.196363 2.229050 2.251127 2.262094 2.273938 2.284503 2.295005 2.326498 2.337046 2.347603 2.358148 2.369021 2.379916 2.418528 2.430427 2.464385 2.502083 2.552845 2.589901 2.602112 2.634522 2.646646 2.657143 2.688720 2.699292 2.733645 2.748275 2.760846 2.773765 2.784464 2.795286 2.806100 2.827624 2.838277 2.869670 2.891175 2.901916 2.914474 2.924960 2.935600 2.946800 2.958210 2.971556 2.982484 2.992899 3.024122 3.044871 3.078907 3.132021 3.142505 3.152988 3.163453 3.174065 3.186015 3.198638 3.209179 3.221397 3.231822 3.242289 3.273706 3.284970 3.298842 3.342452 3.352954 3.363378 3.373786 3.384300 3.416018 3.426592 3.447720 3.458262 3.468754 3.480670 3.491056 3.501507 3.511890 3.522258 3.532516 3.596037 3.655177 3.685773 3.696177 3.727030 3.737294 3.747576 3.757814 3.768136 3.788756 3.799004 3.809334 3.829796 3.841179 3.893808 3.904298 3.915021 3.945851 3.956191 3.966453 3.976679 4.019731 4.030317 4.040892 4.051300 4.082040 4.092271 4.104786 4.114988 4.126048 4.137892 4.148158 4.159091 4.169575 4.179797 4.190231 4.212593 4.222847 4.246363 4.258083 4.268285 4.314724 4.324873 4.334948 4.366060 4.386670 4.396824 4.407018 4.417118 4.464939 4.495353 4.506839 4.516864 4.526961 4.537040 4.547103 4.567229 4.587338 4.597407 4.617509 4.627422 4.668941 4.695888 4.707852 4.717973 4.728029 4.738296 4.748299 4.759492 4.805497 4.815389 4.825348 4.836047 4.863546 4.874725 4.895402 4.905580 4.915629 4.969035 4.979215 4.989151 4.999008 5.020780 5.051453 5.061513 5.071858 5.091933 5.102698 5.123564 5.133617 5.143568 5.183169 5.205090 5.237885 5.247771 5.258427 5.269433 5.279417 5.289698 5.299431 5.328203 5.366951 5.376592 5.386246 5.395939 5.405594
Elapsed_time: 5.405594
Score: 50814.377463
301
1563956.947789 1509191.792399 1473197.997186 1433516.123252 1378036.127656 1146731.218545 713139.688770 536905.697389 431033.419095 347139.827228 255505.973899 183867.957575 169057.082121 152917.521459 147856.236037 147666.571286 146160.621988 145001.861754 141720.171300 137087.089522 122009.115945 118672.541566 118589.337655 118466.584424 118399.244887 118023.910692 117375.961769 116747.373701 116212.372422 116004.467673 115173.201825 112853.174621 112731.102937 112246.852770 112111.239979 112096.936540 111925.669868 111488.307270 110215.652290 108837.930038 106860.925974 104917.053274 103171.774106 103113.027734 103056.175109 102913.704463 102902.915571 102864.505046 102800.058553 102787.854494 102691.602831 102510.337454 102187.929083 101832.712212 101232.296924 100979.376594 100769.074416 100295.988920 100173.087130 100082.660711 100048.794713 99983.154161 99694.370388 99418.400052 99155.766148 98913.773478 98655.464788 98481.812289 98025.251528 98013.556428 97793.815376 97663.674355 97591.867788 97187.765014 97119.584294 97106.734376 97066.468864 96963.688853 96838.115157 96582.161315 96311.332011 95669.906643 95353.282031 95117.810182 94596.194976 92579.115469 91898.724700 91889.083993 91812.278391 91654.165001 91541.559103 91364.263087 91291.358644 91106.671031 91051.146550 90968.640990 90798.028363 90698.269682 90475.735589 90244.744886 89663.384807 89539.838258 89397.287322 89374.582797 89267.028321 89081.610604 88986.593405 88694.537447 87927.969233 87656.979142 87623.669488 87377.887488 86787.831412 86747.937497 86600.102342 86599.186583 86581.190098 86557.858595 86466.845269 86363.211084 86065.967115 85843.747350 85561.228656 85367.409890 85248.392538 85141.179211 84807.349947 84488.388234 84219.909756 84028.562893 83360.345388 82828.272598 82727.156263 82689.082545 82517.789709 82464.732412 82238.554263 81941.209254 81644.877892 81572.601241 81390.726884 80704.359750 80313.524631 80266.488431 80142.899351 79723.551640 79642.464881 79201.276193 78678.662402 78579.301977 78549.534748 78441.605701 78363.733034 78227.853993 78154.065219 78010.145278 77585.354139 77180.291383 77066.716054 76945.141995 76862.199125 76822.263745 76142.404280 75703.299217 75020.542412 73729.814638 73136.037113 72670.432579 72561.393799 72469.631131 72369.607574 72232.496107 72178.177998 72176.148214 72108.345049 72068.367761 71638.283152 71318.383764 71277.152584 71266.486706 70959.825451 70933.223913 70821.407848 70787.700747 70639.212742 70415.787326 70370.809429 70332.782141 70313.542159 70285.067390 70166.595129 70054.431705 69776.531552 69485.864299 69000.924666 68738.256144 68716.253605 68603.794979 68485.184169 68299.624985 68001.632393 67521.859304 67206.123895 67114.254357 66744.069209 66334.854030 66123.004211 65841.990316 65501.431128 65468.456224 65436.999926 65306.489742 65280.175260 65251.440632 65155.291544 65066.215526 64922.054831 64908.664445 64816.700758 64294.806957 64031.232623 63587.800578 63363.610569 63239.113557 63144.297346 62414.939422 62386.654704 62254.346572 62228.146617 62215.593224 62103.821900 62006.611057 61684.199085 61007.396759 60758.478548 60619.022766 60313.696575 60298.149697 60280.147853 60279.176806 60226.461344 60191.642394 60098.886484 60042.341381 60016.409436 59898.668265 59803.238107 59471.546377 59279.435177 58767.789625 58664.097256 58645.822338 58603.008625 58312.696434 58187.676381 58131.792485 58114.709920 58043.011899 57960.849492 57835.040919 57624.189474 57495.089683 57315.797581 57122.944451 56874.304019 56677.142825 56520.468164 56503.438145 56470.433552 56413.972042 56307.089391 56064.299160 55742.180578 55304.135983 54983.759223 54873.552276 54800.432329 54578.305736 54376.496824 54275.114923 54121.303138 53898.953628 53784.436226 53744.299095 53698.981041 53606.903032 53382.218745 53349.332988 53346.280502 53310.035635 53272.633960 53212.122354 53048.394356 52917.792262 52886.241226 52768.470517 52549.112961 52063.406646 51631.988537 51591.559549 51534.487229
0.000061 0.030510 0.041327 0.052145 0.062864 0.073572 0.084127 0.094616 0.105084 0.115787 0.126199 0.137176 0.149034 0.160381 0.170746 0.191739 0.202086 0.212391 0.222813 0.233272 0.254747 0.267966 0.336057 0.346715 0.357306 0.367985 0.378593 0.410461 0.421058 0.465637 0.476316 0.487322 0.498060 0.508815 0.546011 0.579598 0.591023 0.601733 0.612466 0.623779 0.634403 0.645022 0.666438 0.688580 0.735932 0.750433 0.806044 0.816899 0.854146 0.896940 0.908324 0.921274 0.932120 0.943828 0.957864 0.968551 0.979148 1.010807 1.021384 1.093773 1.104553 1.115126 1.128965 1.140085 1.150890 1.164983 1.177917 1.188471 1.199052 1.209685 1.220463 1.242895 1.264300 1.287451 1.300346 1.376321 1.387005 1.397738 1.408432 1.419139 1.429797 1.451928 1.462953 1.475750 1.487823 1.498387 1.579049 1.651950 1.674019 1.685998 1.697284 1.728974 1.739545 1.763527 1.779304 1.790133 1.801154 1.812261 1.823031 1.856030 1.877750 1.889192 1.899971 1.923034 1.933842 1.946249 1.957180 1.970103 1.981117 1.993829 2.007528 2.018188 2.028867 2.061601 2.073484 2.138240 2.186400 2.208547 2.219187 2.229836 2.240484 2.283498 2.294217 2.304870 2.315511 2.326231 2.336908 2.350267 2.364549 2.375260 2.409890 2.441707 2.452770 2.484522 2.496305 2.518405 2.529871 2.540625 2.552568 2.564769 2.575342 2.586028 2.598548 2.610813 2.622210 2.634052 2.656975 2.689516 2.727262 2.753879 2.787961 2.830188 2.840732 2.851229 2.861778 2.872601 2.883849 2.905651 2.949410 2.959910 2.981037 2.991624 3.002183 3.045256 3.057350 3.073936 3.086248 3.100695 3.115822 3.130078 3.164376 3.188510 3.198996 3.240885 3.251457 3.261973 3.272586 3.285280 3.306593 3.346532 3.358043 3.368570 3.389596 3.401461 3.412590 3.423157 3.447015 3.484361 3.494877 3.505345 3.526296 3.536804 3.547235 3.557717 3.568546 3.609242 3.676194 3.688709 3.700689 3.714458 3.725988 3.737594 3.749177 3.760733 3.772234 3.783742 3.795316 3.807165 3.818743 3.830282 3.876845 3.891972 3.944509 3.956702 3.968247 3.979733 3.991217 4.014351 4.027378 4.039177 4.051167 4.063897 4.076178 4.088154 4.100201 4.134750 4.158689 4.193186 4.243732 4.260115 4.273764 4.285210 4.298066 4.311810 4.324026 4.335672 4.348339 4.360531 4.410137 4.458917 4.470337 4.481828 4.514339 4.524682 4.557697 4.567975 4.579541 4.591531 4.614230 4.625456 4.648631 4.689681 4.701707 4.712537 4.722657 4.772380 4.803919 4.814066 4.824158 4.834261 4.844395 4.854407 4.864401 4.874802 4.885548 4.900142 4.925836 4.978074 4.988185 4.998200 5.008173 5.018236 5.028389 5.038411 5.071160 5.082650 5.094664 5.104789 5.116306 5.126940 5.137135 5.149571 5.183888 5.195446 5.215740 5.225738 5.235720 5.256008 5.298427 5.308383 5.320090 5.329971 5.339900 5.349996 5.369980 5.380964 5.391044 5.402415 5.424525 5.447469 5.458776
Elapsed_time: 5.458776
Score: 51534.487229
301
1532191.343003 1477184.645982 1439864.434371 1402532.999868 1353575.198448 1198241.764904 873543.798676 590961.764748 455571.097528 362296.236730 303092.740319 206537.300231 186264.797607 166279.889791 160391.352675 160249.791770 160044.213014 159661.017976 158836.258820 158231.104013 155269.113529 155226.139807 141926.557904 134825.212083 130654.824393 121058.473271 119798.010939 119691.624271 119573.369754 119402.718310 119088.819403 118955.349937 118504.960339 117954.650805 117849.779559 117481.542643 116810.288017 116539.337512 116229.561224 115642.340116 115008.482444 114943.059913 114868.678587 114647.302278 114421.452542 114140.784105 113894.775551 113710.059012 113417.227512 111704.792323 111165.305547 110933.754937 110372.686661 110351.509903 110261.670126 109737.795299 109705.624984 109625.871529 109584.756624 109423.701524 109222.925640 109079.504343 108617.036782 108418.039582 108137.162622 106959.989597 106003.887797 105621.021476 105602.755472 105517.392967 105414.424469 105131.699108 104925.472809 103811.316074 102779.658530 102057.247862 100909.323400 98276.426632 97083.892744 96902.636815 96897.143175 96683.096021 96425.415752 96294.919562 95852.394116 95651.018817 95596.977593 95472.567186 95279.488647 95003.277816 94899.479111 94837.307593 94604.750533 94304.244879 94278.848140 93837.391129 93820.643481 93442.227570 93269.607269 92708.953102 91817.398900 91001.240058 90698.591015 90369.470186 90357.182583 90272.125663 90250.878873 90234.919975 90215.648287 90206.828128 89920.662850 89766.305699 89686.148006 89451.843764 89259.878738 88991.958793 88616.709350 88076.640676 87814.202015 87671.451949 87586.134401 87363.824389 87212.953537 87183.485501 86952.119765 86929.783676 86905.333152 86662.960053 85758.068342 85746.193835 85663.271119 85258.619760 83561.636713 83521.848570 83399.473818 83236.255066 83140.221609 83041.695193 82888.983330 82736.790106 82447.114337 81620.628917 81029.280453 80501.966211 79494.154078 79442.306731 79402.695001 79338.802434 79326.377037 79211.535104 78931.556989 78836.204487 78788.810741 78733.824691 78660.308487 78569.865712 78449.371538 78222.350058 77917.254987 77869.767492 77431.155993 77122.768542 76933.987639 76859.848223 76756.304233 76741.604229 76445.006670 76375.627880 76291.042077 76183.141249 76124.212792 76112.015590 76074.442002 75944.510700 75803.132233 75622.988027 75589.873350 75544.205036 75407.610571 75305.144152 75128.495092 74847.335272 74682.152395 74374.637015 74345.540174 74253.461846 74007.059264 73980.613102 73963.581872 73876.063072 73760.085645 73630.935057 72965.180091 72913.718095 72665.395530 72484.430819 72091.448816 71566.266873 71093.472521 70975.862151 70922.485733 70828.055226 70675.833318 70371.857602 69941.000195 69841.232750 69800.291336 69693.222746 69552.396596 69157.913178 69067.411538 68458.077013 67933.665592 67521.927520 67349.371875 67343.979366 67271.934271 67126.370278 66983.652675 66927.123984 66850.951389 66780.447998 66567.140875 66550.387873 66511.247211 66435.917810 66268.584580 66080.259460 65673.043058 65361.530125 65243.043014 65154.047575 65023.634439 64986.353016 64783.456558 64777.906671 64725.753559 64649.821226 64557.273376 64516.665480 64405.853612 64154.037887 63505.875330 62924.603901 62823.032406 62531.758314 62354.786570 62061.802060 62026.055665 61884.516125 61811.427229 61803.142999 61762.265603 61632.670748 61437.054874 61024.587216 60857.112760 60063.333520 59901.357245 59867.104041 59816.378717 59798.094399 59783.657081 59738.511910 59669.268022 59338.664717 59322.434156 59303.986925 59103.842675 58929.161168 58684.378631 58676.969879 58673.322000 58619.513156 58518.753501 58439.227531 58133.500285 57958.446747 57899.827645 57842.641528 57774.538286 57593.388144 57488.763000 57359.366074 57328.816548 57249.264056 57071.928544 56881.262719 56598.080858 56389.108641 56134.950759 55889.825520 55833.559229 55809.654698 55802.852972 55716.921120 55662.650110 55584.579837 55446.074149 55412.773253 55270.489565
0.000043 0.023652 0.034538 0.046147 0.057233 0.068870 0.079420 0.091031 0.101432 0.112322 0.122722 0.133099 0.143370 0.153637 0.164615 0.175690 0.186012 0.196271 0.206684 0.217202 0.228484 0.298944 0.312718 0.323919 0.334551 0.401592 0.444338 0.478236 0.499542 0.510563 0.521466 0.533102 0.543880 0.565813 0.587090 0.598037 0.609207 0.620279 0.631874 0.643199 0.654818 0.680299 0.705352 0.715942 0.726646 0.737243 0.747882 0.758472 0.769043 0.779693 0.790321 0.801785 0.815710 0.848314 0.862428 0.873423 0.907097 0.917994 0.928832 0.939933 0.950749 0.961744 0.974246 0.997785 1.012317 1.036204 1.046950 1.082850 1.140424 1.151924 1.162707 1.173408 1.194990 1.205819 1.218475 1.232888 1.258909 1.269714 1.291382 1.327400 1.359606 1.370210 1.380810 1.391379 1.422965 1.444179 1.465644 1.477015 1.488014 1.499897 1.511266 1.553902 1.564598 1.575263 1.596564 1.607752 1.618480 1.629630 1.640226 1.650901 1.672165 1.683228 1.694117 1.718133 1.778905 1.789626 1.800395 1.811136 1.821852 1.843425 1.855756 1.868045 1.881609 1.893539 1.905448 1.919729 1.933323 1.946842 1.957781 1.980850 1.991563 2.002285 2.013023 2.049856 2.093872 2.147262 2.157850 2.179254 2.211926 2.256250 2.267257 2.278111 2.311702 2.347179 2.358379 2.369047 2.402097 2.412881 2.423671 2.434294 2.444874 2.455371 2.466147 2.476975 2.520883 2.559082 2.599905 2.610674 2.647735 2.659825 2.670560 2.683516 2.730020 2.740606 2.773983 2.786885 2.798466 2.813177 2.863549 2.912419 2.923984 2.946767 2.957401 3.012187 3.055846 3.097963 3.108638 3.119532 3.155396 3.166767 3.190156 3.234088 3.244832 3.255632 3.267708 3.281237 3.306114 3.327301 3.360300 3.371201 3.382775 3.394262 3.406094 3.417181 3.438504 3.449051 3.459591 3.492315 3.516602 3.530782 3.544681 3.556863 3.601396 3.657277 3.678429 3.689030 3.699588 3.710100 3.731090 3.741519 3.788946 3.812832 3.823333 3.833892 3.892275 3.906518 3.928051 3.938651 3.950989 3.963271 4.004957 4.015452 4.025955 4.057205 4.088486 4.119806 4.130205 4.140830 4.152088 4.164707 4.175903 4.186417 4.197007 4.259164 4.271027 4.285045 4.295725 4.306845 4.318015 4.331192 4.377315 4.399945 4.410416 4.420979 4.475740 4.525434 4.539645 4.553562 4.565082 4.596235 4.606589 4.620565 4.634671 4.648611 4.685449 4.697707 4.709379 4.767908 4.802639 4.815037 4.828036 4.876713 4.888250 4.898679 4.909016 4.919432 4.929761 4.940034 4.950298 4.960515 5.015610 5.025780 5.056208 5.066308 5.076506 5.086736 5.096878 5.127380 5.137640 5.148196 5.184681 5.223092 5.278367 5.289963 5.302184 5.312403 5.324129 5.334598 5.369106 5.382617 5.392863 5.403008 5.413141 5.423290 5.444514 5.460175 5.479728 5.511919 5.522776 5.533136 5.543341 5.553697 5.580068 5.615444 5.629709 5.644274 5.657803 5.671548 5.683863 5.717621 5.731172
Elapsed_time: 5.731172
Score: 55270.489565
301
1521101.892850 1467404.798327 1435199.519296 1407903.608581 1366113.305692 1153301.865609 803248.915909 606026.762024 473408.661590 341158.284724 288058.477111 211645.116374 169239.251626 157096.940339 151329.783026 150837.478598 150722.373973 150125.284052 148957.592783 146960.368760 141946.617476 122440.687320 118362.892370 115950.853235 115862.622415 115708.573246 115644.524267 115258.193927 115140.015509 115094.286646 115032.844037 114751.229449 114715.500953 114476.261506 114116.414017 113797.004854 113327.749381 112966.608090 112371.873231 112073.076926 112018.594007 111126.836647 109385.758307 105858.499613 105203.864640 105047.343823 105008.639947 104896.210612 104725.259929 104428.252809 104197.468023 104132.606337 104122.739356 104039.790316 103933.928404 103759.870277 103624.201833 103294.106175 103199.329885 103030.450439 102843.649332 102461.633106 102275.403198 102098.014056 102041.938026 99576.413313 98840.725808 97586.776896 97433.550438 96790.374670 95955.980653 95586.856408 95289.856172 95096.498599 94809.602081 94592.266929 94341.317000 94321.468427 94249.113485 94145.399880 94087.268977 94026.250057 94020.344889 93909.221263 93628.773192 93447.481846 93251.742014 92972.849063 92770.773143 92295.704204 91645.754210 91601.906759 91488.495493 91234.067117 91189.128256 91079.638558 90913.321555 90755.047889 90389.573330 90382.643040 90304.916383 90267.460201 90088.265860 89884.797828 89767.184347 89439.570716 88830.086326 88389.007434 87829.941081 85991.771666 85891.143245 85474.318561 85431.556219 85174.612575 85014.621622 84970.115763 84912.331147 84720.893300 84510.140750 84448.493810 84199.228339 83786.366595 83641.318753 83380.038083 83070.686724 82836.363969 82835.998486 82814.034033 82776.227268 82669.290449 82448.359275 82125.982708 81328.991860 80983.075771 80873.788712 80743.808248 80653.652932 80463.188232 80127.639636 79894.169789 79420.275787 79404.027483 79392.952747 79030.121899 78873.394876 78794.845022 78681.743339 78484.520638 78372.514220 78221.372536 78162.051959 78028.948845 77961.673670 77925.952255 77909.444613 77797.958600 77593.651353 77497.033871 77124.163979 76990.061713 76538.777115 76311.200384 76214.479203 76184.164616 76094.475416 75996.406723 75900.748319 75886.958627 75820.271846 75688.276576 75401.529889 75364.993143 75088.559315 75036.478860 75020.781182 75009.599688 75003.630222 74998.748615 74914.117870 74806.477586 74704.991786 74630.177597 74597.295545 74299.007568 74078.897474 73838.669320 73683.026185 73468.245640 73401.901462 73342.247154 73299.260267 73024.343888 72806.780594 72576.730728 72116.713816 72075.634967 71938.887901 71859.327015 71847.647429 71691.564653 71536.413357 71169.625104 70707.937430 70614.465756 70560.469607 70451.882399 70430.677408 70123.140693 69882.557185 69780.262652 69397.005201 69276.280000 68474.848769 67556.915047 67088.384317 67061.656437 66892.524697 66721.145127 66649.969084 66631.233334 66605.401949 66493.539009 66290.938024 66019.902822 65868.950959 65833.728071 65808.738699 65800.365283 65707.703821 65618.757860 65273.294187 64984.076216 64713.424474 64684.861412 64551.074251 64201.021722 64061.983456 63908.348756 63826.146859 63768.797384 63732.718656 63680.093804 63431.348514 63408.986617 63351.798353 63259.896068 63114.543281 63001.435484 62993.814602 62911.987944 62774.646027 62525.942423 61946.726281 61737.381902 61627.103145 61610.541106 61589.147253 61563.718480 61531.363255 61525.677432 61505.776173 61471.184053 61456.966134 61381.402972 61274.123352 61022.944703 60575.767474 60401.740874 60383.987335 59706.156524 59164.952786 58820.881003 58611.090692 58550.701185 58459.774719 58435.747270 58378.287529 58282.400060 58134.879103 57718.230027 57675.850741 57485.491017 57177.220380 56864.090750 56529.279636 56411.662297 56237.406571 56224.265790 56180.920879 56123.773118 55925.914556 55780.533857 55528.219031 55398.411154 55311.448897 55073.497397 54666.408319 54510.908616 54354.345235 54073.783847 53945.558812
0.000048 0.021839 0.033225 0.043933 0.055405 0.066062 0.076985 0.089965 0.101595 0.111970 0.122283 0.135028 0.145276 0.155467 0.165656 0.176132 0.188187 0.201961 0.216014 0.226955 0.237360 0.247997 0.258674 0.280003 0.290853 0.314016 0.324661 0.336189 0.347220 0.393412 0.404110 0.416387 0.468190 0.479475 0.500901 0.513110 0.524669 0.535321 0.546626 0.557568 0.578858 0.603198 0.615032 0.626893 0.638690 0.697902 0.712818 0.728593 0.745381 0.757335 0.770109 0.807513 0.880236 0.892258 0.904984 0.917323 0.930741 0.942533 0.966402 0.978804 0.991289 1.003234 1.079352 1.091403 1.117779 1.128514 1.139179 1.149834 1.171148 1.181939 1.194234 1.205424 1.216163 1.227745 1.239665 1.250969 1.273608 1.327507 1.338092 1.348664 1.369796 1.390961 1.443948 1.454730 1.466935 1.481067 1.493876 1.507135 1.518584 1.529298 1.541680 1.599162 1.609790 1.648104 1.660811 1.687981 1.700613 1.711847 1.723611 1.747588 1.758790 1.780051 1.791988 1.803933 1.815898 1.829636 1.844642 1.855805 1.870302 1.904317 1.968102 1.978749 1.989687 2.011868 2.023131 2.034072 2.088884 2.099690 2.110428 2.123047 2.133831 2.147315 2.176631 2.190896 2.205232 2.233518 2.270145 2.323471 2.334195 2.344830 2.355447 2.366286 2.389193 2.399790 2.420956 2.431477 2.442039 2.452578 2.484259 2.494923 2.541639 2.552310 2.574333 2.595452 2.606274 2.617930 2.632135 2.645064 2.658483 2.685370 2.741016 2.752093 2.780406 2.803748 2.845861 2.856705 2.868062 2.883306 2.898358 2.910182 2.921473 2.934301 2.959271 3.027866 3.038375 3.059907 3.113608 3.128068 3.142213 3.155924 3.193352 3.227503 3.238304 3.261397 3.306292 3.329015 3.339534 3.375739 3.388173 3.398901 3.411849 3.435231 3.445842 3.456494 3.467124 3.477707 3.488529 3.499174 3.509732 3.521621 3.545058 3.557464 3.570027 3.581300 3.616235 3.650763 3.661225 3.692610 3.724328 3.734787 3.745336 3.755803 3.766240 3.776730 3.787255 3.797758 3.818737 3.829209 3.870928 3.881531 3.892328 3.904515 3.932146 3.945614 4.002926 4.015029 4.052737 4.065010 4.095828 4.137404 4.149309 4.163342 4.176906 4.187486 4.200925 4.242945 4.255191 4.314708 4.327883 4.338350 4.348866 4.370444 4.381105 4.413313 4.423935 4.434394 4.445027 4.455434 4.486563 4.499510 4.531851 4.546437 4.562145 4.603025 4.624081 4.634638 4.648332 4.673219 4.713159 4.725483 4.738842 4.749134 4.759381 4.769752 4.811271 4.845571 4.866191 4.889193 4.920841 4.951689 4.972255 4.984084 5.007293 5.017618 5.029317 5.039832 5.050170 5.070779 5.114190 5.124581 5.146557 5.157932 5.168393 5.188638 5.198721 5.239077 5.249140 5.259202 5.269315 5.289857 5.356266 5.366705 5.376708 5.386750 5.396763 5.416454 5.426485 5.476069 5.486034 5.495990 5.506169 5.516180 5.526158 5.575814 5.585727 5.595670 5.605659 5.617922 5.628114 5.638336 5.648291
Elapsed_time: 5.648291
Score: 53945.558812
301
1517966.564021 1465553.911761 1429563.563626 1398649.724226 1361461.877495 1200857.296208 816630.153301 586644.816553 440891.005305 299182.904670 268745.830093 221331.398300 160444.435186 154126.804383 152869.241466 152697.736686 152613.647826 151725.186173 148421.523622 142328.772198 140108.056611 140060.586174 138804.981559 134221.812765 128989.784177 128330.460259 119559.941874 118935.049495 118914.686961 118662.608890 118527.787201 118184.165830 117648.293658 116806.524178 116615.381980 115444.116516 115126.801789 114635.976683 113632.114264 113470.302790 112955.676609 111869.453254 111853.586663 111373.734886 110300.747482 110161.448185 110056.699697 109874.531961 109594.074181 109200.332001 108956.892395 108721.691886 108413.889874 108164.768630 107955.547926 107808.615369 107647.590061 107450.570588 107251.127833 106875.319815 106586.449348 106102.077954 105721.556391 105220.983065 104770.831696 104666.796098 104327.269819 104311.800953 104029.960623 103963.640514 103807.617503 103463.992290 102991.075001 102366.524539 102102.434461 99965.610367 99673.765431 99591.829905 99121.843688 97734.016532 97700.462547 97686.452808 97592.716147 97444.591980 97209.601434 97107.486497 97102.567455 96899.344097 96735.302901 96712.820519 96556.032650 96372.986432 95865.401198 95214.170512 94869.369701 94007.674987 93574.160636 93242.818129 92561.738028 92415.625914 91990.894633 91815.221852 91693.229470 91567.710805 91314.400872 91027.390038 90544.305940 89927.769187 89695.739144 86994.594851 86455.521765 85633.336399 84865.127192 84811.854975 84672.553762 84291.264127 84110.856057 84076.404887 84012.482900 83892.242909 83597.152623 83383.218108 83188.277061 83133.782015 83057.777037 83049.073628 82990.495873 82954.099643 82936.843959 82878.470292 82830.657116 82784.708969 82774.647689 82694.735105 82693.616289 82600.074951 82510.742265 82366.005381 82222.566881 82041.151257 82029.898608 81901.360799 81801.390395 81717.631863 81709.886514 81563.612579 81344.775200 80825.867460 80410.173112 80041.538842 79294.401338 78858.376599 78664.750469 78600.141180 78396.481004 78189.725087 78143.749345 78121.429502 77872.358469 77838.520630 77827.813060 77775.459793 77563.480895 77520.589050 77270.465465 77098.607438 76363.700024 75914.727613 75649.155640 75202.994825 74699.621366 74665.267484 74536.420671 74339.485309 74199.009230 73934.766305 73755.103553 73519.220630 73404.124532 73168.775031 73083.817127 72961.253459 72800.889322 72641.046752 72372.028790 72357.870141 72206.322285 71967.644206 71927.697471 71785.734602 71688.852737 71615.495714 71350.794609 71214.165650 70924.144202 70393.880796 70099.362554 69492.207748 69214.722580 69000.986933 68618.905254 68519.895151 68499.417431 68494.075887 68444.704528 68435.157295 68388.972850 68352.706927 68293.328179 68229.336025 68122.067740 67963.571279 67316.269772 66639.755914 66279.490472 66028.968434 65890.908596 65742.025074 65522.244681 65411.095769 65400.853187 65245.961717 64999.285330 64915.399882 64722.790306 64649.495793 64583.109997 64567.982172 64032.595997 63785.123591 63684.976230 63502.787184 62973.835941 62844.454486 62522.566205 61623.367650 61560.126959 61452.198507 61343.785700 61311.829688 61294.880104 61279.957753 61269.850202 61208.531027 61120.130022 60977.850670 60579.427043 60376.842436 60213.485513 60078.056557 60020.917792 59998.290062 59953.017936 59891.767189 59613.016064 59574.411953 59540.599163 59468.508113 59373.743149 59262.144638 59146.505319 59091.002213 59043.607163 59030.504244 59004.591952 58937.517066 58762.757123 58621.991807 58316.979704 58170.323427 58015.156111 57975.728051 57769.452222 57749.221287 57701.491859 57655.748352 57458.655175 57208.751998 57055.826676 56988.352266 56898.507488 56815.525383 56693.791990 56417.084381 56090.989294 55760.852140 55583.554193 55564.527930 55469.417655 55369.809034 55126.246909 54876.442796 54862.409932 54846.327667 54800.972619 54787.261282 54525.849946 54400.074451 54318.289781 54271.024253 54102.038403
0.000043 0.021362 0.032055 0.042773 0.053823 0.064835 0.075295 0.086079 0.096956 0.108784 0.119004 0.129262 0.139454 0.149632 0.170065 0.180236 0.190508 0.200721 0.210998 0.221502 0.231895 0.278479 0.326239 0.337789 0.359337 0.380549 0.391163 0.422521 0.465259 0.476029 0.490659 0.504151 0.514891 0.536579 0.548348 0.559765 0.572744 0.583889 0.594485 0.615651 0.636884 0.658024 0.733068 0.743609 0.754205 0.764751 0.775354 0.785956 0.796683 0.807444 0.828644 0.839634 0.850750 0.862306 0.877031 0.888045 0.898581 0.910437 0.921142 0.932196 0.942991 0.954914 0.965808 0.976439 0.987398 1.008891 1.019729 1.075935 1.086705 1.108056 1.118766 1.129764 1.144606 1.159628 1.205994 1.223823 1.252716 1.318122 1.328766 1.371216 1.404178 1.473122 1.486739 1.501668 1.516145 1.544799 1.560071 1.612319 1.625755 1.651963 1.662738 1.677374 1.691690 1.702369 1.713048 1.756177 1.787735 1.867796 1.878502 1.899880 1.948999 2.000103 2.011202 2.035199 2.045849 2.056402 2.066968 2.077596 2.088105 2.098617 2.120178 2.134873 2.149726 2.163684 2.174256 2.207261 2.229200 2.256891 2.268395 2.279163 2.290442 2.304383 2.380606 2.406750 2.446411 2.509069 2.519725 2.543142 2.587899 2.598427 2.619760 2.657968 2.668443 2.679040 2.689699 2.715413 2.727205 2.741245 2.751900 2.762489 2.815262 2.825902 2.847317 2.907204 2.932687 2.943329 2.953937 2.964732 2.997356 3.007881 3.018425 3.028924 3.039741 3.051819 3.078696 3.089419 3.101321 3.154164 3.164677 3.175196 3.207128 3.217726 3.228568 3.260842 3.271536 3.283025 3.293578 3.304340 3.339390 3.355138 3.370097 3.408227 3.418749 3.429318 3.440238 3.450752 3.462805 3.473259 3.483754 3.494344 3.505631 3.517327 3.527962 3.540865 3.551803 3.594924 3.605868 3.616450 3.626961 3.637572 3.648102 3.660411 3.670848 3.691870 3.702382 3.715865 3.730562 3.744149 3.755157 3.768625 3.796393 3.828445 3.873376 3.887923 3.925709 3.977779 3.989343 3.999908 4.010406 4.020837 4.031378 4.043290 4.054755 4.065595 4.076404 4.108009 4.118422 4.159580 4.169915 4.180279 4.211093 4.221427 4.262519 4.272796 4.293074 4.303195 4.344401 4.376438 4.387819 4.409356 4.433649 4.444093 4.454452 4.465986 4.476585 4.486781 4.527424 4.547899 4.558065 4.578441 4.610843 4.631333 4.685847 4.697336 4.707531 4.717725 4.727899 4.738060 4.748356 4.758534 4.788956 4.839529 4.849679 4.859801 4.870005 4.920689 4.930915 4.941129 4.951578 4.962700 4.976498 4.990178 5.030689 5.054957 5.076889 5.087198 5.097403 5.111064 5.137695 5.147657 5.179003 5.190212 5.200297 5.220612 5.233142 5.244226 5.254598 5.265184 5.275582 5.285802 5.295836 5.305899 5.316732 5.326770 5.336791 5.346873 5.367062 5.418926 5.428921 5.438958 5.448875 5.458742 5.508356 5.519135 5.530401 5.541775 5.563144 5.573378 5.583620 5.594279 5.604988
Elapsed_time: 5.604988
Score: 54102.038403
