5
301
7476.526043 7164.241487 6175.988149 6160.083843 6144.290777 6140.753528 6115.009406 6102.173133 6037.803014 5996.859749 5955.184183 5879.531752 5859.543687 5773.905440 5665.720768 5560.139749 5464.482102 5319.892739 5282.239167 5264.957430 5181.100259 5152.657121 5089.822541 5035.442719 4907.891720 4872.301113 4808.909954 4748.581364 4667.360498 4562.766181 4501.989634 4488.025542 4462.616073 4430.433426 4371.485511 4282.983866 4240.194781 4192.342516 4139.446457 4055.513425 3994.824075 3918.005226 3836.896854 3798.610731 3692.244878 3651.766496 3578.864233 3471.834405 3381.703730 3376.919583 3344.009340 3296.827159 3266.559865 3190.714275 3146.559646 3110.351231 3073.039886 3041.899338 2990.914447 2948.249340 2900.726925 2864.362400 2828.092715 2815.991047 2789.291992 2758.843225 2736.435719 2721.471993 2702.391785 2672.763548 2649.734054 2644.391888 2629.872588 2620.488488 2597.821269 2594.021964 2578.687570 2556.273499 2529.374706 2517.202125 2499.551228 2480.803342 2463.741749 2443.835264 2425.110710 2407.898675 2392.169013 2369.029926 2365.195955 2346.740256 2332.135493 2323.332800 2311.382885 2291.668589 2273.534555 2266.051944 2264.888859 2259.215928 2249.996719 2239.323284 2225.345851 2212.838029 2209.281409 2196.677783 2181.065372 2163.820325 2157.361405 2137.946178 2122.830759 2110.427910 2098.417710 2094.956869 2089.577186 2077.515313 2066.366782 2062.666771 2053.248769 2038.504694 2026.873962 2014.395441 2003.691332 1992.423002 1980.811839 1968.849171 1965.457222 1951.693274 1940.630635 1928.817843 1921.345879 1905.057290 1885.199764 1874.615684 1864.247500 1855.144838 1850.844930 1833.201418 1820.399003 1802.989378 1784.373581 1773.729776 1762.374603 1751.912046 1749.084924 1744.931832 1735.523840 1732.413263 1710.802147 1698.892318 1691.310018 1687.998038 1683.973222 1681.707677 1677.453564 1669.513138 1662.360387 1657.258165 1651.334699 1645.016984 1639.700323 1636.571135 1634.493951 1632.932443 1630.286788 1626.007961 1622.942261 1618.919873 1613.216345 1610.309692 1606.602971 1602.640052 1598.939404 1594.600847 1589.369836 1585.923141 1582.735115 1579.575437 1576.097090 1573.081144 1568.637008 1563.283502 1560.134073 1556.655909 1553.802365 1550.304090 1546.882299 1544.551152 1542.332720 1539.598853 1537.258535 1534.554622 1531.686756 1528.686061 1527.470824 1526.622520 1524.164035 1522.633026 1520.695526 1518.296016 1514.461784 1511.149675 1506.766397 1502.936175 1499.257203 1497.691234 1496.135501 1490.921612 1486.102129 1481.585576 1477.106116 1473.191142 1470.720142 1467.343825 1463.630520 1461.307389 1458.803519 1455.558627 1454.424562 1452.510110 1449.698842 1447.919220 1445.844333 1443.811476 1442.026133 1440.081964 1438.290797 1436.215890 1434.413015 1432.870321 1431.099291 1430.215989 1428.456471 1427.083142 1425.787053 1425.056010 1422.694236 1420.874066 1419.315637 1417.524038 1416.198247 1415.210220 1414.387856 1413.226375 1412.489461 1411.448907 1410.212476 1408.888561 1407.828057 1407.047081 1405.951859 1404.750243 1403.638321 1402.123102 1401.286412 1400.471600 1399.811015 1399.125706 1398.429974 1397.295870 1396.557055 1394.840596 1393.340773 1391.568980 1389.427036 1387.923966 1381.534650 1375.516005 1373.937305 1369.871028 1366.456453 1364.005964 1361.796454 1360.480936 1358.727737 1357.174961 1356.657696 1354.574654 1352.889305 1351.614944 1349.914024 1348.796999 1347.353006 1346.259273 1345.517054 1344.522411 1344.017149 1343.108697 1342.360984 1341.569627 1341.061016 1339.972839 1339.004421 1337.456446 1336.482886 1335.397313 1334.316517 1333.657793 1332.810749 1332.115181 1330.963619 1330.486955 1329.554741
0.038916 0.041916 0.043337 0.046279 0.046992 0.048381 0.049086 0.049796 0.050485 0.051879 0.052611 0.053295 0.054740 0.055437 0.056130 0.056855 0.057582 0.058283 0.061003 0.061712 0.063060 0.063748 0.064431 0.065102 0.065808 0.067125 0.067786 0.068453 0.069128 0.069839 0.070497 0.072494 0.073149 0.073828 0.074489 0.075159 0.076542 0.077262 0.078006 0.078680 0.079337 0.080019 0.080669 0.081329 0.082025 0.082651 0.083289 0.083931 0.084560 0.085190 0.085847 0.086467 0.087090 0.087691 0.088316 0.088938 0.089590 0.090231 0.090911 0.091597 0.092359 0.093150 0.094025 0.094837 0.095648 0.096410 0.097136 0.097868 0.098538 0.099176 0.099803 0.101013 0.101614 0.102207 0.102798 0.103981 0.104563 0.105156 0.105807 0.106383 0.106981 0.107576 0.108167 0.109947 0.110544 0.111138 0.111725 0.112297 0.112877 0.113457 0.114053 0.115229 0.115793 0.116368 0.116929 0.117511 0.119292 0.119890 0.121017 0.121594 0.122162 0.122728 0.123310 0.123885 0.124455 0.125031 0.125614 0.126197 0.126765 0.127344 0.127919 0.129034 0.129615 0.130764 0.131325 0.132473 0.133044 0.133615 0.134177 0.134759 0.135905 0.136482 0.137061 0.137634 0.138186 0.138757 0.139325 0.139883 0.140454 0.141014 0.141601 0.142151 0.142715 0.143279 0.143821 0.144389 0.144939 0.145502 0.146043 0.146604 0.147162 0.147713 0.148811 0.149366 0.149912 0.150467 0.151032 0.151582 0.152139 0.153250 0.153815 0.154352 0.155438 0.155991 0.156533 0.157098 0.157643 0.158211 0.158764 0.159305 0.160391 0.160943 0.161502 0.162051 0.162592 0.163146 0.163677 0.164764 0.165307 0.165885 0.166423 0.166967 0.167505 0.168060 0.168593 0.169122 0.169677 0.170232 0.170767 0.171312 0.171849 0.172402 0.172937 0.173484 0.174020 0.174576 0.175114 0.175657 0.176186 0.176726 0.177269 0.177809 0.178888 0.179447 0.179981 0.180521 0.181049 0.181599 0.182144 0.182691 0.183232 0.183783 0.184326 0.184859 0.185409 0.185943 0.186490 0.187033 0.187576 0.188113 0.188657 0.189200 0.189743 0.190282 0.190823 0.191361 0.192427 0.192980 0.193513 0.194054 0.194582 0.195121 0.195645 0.196207 0.196746 0.197295 0.197838 0.198365 0.198898 0.199418 0.199954 0.200490 0.201090 0.201638 0.202174 0.202695 0.203229 0.203749 0.204285 0.204818 0.205356 0.205888 0.206952 0.207494 0.208019 0.208553 0.209089 0.209629 0.210159 0.210693 0.211219 0.211759 0.212286 0.212823 0.213364 0.213902 0.214453 0.214980 0.215514 0.216037 0.216570 0.217096 0.217674 0.218201 0.218750 0.219281 0.219820 0.220341 0.220881 0.221427 0.222082 0.222710 0.223255 0.223777 0.224299 0.224817 0.225345 0.225897 0.226440 0.226973 0.227508 0.228547 0.229080 0.229607 0.230128 0.230647 0.231188 0.231712 0.232237 0.232765 0.233317 0.233840 0.234374 0.235313 0.236198 0.237049 0.237859 0.238490 0.239090 0.240245 0.240867
Elapsed_time: 0.240867
Score: 1329.554741
301
6459.687069 6173.129755 5280.385911 5263.863231 5210.340012 5182.677025 5116.695815 5084.498365 4923.015763 4845.276544 4729.937504 4636.247925 4546.747973 4453.090259 4351.875983 4322.277447 4286.228424 4261.817780 4250.703711 4212.614917 4190.626640 4176.992398 4119.790206 4093.670777 4074.645012 4012.326230 3998.770089 3917.988385 3898.972343 3882.076792 3858.684618 3843.564003 3805.182224 3774.008314 3740.483034 3555.483427 3478.007903 3409.640561 3362.829593 3322.645355 3265.461267 3204.516220 3145.966666 3085.536638 3042.957677 3008.160944 2970.792881 2929.254235 2865.069968 2865.029131 2862.976636 2851.418455 2836.545942 2790.739322 2782.568401 2738.584215 2726.151098 2686.258474 2652.252426 2623.835509 2612.046945 2592.209630 2550.752260 2524.434779 2522.451895 2507.355001 2498.390941 2469.319987 2452.003520 2423.996438 2394.232535 2380.281899 2360.608867 2339.267068 2314.022852 2285.082064 2262.971861 2240.478007 2219.241359 2198.989651 2179.741521 2163.540991 2152.932190 2137.506219 2117.097151 2099.281099 2081.217580 2074.186561 2067.832892 2055.134604 2040.898014 2030.906547 2022.589510 2013.954184 2005.737301 1999.537417 1985.739867 1975.121413 1965.895052 1954.103654 1946.549564 1942.488347 1937.459674 1930.852444 1926.695053 1921.403532 1914.770004 1908.246198 1900.871894 1893.361633 1885.163384 1875.863193 1868.019661 1857.372861 1848.808371 1837.731216 1820.241718 1810.472660 1797.716601 1786.472085 1774.317511 1749.717239 1747.358980 1732.937436 1716.563535 1705.118768 1692.874313 1683.948855 1667.895463 1655.109663 1645.499912 1637.600672 1631.703326 1625.202005 1618.141635 1610.034026 1600.763313 1591.889526 1584.992919 1584.945306 1579.732082 1573.509018 1564.067301 1557.171311 1550.245510 1545.417658 1538.985540 1528.761090 1519.120235 1512.725457 1508.327479 1504.047178 1497.510503 1491.754210 1486.844771 1482.101232 1476.495532 1469.786910 1463.285693 1457.788014 1454.565657 1451.569617 1448.951743 1445.238111 1442.159746 1438.938079 1434.963078 1432.366195 1428.174030 1424.808909 1421.734263 1417.906883 1414.397494 1411.358323 1407.359557 1402.411196 1399.231668 1395.704852 1392.337475 1389.053416 1387.077191 1385.165306 1382.327744 1380.051497 1378.323258 1376.335790 1374.846337 1372.983828 1371.342020 1369.730749 1368.534422 1366.568866 1364.780345 1362.744244 1359.928471 1358.261307 1356.344675 1354.946905 1353.717602 1352.010277 1350.665013 1349.331248 1348.014862 1346.915180 1345.983499 1344.917758 1344.266165 1343.578673 1342.635265 1341.837448 1341.204931 1340.587750 1340.156683 1339.686458 1339.052334 1338.589706 1337.681600 1336.775121 1335.949816 1335.170673 1334.676412 1334.244082 1333.667380 1333.244319 1332.729223 1332.313389 1331.774078 1331.473531 1331.041739 1330.537909 1329.926032 1329.435180 1329.137316 1328.683117 1328.348665 1327.979750 1327.481446 1327.083859 1326.724630 1326.253385 1325.821072 1325.498001 1324.952072 1324.756955 1324.241916 1323.980533 1323.710425 1323.384360 1323.089825 1322.778980 1322.459182 1322.119865 1321.766722 1321.392061 1321.129939 1320.492642 1320.335736 1320.007150 1319.460217 1319.108652 1318.766393 1318.429365 1317.942094 1317.569229 1316.984542 1316.503943 1316.313072 1315.915758 1315.652391 1315.348917 1315.207883 1315.057085 1314.911499 1314.798900 1314.664194 1314.522581 1314.412902 1314.276810 1314.195201 1314.007004 1313.869094 1313.670621 1313.462876 1313.181860 1312.998960 1312.918464 1312.830595 1312.741689 1312.671894 1312.629236 1312.579025 1312.499538 1312.457939 1312.417960 1312.325612 1312.265410 1312.138763 1312.014324 1311.829365 1311.651787 1311.566922
0.036565 0.039468 0.040853 0.043595 0.044948 0.045650 0.046314 0.046986 0.047655 0.049005 0.049689 0.050361 0.051039 0.051699 0.052358 0.053025 0.055883 0.056545 0.057840 0.058508 0.059155 0.060450 0.061092 0.062392 0.063033 0.063673 0.065655 0.066308 0.068305 0.068935 0.070198 0.070850 0.072120 0.072750 0.073388 0.074021 0.075269 0.075905 0.076531 0.077146 0.077769 0.078372 0.078986 0.079601 0.080239 0.080838 0.081436 0.082054 0.082658 0.084518 0.086948 0.087554 0.088147 0.088736 0.089966 0.090557 0.091147 0.091754 0.092339 0.092913 0.094108 0.094697 0.095291 0.095882 0.097080 0.097669 0.098253 0.098841 0.099417 0.099990 0.100604 0.101201 0.101790 0.102368 0.102958 0.103538 0.104124 0.104708 0.105299 0.105888 0.106477 0.107048 0.107627 0.108199 0.108777 0.109341 0.109925 0.111055 0.111610 0.112170 0.113295 0.114453 0.115006 0.115573 0.116169 0.116732 0.117287 0.117840 0.118420 0.118972 0.119519 0.120088 0.120635 0.121181 0.121747 0.122309 0.122878 0.123451 0.123998 0.124546 0.125088 0.125653 0.126204 0.126755 0.127314 0.127857 0.128409 0.128973 0.129518 0.130079 0.130662 0.131786 0.132901 0.133445 0.134008 0.134563 0.135105 0.135655 0.136207 0.136756 0.137290 0.137823 0.138371 0.138920 0.139457 0.139995 0.140555 0.141089 0.141621 0.142153 0.142712 0.143245 0.143772 0.144319 0.144863 0.145398 0.145929 0.146476 0.147028 0.147565 0.148103 0.148646 0.149192 0.149726 0.150267 0.150801 0.151340 0.151870 0.152436 0.152965 0.154031 0.154559 0.155082 0.155626 0.156168 0.156694 0.157219 0.157755 0.158295 0.158825 0.159367 0.159898 0.160450 0.160973 0.161509 0.162030 0.163076 0.163611 0.164154 0.164676 0.165200 0.165736 0.166258 0.166779 0.167320 0.167838 0.168418 0.168937 0.169470 0.169994 0.170515 0.171096 0.171690 0.172990 0.173593 0.174151 0.174714 0.175252 0.175787 0.176356 0.176888 0.177416 0.177935 0.178463 0.178991 0.179517 0.180061 0.180595 0.181122 0.181649 0.182167 0.182699 0.183220 0.183737 0.184291 0.184833 0.185354 0.185907 0.186432 0.186957 0.187481 0.188013 0.188620 0.189231 0.189755 0.190307 0.190839 0.191361 0.191881 0.192561 0.193085 0.193627 0.194160 0.194678 0.195196 0.195727 0.196356 0.197418 0.197963 0.198561 0.199206 0.199895 0.200607 0.201185 0.201724 0.202281 0.202802 0.203334 0.203892 0.204502 0.205531 0.206058 0.206592 0.207116 0.207641 0.208241 0.209295 0.209820 0.210353 0.210892 0.211410 0.211943 0.212520 0.213051 0.213573 0.214110 0.215156 0.215704 0.216250 0.216769 0.217286 0.217819 0.218355 0.218882 0.219413 0.219974 0.220517 0.221051 0.221575 0.222100 0.222626 0.223162 0.223691 0.224245 0.224772 0.225304 0.225824 0.226371 0.226915 0.227435 0.227952 0.228505 0.229039 0.229558 0.230074 0.230593 0.231128 0.231653 0.232198 0.232746 0.233783
Elapsed_time: 0.233783
Score: 1311.566922
301
8400.074832 8224.455180 7101.596832 6749.585871 6708.244118 6625.355106 6554.253126 6469.002805 6379.178233 6174.377333 6068.536413 6060.136197 6036.048678 5984.589523 5970.857427 5932.785036 5911.386814 5870.731235 5856.597617 5800.355010 5736.062740 5600.394134 5442.442585 5398.257065 5362.987045 5296.688304 5278.885725 5200.473081 4977.387185 4949.753333 4945.425114 4765.285305 4704.165757 4611.071057 4561.347420 4512.433496 4479.283696 4429.679852 4404.057568 4265.964987 4173.612513 4076.795073 4052.449703 4024.563088 4002.371020 3922.730446 3827.687911 3717.580475 3700.476902 3675.487611 3566.654902 3478.407469 3447.089527 3410.176984 3378.923591 3292.404794 3247.293918 3232.169886 3210.754305 3171.019431 3106.653980 3052.410711 3007.696313 2962.743989 2926.682931 2850.018262 2828.356091 2799.919154 2756.262688 2717.886784 2657.013000 2606.017737 2595.103564 2581.656422 2567.904987 2545.136746 2502.216340 2432.252129 2401.782548 2371.550446 2339.009080 2321.750519 2309.071979 2281.012920 2269.573780 2262.122526 2239.804357 2220.119923 2199.371693 2196.138003 2189.820132 2167.882566 2155.948119 2126.501858 2116.772056 2095.107169 2077.491852 2064.008022 2044.589756 2035.410889 2020.463816 2005.558120 1992.569018 1974.740837 1965.966067 1955.370805 1942.869419 1929.002748 1916.481799 1903.563423 1890.211275 1873.361372 1873.076056 1869.000449 1860.058672 1836.683525 1829.098679 1805.188486 1788.455559 1775.536521 1754.099698 1742.237678 1715.301847 1702.035608 1689.751967 1678.030098 1671.940118 1666.762503 1665.129803 1661.894033 1657.943124 1648.350967 1643.365730 1637.006350 1627.472935 1619.931641 1610.778804 1609.960324 1598.733896 1591.407788 1582.688175 1571.971699 1563.242786 1553.074368 1540.755214 1537.605011 1534.846525 1528.360179 1521.467758 1513.030524 1501.462173 1496.676970 1496.312500 1489.252930 1480.961095 1473.969164 1472.146046 1465.692385 1458.491825 1450.480480 1444.176891 1432.311694 1424.142952 1418.473126 1408.431990 1394.127346 1379.447637 1371.005093 1368.502730 1364.425505 1355.803974 1350.147023 1342.665743 1337.520352 1332.651360 1327.757705 1324.219153 1320.234913 1317.149587 1314.182995 1311.592756 1308.903675 1306.248115 1303.850556 1301.848044 1299.982681 1298.005929 1296.151094 1294.584425 1292.600896 1290.027591 1287.187046 1285.186640 1283.198641 1281.542476 1279.470947 1277.802839 1276.209844 1274.044561 1272.076239 1270.603813 1268.585357 1266.617496 1264.461523 1262.206116 1260.365404 1257.982932 1256.289299 1254.072641 1251.736602 1249.230907 1248.371920 1245.974181 1244.172914 1242.566613 1240.902010 1239.122228 1237.774240 1236.751373 1234.681511 1233.364682 1231.813012 1230.209206 1228.678108 1226.620728 1224.343889 1222.528183 1221.128469 1219.622715 1218.057035 1216.340247 1214.548736 1213.340944 1211.819852 1210.773071 1209.789003 1209.026613 1207.702542 1206.290345 1204.387842 1201.696730 1201.505320 1199.197678 1197.558249 1196.025751 1194.326752 1193.795173 1191.195511 1189.589179 1187.769114 1186.775932 1185.526584 1184.232840 1183.381432 1182.186727 1181.231833 1179.970662 1177.826028 1176.824753 1176.011917 1174.819754 1174.013215 1172.993604 1172.143354 1171.164544 1169.581567 1168.916566 1167.698317 1167.305974 1166.380972 1164.499432 1163.168640 1161.625542 1160.714009 1159.523745 1158.351421 1156.968811 1155.424411 1154.914583 1153.270058 1152.351091 1151.579488 1150.396733 1149.270746 1148.029753 1146.890138 1145.994459 1144.213971 1143.814145 1142.462229 1141.954890 1141.147793 1140.557312 1139.618866 1137.748237 1134.302077 1129.545606 1126.384338 1124.783675 1121.723420 1120.045816
0.041047 0.043362 0.044088 0.045646 0.047056 0.047766 0.048497 0.049202 0.049900 0.050609 0.051304 0.053430 0.054138 0.054842 0.056218 0.056905 0.057597 0.058316 0.059002 0.059717 0.061122 0.061820 0.062531 0.063213 0.064590 0.065271 0.066647 0.067344 0.068033 0.068708 0.070735 0.072081 0.072742 0.073434 0.074101 0.074750 0.075430 0.076107 0.076761 0.077439 0.078080 0.078713 0.080017 0.080658 0.081313 0.081953 0.082581 0.083227 0.084506 0.085147 0.085778 0.086402 0.087039 0.087659 0.088289 0.088925 0.089544 0.090761 0.091374 0.091977 0.092594 0.093204 0.093800 0.094418 0.095029 0.095630 0.096240 0.096842 0.097431 0.098051 0.098635 0.099217 0.099814 0.100385 0.101542 0.102139 0.102719 0.103297 0.103881 0.104451 0.105033 0.105628 0.106205 0.106778 0.107355 0.107934 0.108501 0.109078 0.109688 0.110265 0.110840 0.111430 0.111992 0.112561 0.113162 0.113729 0.114284 0.114837 0.115414 0.115985 0.116555 0.117188 0.117865 0.118438 0.119553 0.120118 0.120687 0.121267 0.121852 0.122415 0.122961 0.123531 0.125202 0.126325 0.126881 0.127445 0.128010 0.128574 0.129136 0.129695 0.130235 0.130789 0.131325 0.131899 0.132509 0.133891 0.134647 0.137162 0.137928 0.138702 0.139385 0.140039 0.140713 0.141346 0.141942 0.142525 0.143096 0.143667 0.144224 0.144760 0.145309 0.145888 0.146443 0.147005 0.147555 0.148633 0.149168 0.149713 0.150252 0.150813 0.151361 0.151897 0.152965 0.153515 0.154043 0.154584 0.155130 0.155673 0.156204 0.156758 0.157284 0.157833 0.158374 0.158902 0.159462 0.159986 0.160520 0.161045 0.161591 0.162129 0.162648 0.163190 0.163720 0.164265 0.164786 0.165323 0.165885 0.166420 0.166942 0.167473 0.168004 0.168542 0.169067 0.169606 0.170125 0.170658 0.171180 0.171714 0.172252 0.172784 0.173306 0.173860 0.174390 0.174913 0.175446 0.175972 0.176509 0.177024 0.177562 0.178081 0.178613 0.179146 0.179684 0.180202 0.180745 0.181260 0.182331 0.182864 0.183392 0.183922 0.184455 0.185004 0.185529 0.186059 0.186576 0.187103 0.187617 0.188145 0.188675 0.189215 0.189739 0.190271 0.190786 0.191322 0.191838 0.192370 0.192899 0.193460 0.193988 0.194505 0.195039 0.195556 0.196104 0.196616 0.197142 0.197665 0.198197 0.198712 0.199241 0.199755 0.200280 0.200794 0.201327 0.201866 0.202383 0.202914 0.203428 0.203943 0.204475 0.204990 0.205518 0.206047 0.206567 0.207080 0.207611 0.208122 0.208647 0.209160 0.209684 0.210727 0.211238 0.211762 0.212291 0.213347 0.214377 0.214903 0.215425 0.215938 0.216460 0.216984 0.217528 0.218041 0.218564 0.219604 0.220117 0.220641 0.221151 0.221691 0.222723 0.223251 0.223777 0.224291 0.224814 0.225332 0.225876 0.226399 0.226920 0.227450 0.228999 0.229517 0.230037 0.230544 0.231084 0.231607 0.232130 0.232639 0.233160 0.233680 0.234206 0.234727 0.235237
Elapsed_time: 0.235237
Score: 1120.045816
301
6609.669641 6295.944455 5401.821722 5246.119826 5239.792472 5117.275385 5076.457047 5001.107259 4794.835250 4678.218660 4642.327175 4586.135897 4567.476284 4532.719619 4446.154414 4369.001437 4344.992701 4244.001300 4232.159607 4111.251328 4028.525384 3941.220717 3927.379175 3869.852774 3837.649652 3815.647495 3774.507751 3685.606871 3554.227379 3534.973595 3523.992700 3505.962547 3499.092414 3469.332938 3402.772332 3324.127118 3278.833331 3227.124732 3178.731902 3084.279672 3062.803568 3028.369356 3005.972655 2909.121533 2861.468270 2789.301604 2779.868998 2749.085432 2712.945524 2666.248729 2621.583952 2614.991301 2612.165148 2600.698426 2547.424918 2531.638740 2498.073956 2456.184948 2451.764016 2421.413509 2386.165983 2364.636742 2328.196879 2300.611887 2281.394313 2275.006778 2271.141156 2251.630735 2249.951328 2244.658818 2235.818574 2232.123856 2217.361871 2203.152555 2176.099989 2154.033375 2148.308943 2125.252601 2105.909010 2082.722968 2080.853978 2073.797823 2065.486126 2046.397496 2032.997437 2017.188218 2014.712757 2007.028069 1993.271292 1981.650743 1970.761817 1969.154848 1962.950107 1951.196710 1936.088891 1929.264631 1918.377198 1907.506019 1894.112787 1888.033237 1870.717193 1855.202521 1840.823696 1832.755590 1821.556803 1806.441844 1792.549035 1776.266644 1762.382228 1746.823517 1742.291967 1731.131134 1718.273849 1704.679673 1696.018901 1682.838051 1674.395621 1663.464974 1651.593787 1643.458758 1633.455011 1624.803893 1617.478158 1611.833407 1605.059527 1599.741718 1592.880735 1587.034925 1579.361080 1574.823832 1567.791191 1562.429383 1557.126612 1552.583515 1546.006881 1542.584190 1536.958264 1533.643218 1529.975954 1525.233795 1522.404597 1519.412613 1516.947595 1514.699513 1510.568242 1507.198355 1504.648647 1502.248715 1501.182077 1499.995618 1496.841340 1494.469678 1491.240634 1487.749315 1484.620511 1482.210398 1479.413677 1475.747672 1471.622337 1467.183712 1464.674401 1462.215180 1460.410884 1458.533470 1455.294261 1452.340951 1448.420112 1446.380541 1443.661688 1440.434586 1440.008127 1435.942796 1432.966208 1430.931699 1427.325708 1421.384640 1416.402200 1411.827441 1407.447214 1402.888680 1397.817106 1392.971565 1387.276239 1383.718119 1381.468379 1379.573015 1377.739218 1377.047622 1373.930291 1372.117000 1369.842381 1367.181984 1364.677024 1361.520613 1359.304818 1357.034692 1355.074574 1352.516746 1349.809144 1347.819162 1346.506546 1345.477641 1344.193941 1342.968332 1341.856502 1340.917762 1339.749872 1338.811688 1337.705674 1336.434540 1335.299784 1333.992407 1332.600439 1331.535285 1330.531416 1329.226235 1328.633434 1327.729316 1327.134260 1326.256278 1325.107339 1324.232796 1323.499993 1322.120342 1321.183616 1320.467449 1319.679474 1318.647893 1317.188068 1316.103544 1315.461098 1314.573872 1312.812393 1312.767048 1311.864818 1310.138177 1309.023295 1307.046798 1306.098878 1304.351376 1302.953451 1301.591197 1300.470023 1299.296671 1298.437148 1297.409259 1296.044029 1294.699809 1293.666825 1292.092390 1291.317603 1289.821142 1288.837721 1287.905481 1286.732567 1285.478359 1284.889452 1283.984864 1283.147523 1282.375639 1281.576853 1280.821262 1279.443321 1278.999787 1278.526778 1277.774714 1277.181261 1276.462319 1275.709417 1274.612052 1273.581488 1272.644423 1270.962674 1269.914874 1268.649543 1267.723357 1266.909293 1266.029987 1265.890460 1264.940126 1264.525722 1264.101554 1263.627294 1263.111535 1262.558301 1261.817253 1260.801483 1260.321910 1260.070751 1259.454326 1259.093490 1258.669567 1258.306272 1257.941026 1257.302546 1256.577506 1255.834807 1255.079448 1254.045551 1253.493658 1252.774254
0.039411 0.043422 0.044321 0.046699 0.047430 0.048109 0.048765 0.049465 0.050136 0.050798 0.052114 0.052777 0.053452 0.054109 0.054773 0.056106 0.057415 0.058074 0.058732 0.059385 0.060040 0.060681 0.061966 0.062609 0.063254 0.064537 0.065204 0.065837 0.066466 0.067712 0.070475 0.071112 0.071745 0.072384 0.073647 0.074275 0.074922 0.075523 0.076138 0.076755 0.077962 0.078562 0.079197 0.079820 0.081038 0.081651 0.082841 0.083452 0.084057 0.084677 0.085318 0.086525 0.088331 0.088920 0.089551 0.090737 0.091899 0.092493 0.093077 0.093673 0.094295 0.094866 0.095451 0.096023 0.096612 0.097764 0.098365 0.098944 0.099531 0.101821 0.102399 0.104107 0.104686 0.105248 0.105841 0.106416 0.106989 0.107548 0.108126 0.108710 0.110448 0.111011 0.111578 0.112145 0.112714 0.113288 0.113859 0.114433 0.114986 0.117362 0.117918 0.119044 0.119623 0.120191 0.120748 0.121340 0.121896 0.122442 0.123006 0.123555 0.124111 0.124655 0.125200 0.126311 0.126876 0.127441 0.127999 0.128556 0.129111 0.129667 0.130209 0.130775 0.131347 0.131909 0.133019 0.133575 0.134111 0.134675 0.135226 0.135765 0.136331 0.136869 0.137425 0.137962 0.138493 0.139062 0.139599 0.140163 0.140723 0.141828 0.142375 0.142928 0.143460 0.144006 0.144563 0.145126 0.145659 0.146209 0.146760 0.147842 0.148389 0.148941 0.149493 0.150038 0.150569 0.151115 0.151647 0.152193 0.153399 0.154003 0.154558 0.155127 0.155754 0.156303 0.156877 0.157457 0.157989 0.158520 0.159070 0.159621 0.160151 0.160698 0.161237 0.161771 0.162305 0.162851 0.163386 0.163940 0.164528 0.165693 0.166245 0.166793 0.167889 0.169001 0.169593 0.170122 0.170662 0.171194 0.171744 0.172273 0.172823 0.173359 0.173912 0.174436 0.175503 0.176045 0.176573 0.177129 0.177652 0.178210 0.178738 0.179275 0.179806 0.180334 0.180869 0.181396 0.181942 0.182487 0.183022 0.183544 0.184076 0.184596 0.185145 0.185668 0.186206 0.186755 0.187287 0.187824 0.188344 0.188882 0.189408 0.189943 0.190462 0.191005 0.191543 0.192074 0.192595 0.193167 0.193707 0.194231 0.194774 0.195839 0.196901 0.197438 0.197963 0.198496 0.199017 0.199589 0.200109 0.200642 0.201188 0.201710 0.202244 0.202770 0.203303 0.203841 0.204374 0.204910 0.205437 0.205978 0.206500 0.207030 0.207549 0.208089 0.208614 0.209157 0.209676 0.210207 0.210739 0.211271 0.211793 0.212343 0.212876 0.213406 0.213928 0.214458 0.215518 0.216036 0.216572 0.217097 0.217628 0.218150 0.218681 0.219729 0.220259 0.220802 0.221324 0.221854 0.222382 0.222904 0.223434 0.223952 0.224520 0.225070 0.225604 0.226137 0.226655 0.227701 0.228748 0.229347 0.229865 0.230396 0.230927 0.231459 0.232501 0.233023 0.234089 0.234623 0.235141 0.235670 0.236188 0.236717 0.237247 0.237782 0.238301 0.238842 0.239358 0.239887 0.240416 0.240938 0.241475
Elapsed_time: 0.241475
Score: 1252.774254
301
6486.542195 6329.560648 5426.186930 5401.529388 5388.449666 5266.760098 5249.230759 5241.156662 5239.680210 5226.845961 5206.111347 5183.241909 5177.328998 5074.567180 5012.982855 4987.700343 4914.056686 4812.799868 4674.550368 4656.649119 4647.190004 4633.995494 4597.969536 4583.900299 4539.065417 4464.719077 4415.503118 4332.454146 4303.714693 4258.313172 4248.422561 4189.503448 4164.211686 4126.543791 4104.072399 4040.994140 3951.491454 3880.891220 3867.676479 3829.493976 3767.423902 3765.419893 3736.215156 3639.104993 3635.510842 3623.651052 3605.508478 3578.817399 3512.321518 3500.109493 3493.858746 3467.900569 3433.277967 3381.806989 3344.909405 3315.415709 3256.269656 3196.414007 3125.330285 3098.532723 3075.579577 3028.235682 2955.478140 2909.052265 2853.551992 2795.882388 2771.214559 2735.118443 2675.300547 2669.786989 2627.861092 2586.303366 2583.132657 2564.422583 2550.394750 2524.819311 2499.343557 2485.727798 2473.673561 2434.021442 2427.953142 2410.431783 2394.018482 2368.272804 2361.673252 2344.848886 2322.698435 2303.775712 2286.017127 2267.039640 2255.870266 2237.117480 2219.792461 2207.477932 2191.992390 2169.368395 2157.573114 2142.013439 2122.393442 2116.540460 2100.870994 2079.067252 2073.869976 2058.509613 2044.583275 2033.951040 2017.614002 2001.771489 1986.121510 1973.778921 1960.436574 1949.075881 1943.559604 1942.017377 1933.820203 1932.768773 1930.061252 1927.669929 1924.462392 1917.719643 1904.710013 1893.857468 1882.261278 1872.016182 1857.854889 1846.160910 1841.612577 1834.134005 1827.246279 1819.763236 1813.056442 1807.058015 1798.999384 1792.134954 1784.322788 1777.142660 1770.048647 1763.958920 1756.870484 1749.311460 1739.473522 1734.501002 1724.979464 1716.538212 1709.756837 1701.584005 1693.406819 1687.452131 1682.800344 1678.221161 1673.453063 1669.537554 1665.788999 1662.823473 1660.160038 1657.189953 1654.579312 1651.584394 1648.715258 1646.138659 1643.384889 1640.375863 1637.808750 1636.143955 1633.835207 1630.639630 1628.531927 1626.333854 1623.621984 1620.731538 1617.797055 1615.359019 1613.629166 1611.929287 1610.376659 1608.562120 1607.406860 1606.275848 1605.353617 1603.841773 1602.735817 1600.834351 1598.940299 1597.938234 1596.739622 1594.597492 1592.483882 1589.630026 1586.706610 1584.494907 1582.156691 1579.460113 1576.705283 1575.007322 1573.058221 1570.729054 1568.280641 1566.617286 1563.559981 1560.251846 1558.154693 1554.298624 1552.089598 1547.365543 1543.055009 1539.966245 1537.623754 1536.154452 1534.703329 1533.432959 1531.737645 1530.498841 1528.688691 1527.251259 1526.088628 1524.410876 1524.030818 1522.015611 1521.057401 1520.041346 1518.742929 1517.968444 1516.723935 1515.398488 1513.802103 1512.016641 1511.022496 1509.506066 1508.052477 1506.616468 1505.023879 1504.223459 1502.645761 1500.911929 1499.618791 1498.469799 1497.199231 1496.419523 1494.850480 1493.678866 1492.023048 1490.031688 1487.459474 1485.896402 1484.052440 1482.551724 1480.049873 1477.862832 1475.945352 1474.024009 1470.200896 1465.241839 1460.663080 1455.534795 1452.123481 1449.125129 1446.670566 1443.198488 1440.896445 1438.682721 1437.168748 1435.040366 1433.431477 1431.700892 1430.031729 1428.580042 1427.280202 1425.312073 1423.995258 1422.759879 1421.894284 1420.992785 1419.532023 1418.593433 1416.946890 1415.699378 1413.839411 1412.486381 1411.708950 1411.241386 1410.865363 1410.433034 1409.494080 1408.782584 1407.092189 1404.539885 1402.139697 1399.984802 1398.122437 1396.711579 1395.488025 1394.829346 1394.201660 1393.540350 1392.980461 1392.300257 1391.571849 1390.619222 1389.629186 1388.720556 1388.110400
0.036688 0.038940 0.039639 0.043705 0.046353 0.047715 0.049755 0.050404 0.053020 0.053687 0.054344 0.055000 0.056317 0.056968 0.057633 0.058296 0.058968 0.059622 0.060273 0.061117 0.063403 0.064152 0.064857 0.066270 0.067036 0.067851 0.068727 0.072372 0.074747 0.075470 0.076168 0.076834 0.077541 0.078192 0.080140 0.080787 0.081432 0.082070 0.084011 0.084656 0.085295 0.085955 0.086601 0.087240 0.089795 0.090433 0.091073 0.091723 0.092376 0.094259 0.094904 0.095538 0.096160 0.098034 0.098684 0.099318 0.099936 0.100560 0.101167 0.102427 0.103031 0.103658 0.104276 0.104893 0.105495 0.106106 0.106705 0.107336 0.107949 0.108542 0.109142 0.109742 0.110333 0.110938 0.111530 0.112152 0.112757 0.113959 0.114556 0.115150 0.115742 0.116337 0.116935 0.117517 0.118102 0.118676 0.119264 0.119851 0.120440 0.121028 0.121615 0.122203 0.122787 0.123377 0.123948 0.124544 0.125113 0.125694 0.126280 0.126851 0.127427 0.127986 0.128560 0.129122 0.129701 0.130276 0.130860 0.131436 0.131999 0.132585 0.133143 0.134278 0.134855 0.136567 0.137134 0.138264 0.138824 0.139393 0.139953 0.140525 0.141080 0.141632 0.142199 0.142761 0.143312 0.143886 0.144996 0.145558 0.146121 0.146674 0.147234 0.147791 0.148349 0.148912 0.149458 0.150014 0.150563 0.151120 0.151667 0.152238 0.152799 0.153342 0.153893 0.154435 0.154995 0.155543 0.156103 0.156655 0.157206 0.157774 0.158319 0.158864 0.159421 0.159967 0.160522 0.161065 0.161617 0.162172 0.162727 0.163272 0.163811 0.164355 0.164912 0.165466 0.166001 0.166574 0.167116 0.167665 0.168208 0.168770 0.169319 0.169860 0.170408 0.170958 0.171508 0.172043 0.172599 0.173148 0.173694 0.174227 0.174778 0.175340 0.175876 0.176427 0.176983 0.177534 0.178083 0.178621 0.179165 0.179710 0.180259 0.180805 0.181347 0.182446 0.182991 0.183547 0.184091 0.184640 0.185174 0.185733 0.186281 0.186832 0.187908 0.188453 0.188982 0.189527 0.190072 0.190625 0.191153 0.191698 0.192230 0.192779 0.193318 0.193863 0.194407 0.194959 0.195494 0.196039 0.196572 0.197151 0.197680 0.198760 0.199309 0.199850 0.200383 0.200922 0.201464 0.202007 0.202539 0.203101 0.203643 0.205247 0.205799 0.206333 0.206877 0.207407 0.207952 0.208479 0.209018 0.209545 0.210075 0.210623 0.211152 0.211697 0.212236 0.212778 0.213313 0.213848 0.214396 0.214931 0.215474 0.216009 0.216562 0.217097 0.217632 0.218168 0.218703 0.219242 0.219776 0.220315 0.220850 0.221387 0.221911 0.222453 0.222991 0.223532 0.224059 0.224600 0.225146 0.225670 0.226204 0.226734 0.227266 0.228338 0.228876 0.229413 0.229949 0.230475 0.231015 0.231555 0.232100 0.232635 0.233163 0.233705 0.234231 0.234771 0.235307 0.235851 0.236385 0.236910 0.237444 0.238509 0.239054 0.239589 0.240116 0.240650 0.241173 0.241709 0.242243 0.242783 0.243321
Elapsed_time: 0.243321
Score: 1388.110400
