5
301
136830.245025 128109.750468 123224.018963 120287.485228 117278.274403 91587.274415 73236.009898 43489.647331 37185.900883 30429.309701 23656.303449 18806.268076 18496.164611 18417.426491 18140.856215 17627.588396 17154.773330 16611.530272 16240.024977 16054.917496 15564.961163 15485.883712 15387.124562 15307.639456 15269.680200 15266.709606 15181.080414 14970.885368 14602.296020 13161.769234 13113.907830 13049.688157 12979.192395 12957.390304 12880.766059 12852.254311 12769.778094 12698.849287 12507.806996 11944.785011 11287.263136 11254.467585 11160.442273 11139.025010 11112.148992 11070.002723 11026.340032 10992.752952 10930.119222 10607.163429 10296.067035 10279.215501 10275.005031 10210.181996 10166.339306 10051.796169 10001.115192 9865.959214 9822.204571 9771.550206 9734.190027 9513.091923 9422.560401 9169.930085 8938.609638 8758.972841 8729.844764 8695.217982 8615.271852 8597.459748 8522.721569 8457.152479 8321.176187 8317.901700 8058.786537 7921.169131 7890.046012 7805.265618 7784.695151 7721.431742 7676.943997 7614.016270 7605.129147 7551.306634 7504.447800 7283.406268 7161.652223 7122.630065 7037.441427 6929.937221 6929.839856 6871.980047 6807.502257 6705.914972 6658.854568 6652.716163 6597.442939 6558.419185 6515.451550 6429.508952 6352.207557 6252.417001 6166.921059 6158.062978 6129.918983 6085.590772 6059.400925 6024.135389 6004.395582 5960.166157 5889.810451 5801.432442 5711.206165 5676.333517 5662.878814 5642.266158 5605.456531 5537.540999 5454.297875 5409.507796 5408.245576 5403.018671 5357.662875 5342.893371 5313.213496 5237.703612 5142.856934 5078.918901 5077.593081 5073.900079 5059.123219 5054.822937 5011.085805 4978.711781 4897.581431 4820.821528 4790.972614 4760.933763 4726.967885 4673.146801 4634.242167 4577.279893 4556.291443 4484.641498 4431.174281 4363.167665 4354.302862 4271.131310 4206.464990 4166.811324 4105.780174 4075.574012 4069.947155 4049.095301 3996.936343 3944.413716 3871.977117 3847.033875 3844.439078 3824.526506 3795.574170 3742.607491 3700.248981 3687.550925 3648.802176 3598.453234 3519.603766 3498.110924 3486.064583 3453.170752 3451.415474 3407.244779 3362.932557 3295.572575 3262.298769 3223.203622 3171.341664 3155.779808 3154.232278 3127.930545 3111.319651 3110.752845 3076.882947 3035.670644 2981.460571 2965.642874 2943.221531 2925.368891 2875.394796 2846.524715 2845.489233 2830.425632 2823.215393 2804.117499 2803.984085 2777.251520 2760.098873 2738.369027 2716.255059 2704.119771 2685.058655 2666.458804 2657.898659 2656.760692 2648.187404 2634.918242 2614.380669 2599.679631 2592.447871 2579.731864 2569.976214 2549.987560 2531.140222 2514.520407 2501.869921 2485.500480 2471.999610 2465.505620 2455.453136 2439.523629 2427.669491 2413.753422 2400.813446 2389.448074 2376.643819 2364.870182 2352.098876 2340.114524 2328.617229 2317.397097 2305.455870 2289.178149 2269.787537 2258.740145 2248.268312 2237.963839 2228.567679 2218.707184 2210.242927 2201.010448 2189.102895 2176.899525 2163.005281 2148.730129 2138.477091 2125.893622 2114.721660 2102.370925 2090.549329 2080.246911 2072.190407 2063.287969 2053.550200 2046.498720 2041.226417 2034.567276 2025.116130 2017.306746 2007.269407 1996.980205 1990.657217 1979.283297 1966.344540 1960.635853 1953.732753 1940.675326 1928.556007 1913.580817 1912.700892 1901.287793 1887.667275 1873.665994 1858.912548 1839.582121 1821.022377 1803.792844 1790.708956 1775.394630 1771.795433 1768.063856 1756.403585 1744.340412 1733.468860 1724.577872 1713.786339 1702.690689 1698.091534 1694.185450 1692.279250 1690.636475 1681.523340 1675.800257 1670.445462 1669.639278 1663.454253 1654.739851 1652.106261 1641.448567 1633.523271 1629.378381 1623.097315
0.000016 0.002651 0.003556 0.004442 0.005321 0.006246 0.007175 0.008066 0.008950 0.009831 0.010694 0.011557 0.012440 0.013293 0.014187 0.015936 0.017747 0.018654 0.019557 0.023117 0.024912 0.026719 0.027587 0.028502 0.030259 0.032982 0.033871 0.034762 0.035660 0.038352 0.040108 0.040987 0.042725 0.046258 0.047117 0.047980 0.048859 0.049701 0.050560 0.051411 0.052282 0.054813 0.055651 0.057370 0.058186 0.058996 0.061466 0.063107 0.063918 0.064732 0.065574 0.067268 0.070540 0.071376 0.073055 0.073868 0.074682 0.075531 0.076331 0.077139 0.077938 0.078729 0.079558 0.080370 0.081178 0.081975 0.083569 0.085134 0.085927 0.087501 0.088288 0.089057 0.093735 0.094521 0.095313 0.096887 0.099220 0.100000 0.101518 0.102297 0.103066 0.103836 0.106122 0.106878 0.107646 0.108416 0.109185 0.110688 0.111426 0.113675 0.114420 0.115165 0.115907 0.116648 0.117394 0.119648 0.120401 0.121884 0.123362 0.124107 0.124856 0.125567 0.126290 0.127756 0.128467 0.129195 0.129924 0.130655 0.132100 0.132821 0.133547 0.134270 0.134975 0.136433 0.137138 0.137834 0.138537 0.139247 0.139943 0.141359 0.143487 0.144892 0.146276 0.148337 0.149052 0.149760 0.150459 0.151170 0.152580 0.155389 0.156083 0.158193 0.158887 0.160257 0.160965 0.162344 0.163721 0.164399 0.165108 0.165802 0.166484 0.167166 0.167845 0.168545 0.169242 0.169906 0.170598 0.171265 0.171924 0.173301 0.173965 0.174625 0.177216 0.178500 0.179164 0.179818 0.180477 0.182582 0.183252 0.183916 0.184552 0.185844 0.186518 0.187797 0.188451 0.189090 0.189729 0.190989 0.191638 0.192282 0.192907 0.193531 0.194159 0.195388 0.196650 0.197270 0.197881 0.199707 0.202227 0.202831 0.203435 0.204677 0.205306 0.205930 0.206553 0.207161 0.207779 0.208414 0.209025 0.209640 0.211458 0.212049 0.212878 0.213492 0.214099 0.214704 0.215303 0.215882 0.216530 0.217115 0.217717 0.218323 0.218917 0.220760 0.221356 0.221944 0.222555 0.223154 0.223737 0.224328 0.224916 0.225493 0.226078 0.226684 0.227251 0.227835 0.228419 0.229008 0.229593 0.230170 0.230770 0.231352 0.231942 0.232530 0.233691 0.234273 0.234890 0.235501 0.236104 0.236735 0.237335 0.237916 0.238539 0.239150 0.239749 0.240356 0.240946 0.241537 0.242730 0.243346 0.243956 0.244587 0.245176 0.245753 0.246312 0.246912 0.247506 0.248073 0.248636 0.249232 0.249808 0.250363 0.250941 0.251503 0.252083 0.252671 0.253247 0.253819 0.254374 0.255498 0.256087 0.256649 0.257219 0.258350 0.258910 0.259481 0.260065 0.260619 0.261179 0.261728 0.262314 0.262862 0.263421 0.263979 0.264534 0.265080 0.265625 0.266187 0.266731 0.267296 0.267837 0.268407 0.268943 0.270032 0.270588 0.271143 0.271690 0.272778 0.273316 0.273864 0.274399 0.274946 0.276028 0.276610 0.277151 0.277709 0.278251 0.278797 0.279328 0.279879 0.280446
Elapsed_time: 0.280446
Score: 1623.097315
301
134164.694152 127733.459921 123229.386930 120808.985478 119511.563890 107806.037876 81329.980103 52212.024676 37721.279419 33485.109669 29905.543251 20980.062460 17752.584677 17479.358153 17302.557655 17142.257233 16965.191507 15864.950215 15443.969933 15203.451299 15106.828519 14898.669636 14761.718156 14729.342238 14564.921410 14505.715315 14386.474200 14338.699194 14277.459748 13746.964245 13700.286877 13637.505002 13606.577368 13603.551865 13402.107978 13356.012863 13351.393663 13268.348985 13207.854881 13100.597764 13033.881935 12836.849755 12741.972793 12687.952026 12615.563184 12524.115749 12512.350531 12507.607965 12462.187037 12251.622442 11843.286350 11825.181566 11759.298474 11642.545387 11550.134979 11387.474778 11230.383341 11056.870035 10762.025355 10753.958989 10744.410228 10725.852161 10691.024802 10596.196761 10459.575958 10326.418551 10167.665989 10084.487437 10016.154587 9948.349936 9933.781167 9915.432065 9829.350681 9745.926710 9489.851776 9341.344891 9312.764314 9263.510519 9237.464035 9182.784990 9175.103594 9154.741940 9094.783215 9014.934294 8845.016982 8813.832316 8745.937886 8656.403170 8535.480942 8512.275806 8496.834838 8461.820137 8427.507365 8303.633883 8238.981068 8197.196253 8172.497583 8171.273493 8146.047207 8135.086955 8102.551728 8072.683059 8028.241230 7864.215331 7722.697234 7557.408219 7528.867451 7470.281065 7468.918854 7466.548703 7406.421243 7361.349128 7353.735581 7331.363098 7297.685716 7281.973855 7198.577881 7126.377424 7106.118990 7033.218045 6973.134507 6907.950412 6889.538402 6876.470081 6870.194075 6859.336183 6793.613524 6745.874240 6737.519643 6691.678527 6669.619422 6623.116779 6505.028954 6479.929770 6455.530659 6434.329588 6423.677571 6419.046407 6376.817325 6364.766969 6337.703525 6280.884116 6232.955947 6184.091455 6091.376905 5983.502551 5973.240043 5949.140001 5908.917923 5822.492317 5730.668573 5721.452379 5705.622560 5663.107627 5642.572823 5636.524220 5598.303549 5529.979047 5445.202122 5438.627621 5413.669034 5387.139064 5324.120737 5314.182033 5310.613670 5308.139712 5297.594762 5281.615506 5258.863599 5257.150109 5225.721731 5216.215801 5178.846997 5148.085616 5130.267751 5029.283187 5001.923261 4961.948545 4949.208870 4948.427290 4933.559789 4909.957488 4863.828429 4790.445549 4787.947442 4759.462582 4740.760133 4707.557180 4675.356316 4666.000651 4591.371717 4532.143659 4487.735865 4469.791490 4453.161511 4434.230047 4399.996136 4394.869208 4389.074310 4350.889401 4283.796390 4238.002236 4204.817410 4193.334518 4105.527469 4047.873141 3974.962590 3948.649763 3947.174234 3920.491486 3887.164863 3824.316769 3785.010839 3739.730390 3691.291266 3653.470299 3618.336013 3589.911061 3566.845597 3525.617167 3499.758233 3458.729628 3436.687225 3416.175162 3387.184569 3336.921875 3295.429419 3277.419281 3259.358312 3237.247904 3220.952907 3177.150840 3173.513598 3151.135243 3110.824007 3084.402945 3067.121529 3054.050402 3043.409594 3015.902848 2983.806122 2965.241383 2934.099888 2898.600727 2878.602842 2860.358735 2835.455360 2813.586870 2793.428698 2769.422712 2763.690190 2745.702085 2734.096018 2713.482995 2665.473376 2660.224647 2651.549441 2620.679792 2581.931567 2560.277887 2550.528044 2545.502269 2523.164310 2512.880749 2488.622649 2474.956122 2447.114718 2400.981222 2369.704082 2322.622552 2317.027094 2307.272262 2285.443469 2261.097344 2245.357880 2226.939085 2200.624773 2183.227109 2162.574743 2141.439754 2125.438792 2109.066993 2098.490451 2081.141690 2056.780574 2043.779407 2034.880230 2023.451555 2008.372853 1990.314247 1982.923002 1972.457267 1953.352838 1946.811793 1930.484833 1914.857994 1898.468547 1887.192767 1881.008470 1873.127050 1859.130199
0.000015 0.001942 0.002844 0.003722 0.004603 0.005509 0.006415 0.007351 0.008252 0.009119 0.009981 0.010886 0.011740 0.012640 0.013506 0.015120 0.016001 0.016894 0.019559 0.020450 0.021320 0.022194 0.023088 0.024858 0.027459 0.028324 0.030102 0.030992 0.031858 0.032754 0.034492 0.037122 0.038860 0.043150 0.044856 0.045702 0.048277 0.049120 0.049951 0.050778 0.051625 0.054178 0.055921 0.056782 0.057633 0.059313 0.061022 0.065311 0.066180 0.067039 0.071283 0.075484 0.076323 0.077150 0.077998 0.078854 0.079690 0.080537 0.082286 0.087330 0.090622 0.091424 0.092255 0.093069 0.093879 0.094720 0.095548 0.096378 0.098878 0.099694 0.102142 0.103725 0.104548 0.105361 0.106989 0.108637 0.109438 0.110218 0.113474 0.114265 0.115837 0.117379 0.118157 0.118947 0.119761 0.120564 0.121345 0.122135 0.122948 0.125338 0.126139 0.126948 0.127723 0.128499 0.129289 0.130092 0.130873 0.133300 0.134063 0.136383 0.137141 0.137916 0.138705 0.139472 0.141010 0.141777 0.143321 0.144070 0.144831 0.146339 0.147103 0.149318 0.152308 0.153053 0.153799 0.154554 0.156057 0.156839 0.159815 0.160577 0.161308 0.162061 0.163554 0.164283 0.165019 0.165745 0.166487 0.167217 0.168691 0.169419 0.170144 0.170868 0.171581 0.173805 0.174537 0.175254 0.175975 0.176714 0.177417 0.180298 0.181035 0.181772 0.182508 0.183220 0.183924 0.184655 0.186870 0.187576 0.188281 0.189683 0.190404 0.193325 0.194033 0.194747 0.195443 0.196833 0.197536 0.198234 0.198939 0.201718 0.202429 0.203146 0.203844 0.207440 0.208207 0.211109 0.211818 0.212521 0.214582 0.216676 0.218760 0.220115 0.220805 0.221502 0.222265 0.223119 0.224895 0.225918 0.228216 0.231481 0.232476 0.233425 0.234323 0.235160 0.238260 0.238952 0.239621 0.240296 0.241633 0.242961 0.243646 0.244299 0.244954 0.246320 0.246974 0.247639 0.248948 0.250937 0.251595 0.252236 0.252916 0.254218 0.254879 0.255538 0.256178 0.256828 0.257469 0.258121 0.260068 0.260714 0.261333 0.261955 0.262616 0.263242 0.263862 0.264496 0.265133 0.265749 0.266381 0.267007 0.267626 0.268273 0.269502 0.270151 0.270773 0.271383 0.272005 0.272613 0.273230 0.273832 0.274472 0.275069 0.276303 0.276913 0.277547 0.278153 0.278763 0.279373 0.279972 0.280564 0.281169 0.281778 0.282373 0.283613 0.284780 0.285396 0.286004 0.286603 0.287215 0.287815 0.289006 0.289597 0.290185 0.291965 0.292582 0.294381 0.294967 0.295543 0.296134 0.297309 0.299049 0.299622 0.300207 0.300811 0.301392 0.301989 0.302577 0.303161 0.303743 0.304333 0.305497 0.306078 0.306642 0.307225 0.307789 0.308362 0.308930 0.309509 0.310091 0.310660 0.311213 0.311766 0.312343 0.312908 0.313483 0.314057 0.314619 0.315178 0.315741 0.316288 0.317414 0.317971 0.318533 0.319098 0.319650 0.320200 0.320767 0.321330 0.321897 0.322448 0.322995
Elapsed_time: 0.322995
Score: 1859.130199
301
129458.126232 122922.447142 120275.735310 117920.417476 113828.790369 98769.251577 40315.035436 36519.107680 31473.491859 21131.980551 18304.535021 18093.044335 17996.512527 17656.256049 16513.008042 15030.716481 14839.659179 14837.497214 14710.326672 14600.046396 14466.938734 14362.591957 14359.293045 14324.140548 14251.707640 14248.440572 14223.879305 14198.375784 14144.696534 14108.732597 14104.342043 14026.620478 13865.996764 13525.707849 13148.745918 12842.730681 12370.822104 12316.203009 11988.013324 11954.825838 11953.339039 11943.039520 11888.582835 11746.489210 11681.545125 11522.194511 11441.671171 11353.958386 11116.482363 11068.627148 11043.595285 11033.440731 11000.115634 10947.520058 10785.269203 10769.379048 10307.950075 10196.114492 10018.018716 9972.855564 9954.244835 9909.267472 9853.428645 9734.357349 9642.034905 9606.972588 9527.788380 9508.666378 9412.594758 9314.656290 9273.737572 9060.460553 8965.763785 8888.964719 8814.714238 8602.307579 8393.912425 8375.885764 8366.382706 8220.268279 8209.778108 8205.258573 8178.239437 8132.265129 7987.227205 7789.774511 7749.316493 7745.114253 7728.845507 7705.398507 7667.977450 7615.530026 7476.778680 7362.266840 7327.573334 7238.112870 7231.165837 7208.526624 7171.263071 7170.835892 7166.805131 7129.130978 7119.751070 7012.699400 6897.325821 6823.589947 6671.061403 6668.514262 6601.800626 6581.621537 6575.383875 6547.115357 6481.668777 6382.969286 6260.025443 6176.612844 6141.344133 6090.677100 6031.097372 5932.933017 5921.852080 5906.873021 5857.292028 5832.948057 5800.721452 5787.418388 5744.716438 5671.565998 5596.570394 5563.063005 5561.470416 5527.495542 5507.601498 5460.490837 5433.326765 5381.847387 5375.886704 5301.079276 5278.687785 5192.336468 5122.950057 5119.130194 5080.538213 5038.011472 4978.759710 4937.856240 4917.032526 4895.639219 4864.902687 4763.031484 4753.709995 4724.694044 4708.671538 4653.754097 4617.144361 4572.655225 4553.572909 4524.292509 4482.022621 4422.430590 4406.824578 4398.256486 4396.929237 4387.110752 4366.859517 4354.840580 4310.044966 4300.545533 4269.706472 4252.219354 4222.155408 4206.844254 4201.111942 4161.178430 4155.316786 4128.641977 4107.902912 4076.488655 4054.804107 4024.974758 3996.966126 3986.383857 3977.720212 3947.495164 3908.581552 3883.028537 3879.963207 3871.157789 3852.983210 3824.509868 3814.378725 3803.483024 3800.474658 3797.452560 3788.791334 3779.575485 3750.579693 3722.770353 3712.350806 3687.759989 3662.847411 3658.190050 3646.763062 3624.251447 3591.420221 3552.908213 3546.897372 3526.511150 3494.829053 3466.645976 3449.617372 3427.949863 3422.007833 3415.237926 3390.588506 3381.628835 3377.544565 3370.708518 3369.907854 3362.848323 3350.496397 3337.658316 3314.867244 3301.593971 3282.089424 3274.977094 3258.911297 3244.857831 3209.566696 3200.417838 3195.366367 3187.267825 3174.807001 3157.002554 3139.321257 3125.534889 3114.943740 3098.169879 3072.087961 3053.912152 3033.420860 3024.298171 3004.537659 2987.067275 2968.147525 2965.301487 2953.844415 2934.873208 2915.538008 2896.535089 2874.498455 2858.566231 2841.696738 2829.975670 2808.905069 2790.074666 2780.812571 2760.427000 2730.227367 2705.382774 2679.749621 2666.495052 2647.132163 2630.075948 2624.180793 2617.035985 2602.023616 2585.284973 2572.461986 2555.437915 2542.870836 2535.469800 2525.462613 2505.029380 2480.475688 2472.855615 2454.841553 2430.109562 2413.206946 2389.955787 2380.660070 2363.998838 2336.649579 2317.291870 2302.696530 2297.022177 2289.975600 2281.717208 2269.947666 2261.469820 2252.395752 2247.864846 2240.213443 2231.521346 2227.220223 2221.966311 2209.973961 2198.946843 2185.685772 2175.718289 2164.545416
0.000012 0.001799 0.002680 0.003552 0.004422 0.005338 0.006230 0.007112 0.007990 0.008848 0.009731 0.010623 0.011505 0.012363 0.014148 0.015099 0.015979 0.020390 0.021272 0.022128 0.023901 0.024778 0.026539 0.030860 0.031732 0.035174 0.036071 0.036909 0.037756 0.039451 0.042965 0.043813 0.044667 0.045536 0.048142 0.049011 0.049894 0.052421 0.053273 0.054119 0.057556 0.060898 0.061723 0.062569 0.063406 0.064244 0.065088 0.065922 0.066792 0.069312 0.073536 0.074374 0.075183 0.075993 0.076823 0.077665 0.078517 0.080968 0.081792 0.083463 0.085048 0.086660 0.087455 0.088278 0.089073 0.089876 0.090673 0.091514 0.092312 0.093104 0.093919 0.094718 0.095536 0.096331 0.097126 0.097908 0.098694 0.099495 0.101057 0.101836 0.104968 0.108966 0.109729 0.110501 0.111266 0.112031 0.112808 0.116681 0.117442 0.118223 0.119000 0.119755 0.120558 0.121374 0.122180 0.122956 0.124469 0.125202 0.125931 0.127429 0.129001 0.130511 0.132007 0.132761 0.134260 0.135030 0.135791 0.137328 0.138065 0.139612 0.141787 0.142510 0.143267 0.144009 0.144778 0.146252 0.147729 0.148456 0.149182 0.149914 0.150658 0.152098 0.152815 0.153547 0.154259 0.154991 0.155716 0.156424 0.157861 0.158606 0.160025 0.160726 0.161429 0.162129 0.162863 0.164283 0.165690 0.166395 0.167112 0.167793 0.168473 0.171207 0.171906 0.172591 0.173294 0.173980 0.174684 0.175366 0.176047 0.176744 0.177440 0.178113 0.178818 0.179498 0.181520 0.182190 0.182869 0.183521 0.184169 0.184833 0.186148 0.186827 0.188805 0.189467 0.190116 0.190779 0.192067 0.193396 0.194044 0.195349 0.195995 0.196654 0.197297 0.197939 0.198608 0.199259 0.200566 0.201212 0.201855 0.202509 0.203158 0.203829 0.204476 0.205115 0.205769 0.206431 0.209014 0.209661 0.210286 0.210922 0.211570 0.213502 0.214133 0.216039 0.216670 0.217326 0.217954 0.218603 0.219897 0.220538 0.221173 0.223186 0.223941 0.224601 0.225246 0.225861 0.227160 0.227791 0.228426 0.229055 0.230313 0.230934 0.232178 0.232795 0.233418 0.234043 0.235309 0.235923 0.237172 0.237808 0.239108 0.240542 0.241325 0.242185 0.243102 0.243947 0.244744 0.245486 0.246228 0.246937 0.247614 0.248894 0.249522 0.250147 0.251360 0.252585 0.253229 0.253822 0.254447 0.255073 0.255681 0.256289 0.256897 0.258119 0.258763 0.259982 0.260585 0.261201 0.261818 0.262415 0.263038 0.263640 0.264249 0.264843 0.265461 0.266057 0.266663 0.267273 0.267867 0.268480 0.269071 0.269669 0.270262 0.270870 0.271469 0.272054 0.272639 0.273225 0.273804 0.274396 0.274988 0.275592 0.276170 0.276755 0.277340 0.278499 0.279089 0.279681 0.280846 0.281438 0.282605 0.283216 0.283799 0.284375 0.284965 0.285538 0.286112 0.286682 0.287261 0.288404 0.288979 0.289543 0.290125 0.290699 0.291267 0.291863 0.292429 0.293001 0.293572 0.294142 0.294719
Elapsed_time: 0.294719
Score: 2164.545416
301
129267.638665 120242.430481 113843.564120 109200.649699 102996.358757 87637.199054 67335.312847 59785.712090 46924.183435 27626.286554 24347.177633 22331.094099 21461.865173 21204.882879 20972.072257 19866.200261 15929.397998 15100.516723 15074.890408 14739.242639 14724.380787 14699.496346 14650.527188 14577.197240 14482.857248 14093.129984 14070.588964 14003.008983 13902.059386 13850.938892 13810.111722 13648.571244 13602.244520 13422.169396 13212.759873 13098.276094 12904.871655 12810.243972 12722.008388 12668.494743 12604.053899 12573.732547 12565.514318 12506.743516 12398.204578 12371.291423 12292.954509 12248.773956 12058.217314 11781.923169 11765.410353 11616.393120 11580.381072 11490.381955 11443.950872 11436.523984 11188.494870 11168.238743 11155.447235 10953.267115 10897.401642 10896.630067 10831.129406 10786.576474 10686.786173 10654.166633 10584.291824 10521.071681 10485.889390 10333.521185 10125.170354 10082.992410 10024.440598 9948.697669 9879.152223 9743.021996 9713.217422 9709.469633 9621.304643 9544.500917 9476.034835 9431.581933 9411.318279 9376.271296 9357.006623 9304.035451 9218.258827 9140.600102 9058.532397 8998.822767 8889.729518 8600.455917 8086.799398 8040.251632 8026.710341 8000.514870 7951.739995 7948.987409 7933.279128 7858.871373 7822.149580 7680.241484 7510.872032 7429.358037 7404.776198 7335.007170 7294.986359 7268.901026 7263.500239 7179.509920 7173.260217 7116.696011 7062.102836 7001.901486 6988.979811 6932.553883 6895.487130 6825.358386 6640.269749 6481.505477 6436.673625 6416.660511 6391.964554 6370.220794 6337.399962 6218.173628 6175.708754 6128.753665 6056.385704 5976.384562 5868.838248 5798.348207 5679.101692 5582.061758 5533.104202 5524.257552 5511.990562 5494.853398 5470.812524 5452.813577 5448.039352 5443.743929 5430.860749 5404.527133 5339.002303 5335.798133 5332.793599 5332.041874 5304.901973 5262.769574 5259.893757 5232.561007 5222.893777 5191.942394 5122.255263 5078.382241 5027.695661 4975.484195 4919.246639 4852.920714 4710.801026 4666.421148 4612.175894 4509.758263 4360.293169 4297.552149 4289.682050 4252.966765 4246.347908 4241.245814 4226.548938 4209.340798 4194.420301 4158.024697 4128.073393 4097.554601 4058.505705 4022.718740 3963.774033 3948.226508 3946.116008 3935.524514 3910.076147 3851.841215 3846.935727 3837.353113 3794.834276 3759.284508 3720.371858 3665.445805 3601.787687 3562.047448 3555.778720 3521.470545 3508.362984 3475.759745 3427.255959 3407.514108 3394.703139 3382.652497 3357.872062 3308.585761 3283.595113 3259.047318 3228.000792 3183.175469 3167.359250 3166.777616 3151.147129 3109.898936 3091.381138 3076.235449 3072.795984 3039.097638 3026.921499 2986.687394 2956.130671 2930.284106 2903.624789 2878.284889 2856.024542 2828.076183 2800.178823 2783.606393 2764.612516 2752.454904 2737.929286 2721.618338 2712.230733 2697.434635 2692.618164 2682.917990 2669.514608 2660.050668 2651.430793 2634.840607 2619.620860 2600.601332 2589.841161 2585.403940 2577.686578 2561.363275 2547.680833 2533.186295 2519.734731 2519.006511 2514.227587 2497.395823 2484.806601 2475.470156 2461.461988 2452.955234 2452.216788 2444.971752 2422.084460 2412.222451 2403.678197 2395.550297 2385.863994 2371.600106 2370.963438 2368.198324 2362.152140 2356.572746 2343.753415 2330.711694 2320.605817 2315.869046 2305.960419 2294.198918 2293.110287 2282.412512 2269.654607 2265.469938 2256.785383 2242.920070 2240.058968 2235.071935 2222.070209 2208.856484 2194.778961 2172.161837 2156.499335 2136.807713 2120.483221 2102.400325 2086.630203 2068.635437 2047.160046 2042.909306 2033.521342 2013.994361 2000.664547 1996.457055 1988.966407 1978.767814 1970.124957 1960.014591 1949.922867 1939.881242 1928.571806
0.000013 0.001847 0.002760 0.003659 0.004546 0.005459 0.006346 0.007219 0.008077 0.008956 0.009826 0.010673 0.011522 0.012371 0.013228 0.014111 0.015906 0.016825 0.019479 0.020358 0.023902 0.025642 0.026519 0.027380 0.028233 0.029127 0.031660 0.034317 0.035195 0.036069 0.036962 0.037846 0.040413 0.041290 0.042167 0.043051 0.043900 0.045585 0.046434 0.047308 0.048140 0.048978 0.052640 0.053559 0.054417 0.056185 0.057017 0.057866 0.058709 0.060531 0.062200 0.063067 0.063891 0.064714 0.066410 0.067256 0.068074 0.068914 0.072425 0.074859 0.076793 0.078465 0.079404 0.081004 0.081826 0.083540 0.084375 0.085185 0.085974 0.087632 0.088461 0.089274 0.090105 0.090985 0.092026 0.094864 0.100595 0.105788 0.107357 0.108791 0.110193 0.111670 0.113031 0.117531 0.118930 0.120443 0.121927 0.123499 0.124992 0.126493 0.128077 0.131073 0.132538 0.136976 0.139852 0.142607 0.143854 0.147980 0.148881 0.149675 0.150456 0.151235 0.151982 0.156507 0.158751 0.159496 0.160240 0.162673 0.164931 0.166393 0.167152 0.167899 0.168647 0.170132 0.171611 0.172374 0.173099 0.174551 0.177511 0.178993 0.179739 0.181178 0.182606 0.183347 0.184071 0.184806 0.186258 0.186983 0.187739 0.188457 0.189187 0.189909 0.190619 0.191337 0.192056 0.195265 0.196002 0.196708 0.197427 0.199538 0.200248 0.202378 0.203072 0.203774 0.204745 0.207975 0.209759 0.212974 0.213670 0.214375 0.215834 0.216649 0.218431 0.219244 0.219911 0.221313 0.222004 0.222688 0.223363 0.224049 0.224740 0.226078 0.226736 0.227451 0.228123 0.228800 0.231521 0.232180 0.233525 0.235484 0.236129 0.236792 0.237458 0.238775 0.240110 0.241452 0.242115 0.243418 0.244080 0.246046 0.247968 0.248604 0.249249 0.249899 0.252573 0.253215 0.253871 0.254523 0.255188 0.255827 0.256453 0.257107 0.257767 0.258400 0.259033 0.259651 0.260265 0.262773 0.263415 0.264033 0.264673 0.265300 0.265936 0.266581 0.267228 0.267855 0.269096 0.270329 0.270933 0.271560 0.272799 0.273414 0.275267 0.275893 0.276515 0.277128 0.277748 0.278354 0.278951 0.279588 0.280190 0.280802 0.281405 0.281996 0.282584 0.283779 0.284365 0.284991 0.285606 0.287514 0.288116 0.288718 0.289339 0.289928 0.290524 0.291124 0.291710 0.292295 0.292893 0.294092 0.294679 0.295284 0.295860 0.296433 0.297025 0.297614 0.298196 0.298789 0.299376 0.299966 0.300546 0.301145 0.302916 0.303515 0.304093 0.304683 0.305283 0.305870 0.306447 0.307037 0.307620 0.308203 0.308795 0.309378 0.309955 0.311113 0.311677 0.312253 0.312835 0.313413 0.314018 0.314609 0.315187 0.316325 0.316901 0.317494 0.318658 0.319247 0.319819 0.320399 0.320976 0.321551 0.322134 0.322714 0.323279 0.323849 0.324429 0.324989 0.325544 0.326687 0.327249 0.327801 0.328374 0.329466 0.330047 0.330598 0.331705 0.332265 0.332829 0.333392 0.333955
Elapsed_time: 0.333955
Score: 1928.571806
301
129130.258694 121689.669983 119765.790485 115505.241260 98913.848140 71279.124025 30023.241361 28371.802663 22545.911904 17127.865508 16662.659354 16585.142476 16338.744403 15879.973369 15436.555015 15124.877327 14659.742182 14543.365412 14462.575666 14165.063749 14141.635978 14137.317801 14107.861175 14045.790801 13976.226001 13948.601944 13841.490768 13762.636056 13619.517722 13450.674686 13301.555413 13136.724730 12948.459240 12620.657847 12235.822007 12033.534109 12029.497217 11999.318753 11936.449499 11865.630703 11559.058406 11098.855457 10894.186639 10878.500925 10826.506069 10734.456816 10690.726813 10634.590899 10575.883757 10453.538290 10306.038961 9876.883848 9389.769860 9348.753899 9264.886147 9151.177533 9146.565156 9098.695305 9074.095545 9041.520664 8996.380923 8959.828741 8874.806904 8753.278769 8740.091582 8649.543072 8518.400228 8391.754441 8386.060844 8346.938227 8337.790819 8323.017865 8272.797255 8166.089529 8032.674827 7881.013167 7864.557521 7803.893204 7775.406835 7769.368985 7735.501216 7629.883343 7603.373977 7579.740113 7503.582909 7444.412625 7413.088166 7377.004200 7331.886773 7237.772238 7111.274411 7105.749191 6829.573770 6708.235004 6632.323899 6563.688779 6415.716404 6406.218815 6362.516390 6328.103984 6291.429529 6274.551279 6271.892342 6263.343885 6237.568349 6216.435258 6211.409666 6160.993368 6068.167149 5997.346026 5980.317272 5964.880230 5946.577741 5936.126297 5931.400529 5897.033153 5879.492061 5873.462758 5837.539975 5787.253356 5785.104444 5781.493646 5674.859050 5641.349413 5608.068712 5553.855337 5462.140668 5420.506776 5349.790674 5287.242152 5258.215604 5211.066023 5162.760228 5092.352951 5032.340304 5004.835506 4979.662055 4922.196851 4850.176533 4755.227565 4729.966111 4703.921228 4591.558745 4582.676040 4542.065101 4485.410612 4387.216455 4342.438055 4294.003867 4256.644965 4208.827635 4152.144909 4136.491450 4076.478414 4028.548392 3964.587719 3948.345695 3924.518855 3883.088933 3824.960161 3743.039547 3682.895638 3677.627976 3636.052595 3585.166441 3508.809359 3499.511752 3496.364618 3482.866734 3450.498591 3399.270612 3357.464055 3338.906976 3302.904267 3249.001238 3226.413996 3194.148442 3155.790863 3141.793480 3126.961968 3106.846719 3070.217446 3049.948920 3027.436078 3003.035445 2975.241671 2973.854253 2939.565212 2912.193633 2882.963961 2863.678822 2835.045081 2806.417164 2782.049080 2757.685929 2737.051595 2713.095516 2692.057781 2685.468082 2674.469626 2660.307174 2658.537746 2645.986390 2635.634106 2620.334864 2610.918829 2595.482621 2573.496544 2568.623210 2554.902898 2537.599924 2521.668317 2511.501470 2498.189685 2487.386211 2472.376224 2464.321937 2461.518660 2442.273966 2437.458699 2422.436033 2412.738546 2402.987701 2393.605885 2384.655951 2373.283095 2364.303566 2361.184821 2354.191738 2340.629717 2329.249159 2319.701267 2312.517450 2305.556328 2293.641801 2283.594520 2274.467938 2266.582106 2256.358325 2248.196301 2236.987667 2234.181523 2228.971130 2214.283248 2209.921717 2193.454701 2175.647724 2159.253917 2139.779347 2129.168292 2123.255383 2121.192662 2090.821273 2070.799007 2057.441345 2051.554183 2039.098951 2020.988814 2003.614678 2000.343506 1992.130905 1973.349222 1958.916952 1939.691749 1924.591528 1912.120387 1897.051200 1881.545363 1870.788050 1860.792930 1850.576137 1846.687539 1841.330365 1826.128664 1814.971803 1801.135014 1788.302830 1783.809434 1777.373584 1769.716741 1759.170954 1751.009083 1748.125327 1735.074960 1727.092137 1717.976264 1709.233890 1702.798613 1701.222219 1694.566404 1687.069759 1680.531317 1674.267382 1672.387741 1668.271221 1664.585210 1654.737705 1648.053064 1640.777732 1634.040892 1628.272898
0.000013 0.001815 0.002722 0.003602 0.004510 0.005415 0.006291 0.007154 0.007994 0.008979 0.009988 0.011237 0.012075 0.012972 0.013863 0.014751 0.015626 0.017367 0.018265 0.019124 0.020000 0.023456 0.024347 0.026036 0.026883 0.027726 0.028644 0.031368 0.033093 0.033962 0.034809 0.035646 0.036515 0.037394 0.038265 0.042540 0.045917 0.046723 0.047526 0.049213 0.050048 0.051725 0.052570 0.055016 0.055821 0.056651 0.057467 0.058300 0.059096 0.059898 0.060724 0.061542 0.062357 0.063172 0.063970 0.064789 0.067175 0.067980 0.071187 0.071973 0.072802 0.073572 0.074374 0.075965 0.078403 0.079177 0.079960 0.080774 0.083123 0.084654 0.085449 0.086975 0.087735 0.088525 0.089304 0.090096 0.090858 0.093310 0.094103 0.096409 0.097170 0.099479 0.101868 0.103416 0.104161 0.104932 0.105693 0.107188 0.107953 0.108719 0.109459 0.111739 0.113989 0.114715 0.115447 0.116172 0.116932 0.118393 0.119135 0.119861 0.120575 0.121311 0.124319 0.125067 0.125803 0.126522 0.127252 0.127977 0.128729 0.129458 0.130881 0.131592 0.132342 0.134500 0.135216 0.135916 0.137364 0.138793 0.139515 0.140238 0.140933 0.143761 0.144496 0.145904 0.146630 0.147324 0.148037 0.149482 0.150169 0.150860 0.152228 0.152927 0.153623 0.154308 0.155010 0.155695 0.156373 0.157079 0.157773 0.158461 0.159132 0.159805 0.160485 0.161832 0.162531 0.163193 0.163857 0.164512 0.165179 0.165820 0.166477 0.167133 0.168453 0.169106 0.169753 0.172338 0.172974 0.173611 0.174248 0.174877 0.175523 0.177414 0.179321 0.179961 0.180592 0.181227 0.182483 0.183122 0.183755 0.184402 0.185025 0.185651 0.186894 0.187521 0.188148 0.188778 0.189388 0.190010 0.190626 0.191229 0.191849 0.192496 0.193112 0.193734 0.194349 0.194959 0.195565 0.196165 0.196785 0.197380 0.198006 0.198625 0.199227 0.199847 0.200476 0.201095 0.201698 0.202303 0.203490 0.204094 0.204704 0.205312 0.205912 0.206503 0.207108 0.207695 0.208300 0.208886 0.210073 0.210664 0.211256 0.211834 0.212441 0.213037 0.213628 0.214225 0.214807 0.215402 0.215981 0.217153 0.217763 0.218364 0.218960 0.219553 0.220140 0.220753 0.221327 0.221924 0.222543 0.223127 0.223725 0.224375 0.224961 0.225549 0.226130 0.226725 0.227313 0.227889 0.228571 0.229231 0.229817 0.230994 0.231571 0.232156 0.232805 0.233381 0.233958 0.234537 0.235127 0.235689 0.236286 0.236851 0.237418 0.238005 0.238615 0.239212 0.239807 0.240419 0.240986 0.241543 0.242113 0.242679 0.243272 0.243847 0.244500 0.245071 0.245627 0.246191 0.246765 0.247334 0.247959 0.249378 0.249959 0.250527 0.251102 0.251671 0.252249 0.252827 0.253381 0.253946 0.254494 0.255043 0.255596 0.256139 0.256700 0.257236 0.257797 0.258341 0.258884 0.259424 0.259975 0.260537 0.261097 0.261651 0.262191 0.262724 0.263256 0.263811 0.264415 0.265005 0.265539
Elapsed_time: 0.265539
Score: 1628.272898
