5
301
1499180.886692 1443337.246546 1403934.532695 1366512.839259 1304626.066192 1199087.630735 908524.116726 624350.467058 428866.306989 365698.939489 323593.700421 263994.153702 244117.635614 237441.381442 237376.157190 237069.689010 236631.429003 236067.163041 234900.083245 230554.322216 223066.242369 212146.446158 192369.256196 189961.749766 189275.386049 188614.363327 186894.118274 186876.418489 186762.457205 186394.949210 185868.274652 184987.915813 184637.143297 183728.491091 183647.453694 182848.032729 182601.357210 182516.081664 182462.725032 182253.590281 181918.624267 181287.465909 181081.841927 180836.494571 180456.951771 180144.733536 179769.629708 179250.998001 178440.300905 178331.484530 178299.469954 178232.580584 178069.713011 177643.334707 177507.328322 177186.278185 176913.965271 176700.820674 176525.588272 176060.197723 175733.349040 175564.400661 174575.696165 174316.706476 174032.935111 173725.172303 173019.846473 172600.623234 172308.490342 171861.330135 171504.759865 170417.057669 170247.174640 169201.635795 168022.012495 167882.373507 167844.873152 167582.972268 167375.053881 167260.192110 166814.909930 166358.602058 165869.792961 165089.651375 164365.329563 163896.542227 163453.596877 162961.565403 162428.168404 161877.350482 161543.250740 160292.874395 160066.614204 159973.761919 159022.731727 158118.578997 158048.943527 158042.479468 157928.173185 157867.730581 157693.176901 157525.622290 157507.529143 157311.092357 157275.854343 157254.708458 157038.595966 156839.627986 156543.907719 156170.446074 155963.111450 155420.792269 154665.742546 154341.734286 154204.231373 153932.117460 153725.423718 153259.739048 152900.732228 152796.550582 152663.498290 152519.876056 152425.147193 152112.039300 151861.112462 151729.503789 151390.867978 151285.728545 150966.794918 150776.177151 150616.829090 150452.454845 150187.805116 150026.857382 149897.028267 149395.382545 147528.538663 146499.168817 146475.840826 146269.057923 146198.989816 145968.832700 145795.425629 145474.918288 145370.196204 145295.568965 145076.092659 144955.817689 144802.374703 144424.232804 144355.014509 144229.314976 144032.091194 143882.728444 143482.087266 143182.402174 142959.979627 142378.236938 142037.418940 141772.414907 141729.636020 141608.248380 141568.916214 141445.193848 141362.586659 141208.971849 140772.166957 140579.727658 140219.059785 139413.316050 139119.276129 139058.939383 138983.445721 138904.981284 138807.806897 138573.734684 138374.450919 138333.898141 138191.037118 137855.921704 137536.095658 137098.883174 135346.954795 134680.258048 134489.888610 134483.455299 133956.624910 133852.807889 133734.086498 133668.303278 133464.577874 133331.601422 132943.583924 132333.080634 131537.690027 131404.878897 130750.760097 130537.714320 130246.365894 130174.048417 130135.083241 130082.842547 129995.865155 129822.498198 129796.248205 129575.288778 129300.914691 129140.642049 128866.153196 128769.621207 128471.728592 128149.178392 127781.716225 127449.933675 127332.978489 127049.846083 126666.209736 126093.704945 125657.601449 125517.426711 125482.134992 125381.480783 124989.882788 123434.029291 123106.752357 123068.786834 122804.425443 122698.389735 122603.932898 122480.468827 122379.822369 122369.019127 122255.365823 122098.332905 121899.613678 121355.646787 121178.522730 121061.988986 121052.957056 120540.946656 120221.004251 120155.282014 119708.461733 119506.765931 119103.928128 118893.955516 118880.925501 118786.057002 118386.279169 118298.525526 118036.009721 117856.605154 117680.886723 117459.927644 117385.126088 117187.638399 117070.570103 117026.136954 116780.891628 116590.526055 116426.209458 116327.049621 116043.373982 115731.591178 115420.622730 115046.561140 113600.647423 113563.860235 113559.825911 113251.417198 113143.106845 112769.124852 112624.456142 112615.661943 112422.436149 112287.365815 111593.807097 111582.856835 111159.785755 111139.831659 111059.411145 110947.258207 110676.941887 110170.992937 109354.816564 108911.161731 108903.247432 108854.999326 108822.397503 108808.170573 108750.552792 108595.682764 108304.008251 108183.967633 107995.423786 107716.303108 107515.394239 107436.884575 107159.955358 106971.197399 106827.386847
0.000067 0.020873 0.031818 0.042565 0.053119 0.064665 0.077343 0.087509 0.097586 0.107701 0.117901 0.128340 0.140574 0.152433 0.172932 0.183021 0.193146 0.204756 0.215368 0.225689 0.238120 0.248731 0.259582 0.269923 0.280171 0.291334 0.313363 0.419233 0.431235 0.442995 0.457917 0.471247 0.485406 0.510264 0.571353 0.597889 0.631735 0.653260 0.663594 0.674965 0.687389 0.697549 0.718043 0.729934 0.740242 0.750608 0.794984 0.827236 0.839265 0.849580 0.884035 0.895205 0.917242 0.927775 0.937951 0.948203 0.958337 1.010279 1.022687 1.032985 1.043276 1.053893 1.064171 1.075037 1.085265 1.096141 1.106823 1.128028 1.138194 1.148337 1.168608 1.178737 1.189109 1.199234 1.228392 1.289617 1.321129 1.331198 1.351486 1.361785 1.372647 1.384118 1.394276 1.404437 1.415012 1.425666 1.438373 1.448510 1.458689 1.468853 1.479440 1.489803 1.510871 1.545099 1.555344 1.576011 1.616891 1.685327 1.700012 1.713130 1.723239 1.733356 1.743352 1.753475 1.774262 1.806117 1.816182 1.826235 1.837170 1.847668 1.872101 1.882641 1.893115 1.913176 1.933380 1.943396 1.953438 1.963500 1.973485 2.004924 2.062709 2.075301 2.086040 2.097955 2.120259 2.130450 2.141136 2.161177 2.171109 2.181104 2.193891 2.207273 2.217532 2.247470 2.259496 2.272189 2.292046 2.302898 2.343582 2.384176 2.394733 2.415134 2.425284 2.435425 2.466166 2.476103 2.486066 2.496763 2.506758 2.549782 2.570406 2.582745 2.596829 2.608007 2.618549 2.632007 2.644261 2.654139 2.664008 2.684361 2.718137 2.729356 2.762470 2.774999 2.797954 2.809364 2.820880 2.842584 2.883800 2.895404 2.906000 2.958000 2.967962 2.988752 2.998564 3.008681 3.018709 3.058304 3.069645 3.079556 3.089565 3.100691 3.112571 3.155326 3.230013 3.280384 3.290211 3.299890 3.328876 3.338586 3.348522 3.358323 3.370783 3.384093 3.394350 3.425949 3.436081 3.455634 3.504196 3.514027 3.523815 3.554626 3.608411 3.640935 3.673021 3.683803 3.694101 3.733843 3.753104 3.762789 3.773876 3.784747 3.824377 3.834464 3.863658 3.883967 3.897092 3.906830 3.916723 3.936142 3.979404 3.990463 4.000665 4.011993 4.043536 4.065007 4.077259 4.107513 4.136252 4.146942 4.179669 4.215972 4.227119 4.238665 4.248249 4.257786 4.286640 4.328704 4.338415 4.348083 4.358732 4.369360 4.378900 4.388574 4.398464 4.455353 4.504389 4.532701 4.580116 4.600276 4.613072 4.626141 4.636426 4.648374 4.660938 4.673747 4.686257 4.698400 4.710166 4.721402 4.730896 4.741378 4.751742 4.763213 4.773519 4.784592 4.826802 4.864458 4.873906 4.883314 4.902089 4.911566 4.960621 4.992040 5.001442 5.010781 5.020098 5.030881 5.088294 5.145490 5.154867 5.164199 5.173802 5.183653 5.204248 5.235837 5.282062 5.300980 5.320946 5.351336 5.361375 5.370790 5.401500 5.411642 5.420965 5.430259 5.448821 5.476727 5.486259 5.496098 5.509757
Elapsed_time: 5.509757
Score: 106827.386847
301
1510062.463190 1456853.073140 1422565.969667 1388686.413431 1351335.906725 1251241.442347 930388.119105 610565.256289 434892.649613 356554.329594 306713.991675 254081.287478 230947.821283 228685.235990 228065.501046 227799.060499 226580.417661 224556.826917 222238.266274 214752.673312 195420.627850 190054.052812 187159.155895 183922.756264 183185.889375 183101.442412 182878.078565 182853.616567 182604.390255 182490.918810 182240.841009 181917.772502 181584.825093 180438.190504 179570.616408 178832.693283 178594.480119 178317.724156 178244.984884 178207.915105 178148.231025 178122.123788 178009.162596 177904.505232 177733.825463 177474.808162 176812.483744 176249.773840 175749.219091 175335.859853 175260.393707 174909.924677 174560.102200 173757.128953 173531.406341 173251.756981 173181.501140 173163.220118 173072.868494 172833.758662 172690.890599 172489.279120 171855.031175 170137.889685 170071.711368 169373.371087 169181.216067 169174.024388 169063.431177 168905.642135 168813.396650 168568.920941 167910.069040 167025.059824 166314.285350 165194.825675 164666.327231 164117.690643 163868.484435 163770.937223 163567.220890 163473.235403 163389.240559 163049.044480 162727.626293 162695.941320 162389.270895 162215.680737 162098.610179 161861.950149 161811.649653 161586.134863 161027.007560 159364.785444 159348.594071 159171.048913 158931.459968 158669.100690 158364.956226 158073.340600 157371.199844 157029.890943 156529.967305 154934.961033 154143.379742 154047.743564 153804.124877 153424.719501 153206.171249 152884.710546 151993.090071 151238.157797 150650.780449 150320.384453 149789.595330 149415.707070 148771.947597 148566.723404 148368.235097 148130.264208 147950.815894 147704.751783 147363.393573 146947.045174 146938.682101 146886.675310 146704.251715 146610.753424 146416.441686 146227.859347 146118.074991 146089.373565 145848.534972 145724.587422 145524.325589 145459.198014 145165.159048 145059.502045 144967.585062 144720.179078 144583.447541 144497.091728 144200.345013 143937.225810 143478.993094 143411.353598 143223.868208 143062.620524 143002.511868 142959.236566 142807.552396 142601.107285 142386.608949 142148.733148 142103.683953 141876.013403 141706.326532 140978.828275 140721.440179 140381.436419 140312.107763 140084.292374 139980.495003 139533.610759 138289.940220 137920.690910 137920.097984 137849.406225 137837.547745 137819.891860 137756.196962 137715.468298 137483.095288 137423.046992 137234.895478 137171.976781 136998.204693 136825.193992 136648.757843 136209.483725 136031.505211 135607.773306 135334.027941 134747.622095 134173.971283 133686.196935 133318.561392 132965.701690 132217.839991 131864.273642 131312.426733 131206.307301 131052.785510 130977.401350 130685.667027 130521.251311 130416.008706 130381.955920 130365.709796 130284.880561 130273.603451 130058.594454 130023.113792 129908.795271 129873.762361 129685.835954 129562.278875 128958.590929 128670.902242 128296.365192 127750.362926 127444.679756 126930.032240 126647.027825 126314.075195 126238.488585 126103.225958 125760.790662 125253.680084 124928.061085 124608.471869 124365.783271 124160.185908 124157.952037 124122.389527 124048.551900 123820.192411 123490.817533 123233.211503 122870.035395 122651.066061 122454.852292 121839.364096 121486.085357 121378.903456 121342.487178 121122.036599 120944.783634 120456.415842 119811.006222 117781.915575 117678.818834 117586.943490 117575.450009 117447.604810 117269.866214 117005.486888 116690.370085 116161.747694 115707.798450 115177.577875 114682.835687 114291.261842 113626.962404 113513.488499 113261.478158 113238.631556 112933.510004 112802.101820 112592.871125 112510.329452 112067.605568 111600.313956 111299.834095 111142.499430 111125.963781 110873.973811 110817.628612 110747.724349 110734.725598 110559.764178 110400.508804 109620.930398 109604.556360 109553.525953 109079.676899 109061.739338 109030.781315 108881.510550 108823.110793 108678.076496 108467.432293 108342.460230 108288.559308 108066.977910 107814.721253 107250.637871 106404.623109 106148.545953 106142.012276 106087.345033 105902.798945 105740.268542 105561.656587 105532.399049 105518.325139 105455.156389 105333.118281 105258.192346 105094.455583 104930.410462
0.000057 0.023029 0.033502 0.043970 0.054487 0.065017 0.075384 0.085641 0.095788 0.106197 0.116386 0.127345 0.137442 0.147712 0.157850 0.168304 0.178432 0.188565 0.198699 0.208897 0.219120 0.249880 0.260158 0.323795 0.335421 0.368132 0.378411 0.452152 0.462812 0.473088 0.483690 0.493931 0.504925 0.515326 0.525719 0.537745 0.549652 0.559836 0.570106 0.580369 0.630376 0.682750 0.693038 0.717425 0.730249 0.741027 0.751387 0.772407 0.783475 0.817138 0.827883 0.839496 0.849678 0.859974 0.870542 0.880790 0.916720 0.952952 0.989433 1.010357 1.020826 1.063469 1.093985 1.165932 1.176181 1.187339 1.230241 1.263527 1.274443 1.285959 1.327999 1.348449 1.369615 1.380205 1.390351 1.400578 1.410780 1.420924 1.431043 1.441186 1.451363 1.471750 1.482095 1.492209 1.502608 1.525600 1.535962 1.557968 1.569858 1.580814 1.624003 1.644882 1.690476 1.772097 1.844164 1.857728 1.868000 1.878212 1.889141 1.900719 1.911324 1.921605 1.931716 1.982095 1.992151 2.033936 2.044083 2.054818 2.065090 2.095663 2.105916 2.116003 2.126096 2.136104 2.146100 2.156407 2.180557 2.204529 2.214696 2.224911 2.235538 2.246043 2.256648 2.266719 2.308573 2.329034 2.339171 2.349619 2.360802 2.373316 2.383485 2.393582 2.405153 2.426222 2.459509 2.470274 2.480238 2.500113 2.510326 2.534080 2.547829 2.572737 2.586103 2.598748 2.610334 2.620329 2.630265 2.661102 2.692815 2.702940 2.713516 2.724336 2.735382 2.757596 2.768399 2.778595 2.789053 2.810921 2.821031 2.831189 2.852394 2.863369 2.876645 2.887458 2.899957 2.946545 2.968828 3.023007 3.047182 3.075206 3.108654 3.118541 3.128400 3.138239 3.148147 3.157964 3.178794 3.189134 3.199167 3.209061 3.221930 3.233490 3.246910 3.256793 3.266621 3.286150 3.296004 3.305943 3.355260 3.424943 3.444702 3.486324 3.516056 3.546303 3.557219 3.567065 3.587603 3.619151 3.628950 3.638618 3.659022 3.679519 3.715371 3.727736 3.738202 3.748247 3.758031 3.768185 3.801940 3.815564 3.827299 3.838314 3.851583 3.862832 3.882496 3.901983 3.911754 3.922099 3.931918 3.942380 3.952897 3.962789 3.972555 4.001672 4.021117 4.031579 4.041833 4.053804 4.064063 4.074412 4.084182 4.093841 4.103535 4.113108 4.132335 4.141964 4.151858 4.161459 4.171612 4.183674 4.206553 4.225679 4.235233 4.289250 4.299156 4.308857 4.321245 4.332719 4.342202 4.351723 4.361401 4.371031 4.382891 4.392352 4.401999 4.447269 4.459782 4.470533 4.480077 4.489743 4.501899 4.512856 4.522282 4.532808 4.542553 4.561488 4.570929 4.599005 4.609816 4.619277 4.628700 4.638049 4.649155 4.659140 4.678411 4.689893 4.712311 4.740107 4.749381 4.768198 4.777460 4.786754 4.796108 4.816924 4.830656 4.843952 4.854323 4.863629 4.882158 4.921426 4.940052 4.949428 4.958730 4.978748 4.988193 5.017229 5.026843 5.056517 5.075719 5.085149 5.103936
Elapsed_time: 5.103936
Score: 104930.410462
301
1478351.771274 1424658.619546 1389139.717690 1351488.095605 1298421.936638 1220481.634485 1028419.779314 673696.885048 521080.164961 393535.137480 299718.399780 255433.230752 236994.575983 235823.781514 235470.823930 234819.397462 233147.053876 228923.143133 220527.341312 192206.017567 192184.803165 189331.512068 185643.103727 185591.940203 185488.512546 184681.481833 184618.914629 184538.696768 183545.503702 182768.636781 181101.044597 179805.431744 178504.764036 177194.479074 176521.767678 176506.075700 176302.906473 176218.388219 175787.399530 175663.603279 175394.679547 175299.750844 175010.271451 174466.496076 173920.453199 173196.730494 173019.971832 172629.235847 172292.978285 171621.217080 170984.756033 170384.452373 170112.571300 169507.204796 169387.006904 169337.507613 169223.790103 169029.815646 168827.356626 168411.388774 167866.976538 167720.870280 166128.929287 164961.261819 164721.211935 164602.699852 164595.960927 164590.210509 164380.503805 164231.133764 164046.155118 163799.917180 163638.280571 163435.727395 163091.302280 162725.123324 162146.376377 161692.796137 161199.346229 160640.012297 159596.073611 158304.498236 157182.399768 157177.430529 157123.098607 156808.893208 156530.407081 156368.755687 156251.312349 156034.348857 156030.685291 155821.247942 155677.919526 155134.777843 154777.311917 154375.380184 153587.646558 153282.674755 152921.384704 152176.109553 149456.355730 148628.970298 148597.402789 148551.628829 148220.289497 147946.836859 147775.139272 147751.658363 147553.117454 147384.029500 147237.306951 146710.689044 145949.688051 145456.674614 145132.415507 144987.298167 144795.526873 144560.017031 143837.568653 142816.556456 141126.690331 140128.658115 140080.740626 139862.345270 139651.578645 139622.878307 139236.774302 139074.949148 138880.640536 138539.279806 138204.912597 137786.520228 137154.124420 137075.458668 137000.456227 136931.538958 136890.761771 136811.739900 136588.959941 136393.915832 136249.842411 136054.364099 135974.962655 135835.989003 135778.438460 135727.500616 135639.128634 135571.737008 135531.451171 135512.469559 135292.506665 135080.495928 134802.387547 134141.204574 133628.741157 132452.910201 131364.797175 131110.114127 131063.974429 131052.940313 131042.857221 130951.405991 130840.044390 130693.163770 130478.018915 130376.496854 130145.001968 130026.323863 129906.744887 129629.248613 129472.605976 129226.095466 128805.592970 128288.430906 127718.356123 127311.495956 126995.819020 126995.229511 126779.279249 126483.025764 126403.344174 126348.285614 126327.197875 126294.613081 126187.837450 125922.621556 125507.836626 125097.903825 124270.481784 123518.541407 123367.534344 122885.088192 122571.864874 121842.913632 121724.112390 121704.979202 121643.395991 121465.143428 121189.195491 120684.743449 119991.415379 119259.196187 118189.731049 118171.003548 118145.085682 118044.524613 117942.467004 117812.925832 117432.022388 116885.616590 116607.101237 116035.603226 115827.684517 115578.445396 115514.220450 115193.831615 115094.978027 114973.729523 114799.256969 114784.459737 114674.609727 114556.335701 114462.178041 114393.063375 114296.276801 114121.917200 113993.039610 113748.091959 113650.326938 113566.205417 113562.379066 113297.468070 113219.302826 113147.624814 113003.667791 112854.547954 112242.986988 111608.028149 111174.273713 110462.712108 110438.699554 110377.593101 110253.696989 110217.302748 110108.952095 110012.654834 109836.111590 109485.504053 108947.974880 108547.036882 108195.092219 107520.980579 107484.104466 107086.634077 106962.391289 106798.116944 106719.496117 106711.719912 106686.383576 106632.568322 106476.116820 106390.428718 106006.591877 105331.643781 104972.355649 104726.977062 104404.836145 104201.262203 104195.076530 104009.797068 103829.728722 103388.983298 103009.260332 102895.833446 102399.930812 102368.006296 102239.533481 102057.225779 101728.150767 101134.606689 101075.240971 100779.032167 100712.971217 100483.934397 100294.244567 100232.414800 100190.516231 100157.181861 100024.156536 99962.129634 99884.222607 99883.887315 99724.180756 99630.871949 99428.173934 99166.488447 99035.927306 98623.055964 98373.348907 97983.003803 97875.438194
0.000038 0.024620 0.037501 0.047965 0.058443 0.068851 0.079213 0.089355 0.099409 0.109455 0.119723 0.130392 0.141903 0.155439 0.168657 0.181595 0.194019 0.206992 0.217479 0.227707 0.259577 0.271211 0.302198 0.323269 0.410625 0.422326 0.443842 0.467944 0.480300 0.491428 0.511857 0.532333 0.542590 0.553292 0.564630 0.575203 0.606853 0.617190 0.629190 0.639773 0.650092 0.674209 0.684725 0.695217 0.705733 0.716639 0.739003 0.750123 0.770578 0.781104 0.792657 0.816677 0.828602 0.838820 0.904037 0.962041 0.988313 0.998613 1.008881 1.019097 1.029329 1.105583 1.168066 1.188410 1.229132 1.259635 1.269870 1.332389 1.342497 1.352661 1.363548 1.383749 1.406316 1.419629 1.430781 1.440877 1.450993 1.461103 1.471193 1.481332 1.491390 1.501433 1.511522 1.521560 1.541602 1.551658 1.592065 1.604262 1.630636 1.640742 1.673423 1.683490 1.693744 1.706720 1.730958 1.741105 1.753322 1.764120 1.774338 1.784653 1.816170 1.826729 1.858884 1.911050 1.921110 1.931326 1.952757 1.966591 1.980904 1.990924 2.000894 2.010818 2.020803 2.030778 2.040676 2.062354 2.076689 2.090642 2.104111 2.135668 2.145833 2.202782 2.222802 2.232950 2.252788 2.272594 2.282430 2.292366 2.313226 2.323146 2.333036 2.343266 2.354692 2.376450 2.388772 2.399265 2.422126 2.432682 2.442592 2.466157 2.476714 2.486576 2.496373 2.506264 2.535886 2.560279 2.573735 2.587357 2.599162 2.651707 2.671372 2.681246 2.691079 2.700947 2.710848 2.720699 2.730457 2.759911 2.805296 2.860794 2.871075 2.890811 2.900614 2.911002 2.921971 2.934980 2.946716 2.956915 2.970483 2.990593 3.000549 3.011456 3.024372 3.037494 3.060965 3.070684 3.123817 3.162796 3.172625 3.212185 3.222454 3.233647 3.275120 3.324166 3.333944 3.343718 3.353405 3.363128 3.372861 3.382702 3.392430 3.404587 3.414427 3.427898 3.438825 3.470893 3.480578 3.490307 3.500096 3.509731 3.519381 3.529254 3.538905 3.589030 3.637917 3.658569 3.668717 3.678311 3.687890 3.697403 3.707353 3.717432 3.736519 3.746009 3.784536 3.794384 3.806837 3.819803 3.849968 3.870682 3.889755 3.899373 3.918523 3.960364 3.971531 3.984344 4.008036 4.019817 4.030687 4.061949 4.082547 4.093165 4.113444 4.123300 4.134137 4.143578 4.155073 4.167544 4.191739 4.201795 4.238712 4.304775 4.315613 4.347741 4.358305 4.377362 4.386740 4.396270 4.405690 4.434099 4.444388 4.453822 4.498739 4.508432 4.518008 4.537171 4.547097 4.593885 4.631617 4.640893 4.650273 4.659505 4.668810 4.678094 4.696547 4.705830 4.715092 4.724390 4.752329 4.761575 4.770773 4.780517 4.793222 4.818881 4.831336 4.885605 4.898811 4.910978 4.920562 4.931961 4.950363 4.959549 4.980038 4.992889 5.030200 5.048863 5.078661 5.116022 5.127587 5.160666 5.172363 5.182211 5.191673 5.202587 5.211850 5.222556 5.251661 5.261428 5.271300 5.281541 5.310646
Elapsed_time: 5.310646
Score: 97875.438194
301
1469183.296409 1416905.212355 1384148.402435 1352658.147005 1321288.296349 1232819.403551 946772.605244 645138.180496 453543.506412 347847.105370 282689.857060 267919.229890 252237.276726 243252.881972 239244.373997 238022.761640 237661.297664 237210.651825 235655.307077 233377.990364 224260.790896 211426.568635 194636.150144 191265.280170 187078.456687 186882.510719 186548.744248 186240.153642 186072.090703 185832.873588 185114.270269 184364.680944 183425.226638 183006.428105 181915.170237 180442.810325 177010.959294 175477.760564 175344.311247 175215.871817 175067.776335 175007.885653 174787.231176 174497.243037 174163.499671 173828.763652 173265.668001 172405.559060 172305.528245 172244.715068 171709.853646 171604.078781 171400.787954 171268.263796 170728.126143 169899.597552 169635.585204 169554.575747 169310.681276 169150.207978 168910.622755 168466.646835 167964.203462 167760.383736 165432.639796 164651.020429 164641.602303 164240.437289 163561.871284 163412.123445 163360.290484 163288.393513 163047.992405 162692.966289 162156.757206 161884.814031 161530.231761 161039.726182 159935.061118 159393.876975 159335.053118 159212.850537 158959.990820 157965.221500 156768.263959 156132.668076 156090.132087 155867.115303 155823.257952 155802.744196 155715.778179 155595.397213 155239.795129 154813.684745 154691.086216 154406.649331 154236.993715 154055.545548 153754.320748 153592.818812 153549.958405 153218.015312 153155.814191 152424.668958 152345.627926 152134.520167 152088.421948 151946.856664 151831.008382 151659.537738 151264.069180 150251.772878 150084.036159 150041.966701 149858.814277 148884.451736 148151.762399 148089.195914 147963.333285 147909.003881 147810.900471 147653.810749 147414.617038 147359.508747 147333.996641 147258.942412 147236.355933 147203.512594 146966.614565 146660.979246 146517.498647 146209.107261 146106.339462 145986.070730 145705.265902 145604.349590 145505.933413 145489.281654 145459.855902 145320.696492 145221.442931 145144.616258 144986.624494 144948.487092 144812.290777 144686.671015 144583.269032 144383.088900 144157.136241 144058.870836 143921.483445 143527.400296 142720.752361 141347.663520 141243.280912 141208.356979 140997.209947 140675.283827 140019.799437 139894.465202 139810.392180 139622.623981 138496.276586 137584.859597 137337.999925 136922.678708 136903.958314 136870.005571 136576.501390 136515.191647 136512.801081 136441.025632 136257.152104 136120.364444 136023.595222 136004.523935 135613.886710 135493.353557 134974.084570 134933.848429 134293.309091 133765.833320 133656.279442 133422.709981 132683.900567 132638.576266 132518.407218 132494.826019 132362.414948 132304.780862 132136.334411 131532.570351 130857.644811 130390.233719 130234.403019 130225.155726 130128.974042 129963.692814 129724.116222 129561.830596 129357.102980 129173.195540 128403.122854 127424.248006 127401.882073 127381.237381 127226.688610 127118.418794 126932.123356 126455.038297 126016.790489 125563.639721 124792.639267 124722.594458 124672.032252 124640.107928 124519.573995 124466.215777 124446.430462 124345.897768 124183.859719 124069.091947 123613.370118 123342.868405 123190.013118 123113.052587 123071.609928 122725.302567 122704.548696 122411.307046 122348.120631 122044.282212 122021.384322 121660.430803 121388.765222 120877.717162 120319.617088 119933.976399 119570.040490 119187.879714 118737.707108 118413.785617 118206.988329 118089.966892 118025.274381 117516.033577 117375.640481 117207.288136 116882.985839 116801.382658 116130.517188 116110.802784 115982.884361 115789.890034 115335.283283 115101.872480 114067.630327 113567.279752 113481.945394 113328.793883 113049.447268 112807.378627 112261.744267 112254.902677 112236.019049 112215.844660 112036.354911 111936.511782 111706.131626 111317.850202 110686.307011 110048.105007 109561.576417 109189.558643 108961.511677 108043.896524 107956.564232 107849.885569 107790.558392 107364.785362 107293.161628 107283.208855 107184.120272 107084.697242 106856.879147 106464.115837 106038.196922 105807.512046 105329.546038 105226.453326 105169.669399 104764.672748 104307.180991 104228.447295 104166.732426 104100.126476 103935.825341 103563.920930 102878.989895 102723.317412 102564.452036
0.000037 0.020812 0.031230 0.041678 0.052025 0.062479 0.072722 0.082832 0.092963 0.103012 0.117007 0.130164 0.141641 0.152839 0.164186 0.183894 0.193753 0.203617 0.213574 0.223436 0.233395 0.243640 0.253940 0.305149 0.368006 0.430546 0.475295 0.487162 0.523719 0.534026 0.544329 0.554700 0.567341 0.580249 0.590521 0.610984 0.621409 0.659571 0.727423 0.737521 0.747623 0.767826 0.788185 0.798954 0.810361 0.846227 0.866403 0.876756 0.901831 0.938360 0.948462 0.968720 0.979034 0.989132 1.001369 1.011674 1.031936 1.042186 1.052509 1.075542 1.089083 1.100258 1.110404 1.121127 1.134754 1.145965 1.213141 1.225472 1.235921 1.276113 1.296257 1.306862 1.316894 1.326986 1.338035 1.351962 1.362285 1.372398 1.382527 1.392996 1.413913 1.424639 1.455344 1.465409 1.475577 1.518941 1.540524 1.567095 1.616345 1.641214 1.652673 1.678779 1.689056 1.699113 1.730015 1.740267 1.781705 1.791739 1.801707 1.811752 1.851773 1.861793 1.872002 1.882999 1.897039 1.908775 1.918982 1.939181 1.949325 1.961779 1.973175 1.993354 2.025505 2.056825 2.068636 2.115170 2.182240 2.226404 2.246458 2.256516 2.268949 2.279311 2.290057 2.351549 2.401402 2.421654 2.432164 2.486129 2.498281 2.508565 2.529054 2.540778 2.562881 2.572850 2.592820 2.602793 2.612799 2.622798 2.665619 2.675776 2.699107 2.709720 2.719796 2.743607 2.754562 2.767722 2.779938 2.792736 2.805854 2.826814 2.839008 2.849244 2.859714 2.916416 2.939155 2.996390 3.008330 3.018418 3.028657 3.040008 3.094903 3.104920 3.114970 3.125032 3.134999 3.145079 3.165392 3.176256 3.186539 3.219152 3.229130 3.259218 3.269562 3.308395 3.320843 3.343240 3.353456 3.365248 3.375149 3.385045 3.395010 3.404896 3.438007 3.447867 3.524120 3.578105 3.588531 3.642930 3.652820 3.662853 3.673347 3.684209 3.695127 3.737390 3.778736 3.829907 3.839657 3.849642 3.859430 3.869177 3.888666 3.898421 3.908154 3.917881 3.946989 3.989821 4.001982 4.013927 4.023730 4.033464 4.045204 4.056062 4.075459 4.108519 4.160623 4.180459 4.212484 4.225386 4.260431 4.270299 4.280090 4.292515 4.303711 4.313951 4.334084 4.372900 4.382577 4.392193 4.411498 4.421265 4.444229 4.454265 4.494340 4.504056 4.523334 4.533032 4.542820 4.552639 4.562472 4.572220 4.581990 4.592581 4.602213 4.650179 4.659788 4.710647 4.721277 4.740416 4.750047 4.759661 4.769167 4.807415 4.816978 4.826478 4.836017 4.845540 4.855067 4.864645 4.885420 4.895138 4.904585 4.914042 4.923506 4.951675 4.961970 5.025680 5.036624 5.046077 5.055491 5.064929 5.074715 5.084136 5.093630 5.103242 5.113595 5.122970 5.172272 5.221854 5.250777 5.261766 5.280739 5.336244 5.346894 5.361003 5.370841 5.383166 5.392504 5.412346 5.422288 5.481240 5.499924 5.509395 5.560948 5.598941 5.608366 5.617686 5.626969 5.636320 5.645895 5.674264 5.692633
Elapsed_time: 5.692633
Score: 102564.452036
301
1467854.668416 1416559.750765 1382578.950971 1357900.386745 1315331.393077 1138304.574438 765445.835210 530046.584417 418701.962282 351128.889860 286681.824392 245272.567275 225435.869443 213160.527890 212179.661815 211545.510530 210804.793949 210434.968139 209660.463542 206884.149523 203556.146881 199062.390300 196830.838524 194799.254199 193815.917521 191524.975681 191273.707543 190784.594167 190496.229108 190413.685549 189886.885141 189055.631899 188453.355968 187931.811211 187187.554667 187161.913990 186879.577274 186258.256741 184705.551702 181414.078179 181156.645854 180954.609143 180834.655645 180195.219993 180144.101346 180003.544071 179946.830208 179839.795854 179677.069018 179565.003965 178861.679161 178761.067055 178406.154006 178080.013061 177537.542083 177180.803956 176281.231438 176023.442464 174316.844572 173793.555444 173717.919355 173633.605429 173481.985895 173312.031938 173127.939487 172892.108776 172738.137617 172619.899801 172603.549453 172075.472279 171405.364946 171259.331558 170767.900566 170585.983809 169930.811113 169248.939475 168664.246026 168251.227925 167928.289510 167637.071936 167296.656879 166325.322827 166052.108061 165255.252177 165050.615543 163757.437226 163173.182746 161115.430615 160435.482040 159839.377762 157399.161854 157211.026477 157202.157468 157184.594919 157036.802230 156835.098498 156649.565347 156460.606033 156412.687702 156299.508193 156118.976140 156053.423603 155790.643723 155426.938799 155188.945624 154889.939604 154642.850071 153983.464609 153837.914589 153502.240665 153362.948470 153068.013843 152427.093817 151779.332520 150761.567832 150671.452242 150641.312024 150581.087081 150407.679758 150210.904336 149968.984240 149369.742557 148813.071420 148594.860905 148270.905172 147652.081981 147529.254465 147389.758160 147179.586574 147067.003319 146937.751583 146575.458182 145857.476324 145584.987250 142949.760044 142906.691801 142508.453086 142429.406252 142389.043105 142200.229618 142100.116359 141715.941320 141566.441799 141172.475780 140709.847764 140453.739251 140187.720394 139809.343355 139651.580656 139355.156208 139158.573365 138944.455075 138580.262589 138430.215931 138105.399660 137904.183224 137422.792809 137393.987238 137386.726944 137347.745705 137341.462074 137266.483009 137095.026188 137035.321366 136751.265114 136380.753058 136052.372205 135443.920555 134933.123194 134883.608774 134873.059643 134825.449697 134719.534336 134569.836352 134407.270176 134257.619697 134041.396313 133978.037047 133743.229638 133268.952131 132609.433990 131775.997677 131758.629975 131734.285383 131488.597474 131296.921431 131010.372529 130789.014014 130393.030506 130391.636518 130172.281698 129965.100413 129948.201258 129664.052082 129639.679708 129455.925637 129346.288453 129317.655813 129178.866999 129142.157716 128974.794985 128606.320648 127936.895870 127584.616916 127148.600707 126948.730575 126463.460018 126270.288598 126139.556278 125880.666664 125807.250510 125537.478466 125381.093614 125265.584391 124859.868973 124088.755842 123125.659709 122893.708068 122425.966966 122376.501796 122348.454942 122128.951361 121160.614023 120688.216923 120532.206793 120260.874650 120065.900116 119978.221456 119583.944342 119322.130332 118786.059604 118288.708056 118086.404334 117525.336805 117512.079080 117430.765525 116895.006379 116874.122600 116617.192465 116516.513342 116346.932369 116213.317712 115812.143711 115341.110543 115183.722792 114893.059317 114679.288126 114500.876618 114281.221380 113911.007301 113647.414429 113415.931623 112722.895448 112343.168882 112318.545780 112087.527276 111743.178794 111236.688034 110713.764881 110441.281652 110171.694735 109856.156320 109673.598830 109643.613990 109487.424101 109310.601196 109049.071207 108603.913366 107801.329845 107508.082790 107217.542981 107048.129047 106777.720605 106513.937196 106290.792740 106013.556574 105893.779412 105766.038674 105739.039367 105619.793281 105535.096992 105481.671696 105395.742681 105299.405739 105007.308175 104786.645036 104509.287042 104193.396421 103850.384218 103264.095350 102576.997633 102494.585149 102065.664349 101873.048828 101691.586688 101431.862816 101073.245791 101030.638078 100719.417506 100549.512476 100468.087809
0.000038 0.020726 0.031093 0.041641 0.052106 0.064423 0.077944 0.091341 0.104831 0.116061 0.126595 0.138521 0.149659 0.159735 0.169805 0.179904 0.191106 0.201824 0.222480 0.232608 0.245102 0.256821 0.266985 0.277316 0.298307 0.355986 0.376472 0.404530 0.418315 0.439782 0.449889 0.460055 0.470225 0.480360 0.490649 0.512397 0.522597 0.584009 0.626648 0.668769 0.680134 0.736135 0.759582 0.779872 0.840795 0.850979 0.861129 0.871237 0.881399 0.902558 0.923388 0.956720 0.967319 0.977516 0.987676 0.997952 1.008076 1.018258 1.028603 1.039322 1.089395 1.099940 1.111610 1.121861 1.132045 1.142225 1.152512 1.163023 1.206989 1.218431 1.240363 1.250514 1.260683 1.281279 1.291517 1.301772 1.322222 1.332953 1.344098 1.354822 1.368139 1.382137 1.393216 1.403660 1.415750 1.436783 1.446881 1.472536 1.524534 1.534727 1.593073 1.613094 1.625243 1.656614 1.676811 1.687150 1.707316 1.717454 1.727576 1.737690 1.748110 1.768977 1.780216 1.791114 1.801835 1.812500 1.824029 1.834244 1.844418 1.855621 1.866258 1.879903 1.891656 1.901697 1.921657 1.952029 1.992692 2.027366 2.039955 2.052811 2.074052 2.084282 2.094259 2.104317 2.114352 2.124321 2.134455 2.145937 2.159212 2.172989 2.185805 2.196121 2.267914 2.277849 2.287863 2.347847 2.379183 2.441774 2.455230 2.467933 2.480276 2.490397 2.502292 2.514900 2.524857 2.534677 2.544577 2.554504 2.564367 2.574241 2.585120 2.595611 2.608367 2.628661 2.662887 2.672965 2.697853 2.734699 2.747930 2.772111 2.813718 2.823781 2.835063 2.856950 2.868139 2.878425 2.888725 2.900359 2.910700 2.931480 2.989228 3.011239 3.051950 3.062893 3.073155 3.083460 3.093749 3.113343 3.123291 3.143197 3.153938 3.173357 3.219085 3.248876 3.258595 3.268372 3.278158 3.287892 3.297591 3.307492 3.317290 3.343990 3.353948 3.363880 3.385975 3.396051 3.406686 3.428271 3.438534 3.448278 3.458166 3.469549 3.480016 3.489860 3.499612 3.509810 3.522745 3.563421 3.582951 3.592767 3.602465 3.612128 3.621796 3.631493 3.641226 3.651156 3.673835 3.699988 3.714458 3.726890 3.738259 3.749609 3.759237 3.811200 3.820872 3.830788 3.842024 3.861499 3.871463 3.882089 3.891817 3.901734 3.915152 3.961195 3.998686 4.010211 4.021196 4.033918 4.065555 4.077420 4.097591 4.107228 4.116899 4.127657 4.138879 4.148772 4.158928 4.168527 4.178753 4.188713 4.198430 4.207906 4.264602 4.274020 4.302366 4.311828 4.321294 4.330816 4.340259 4.351806 4.361675 4.371070 4.380494 4.390008 4.399430 4.408816 4.418291 4.427765 4.437347 4.446745 4.456087 4.465444 4.474802 4.484105 4.493411 4.502768 4.512152 4.521686 4.545010 4.554344 4.575588 4.587810 4.597955 4.607972 4.617364 4.628529 4.638780 4.649475 4.682026 4.694149 4.750594 4.768946 4.778180 4.787453 4.807622 4.816795 4.825962 4.854654 4.865845 4.876465 4.890060
Elapsed_time: 4.890060
Score: 100468.087809
