5
301
10523599.447934 10244226.994622 10027771.709312 9727592.104370 8970401.367434 6801066.668001 4292695.083899 3210013.892933 2528618.815405 2039554.481812 1716038.133537 1376266.862605 1235726.605130 1160642.997804 1149909.272469 1143979.429885 1140748.525934 1139533.030623 1137597.005835 1129832.329121 1123479.623763 1087977.306879 1057746.319521 1044313.503504 1042291.186603 1039657.750562 1038861.625654 1036332.477215 1036292.655779 1036220.782471 1036144.348440 1035391.335092 1035008.507110 1034974.250136 1034145.907067 1033731.037905 1029065.757936 1012158.989926 1011656.653531 1011648.219336 1010998.070694 1010965.971278 1010392.298752 1009048.207559 1007293.695016 1006782.807749 1005313.054656 1004817.997792 1003008.902730 1000410.337775 997288.670884 997032.704286 996035.069084 995548.984626 994516.988929 993797.398293 992316.275972 990852.218501 990588.304106 989534.743189 987995.813169 987935.032843 985001.042835 984726.150369 984678.796767 984591.714508 984550.941428 984298.517180 983939.290943 983540.846070 983359.365911 981635.317110 981299.378916 981020.586039 980033.719382 979566.547042 978830.201603 978075.120521 976565.920602 974771.985681 974022.438759 972680.045254 972066.275409 971377.821589 970963.643915 969994.178880 968502.931606 967104.185394 966181.192654 965815.269595 965539.495365 964952.582322 964759.810312 964694.238453 964526.981466 964206.597872 963940.211342 963692.443472 963219.494941 962568.498392 961835.351088 951964.731773 948350.108713 943097.411334 942026.723280 938397.994419 933610.470594 933045.474372 932007.813664 931981.856832 931977.699522 931560.814559 930724.294816 929535.033827 927231.345553 924030.054242 923664.959528 923589.987297 923525.464404 923423.888915 923288.383661 922501.805421 921842.184429 920502.879114 918286.972593 917500.716604 915613.944613 914992.744045 914324.732336 913794.310331 912700.495102 909198.217371 908277.016655 908158.655189 907157.915583 906715.617917 906154.684670 905795.833880 905284.905385 904981.557334 904420.947521 904193.651848 903782.668748 903481.302965 902546.630741 902211.738101 902171.853486 901895.271259 901765.898124 901476.152105 900977.935194 899961.850873 899704.489009 899070.440649 898803.419473 898483.097995 897941.718514 896306.201241 892731.349857 889826.822211 889746.537592 889667.566516 889425.700992 889235.801649 888761.647391 888563.903059 888518.410840 887304.797039 886288.536573 881379.127356 880923.635277 880919.709225 880667.916219 880355.682553 878795.195087 878156.799967 877402.170321 877173.845838 876636.087899 875900.015415 875204.074770 873386.427597 872996.990113 872697.290412 871847.001286 870977.286044 870714.551821 869397.701074 869379.431451 868755.708234 868432.830875 868016.961999 867863.706614 867288.702389 866100.756177 863408.862131 859123.554374 858909.353771 858642.317207 858554.060758 858192.795527 858033.319928 857614.634045 856974.344628 855343.866642 854472.133022 852637.531065 849341.310859 845437.729934 843796.411875 834673.219385 831902.225777 829942.978484 829360.982866 829315.506163 829272.274149 829168.000102 829002.833483 828726.741062 828407.182102 828001.026122 827242.728731 824645.574560 824472.764155 823671.065690 823296.763684 823168.560516 822665.240803 822602.714228 822587.267623 822524.477811 822223.248445 822038.982400 821514.766545 820893.520735 819831.609428 818449.313644 816339.884779 814307.030004 799823.827159 796370.501590 796044.801130 796008.540657 795914.017034 795714.393467 795313.591222 793038.079145 792393.176351 791638.264019 790217.489031 789498.614940 789047.597351 788977.918025 787990.764369 787341.805328 786851.154643 786660.527214 786016.176478 785964.247868 785491.173525 785168.295731 783576.078902 783531.780629 783234.072325 783007.635123 782803.020418 781937.052395 781231.478424 781127.980523 780278.581586 780185.290486 780182.153213 780037.107497 779752.831709 778463.864216 776491.927929 776412.648991 776221.650068 776086.523505 775914.242668 775545.913225 775435.484406 775414.811439 775398.832847 775214.108447 774958.715195 774582.082219 774270.533123 773988.622260 773769.382479 773117.790000 772144.113861 771898.698119 771522.516199 771490.230745 771072.065405 770640.711433 770462.028426 770241.896184 769583.571090 769448.640647
0.000173 0.165579 0.244687 0.322851 0.403272 0.476068 0.547851 0.619165 0.696582 0.773966 0.848327 0.919797 0.992322 1.063024 1.147769 1.226420 1.302425 1.383609 1.459949 1.534104 1.676212 1.757498 1.912004 1.996994 2.235682 2.393890 2.478635 2.562814 2.798950 2.874437 3.023968 3.177613 3.263161 3.419812 3.495048 3.653134 3.967145 4.217842 4.290865 4.607827 4.761129 5.092503 5.177842 5.256053 5.336823 5.420124 5.506497 5.584835 5.666487 5.820585 5.898301 6.227099 6.313336 6.395460 6.474186 6.637809 6.711239 6.796237 6.873873 6.946885 7.028429 7.101702 7.177827 7.407228 7.807703 7.888097 8.213317 8.287186 8.366867 8.440878 8.519717 8.592542 8.665412 8.738172 8.814267 8.967239 9.057199 9.145263 9.292825 9.369329 9.455577 9.531047 9.606287 9.680682 9.756672 9.831787 9.906763 10.053563 10.127771 10.275735 10.349357 10.422420 10.498398 10.655673 10.738298 10.823849 11.058241 11.139650 11.219997 11.293484 11.551186 12.159612 12.539600 12.618892 12.765143 13.078393 13.233998 13.681958 13.905351 14.215851 14.437006 14.508850 14.589721 14.663367 14.739020 14.891849 14.965549 15.263598 15.488620 15.639691 15.791744 15.871594 15.966355 16.039589 16.117216 16.194006 16.272255 16.345483 16.424605 16.496930 16.568583 16.640024 16.711514 16.784400 16.867449 17.098618 17.174557 17.254040 17.330229 17.482350 17.554532 17.627939 17.709620 17.785999 17.858813 17.934473 18.240240 18.319928 18.486678 18.560671 18.637480 18.721612 18.800354 18.878098 18.958791 19.039863 19.117226 19.428787 19.906123 20.345191 20.860186 20.932225 21.003675 21.149389 21.236615 21.329770 21.410749 21.642535 21.730567 22.188061 22.420348 22.790081 22.868624 23.013825 23.090767 23.244776 23.317264 23.393844 23.474215 23.552012 23.624493 23.695679 23.932270 24.090149 24.169133 24.251707 24.326534 24.557823 24.926006 25.081092 25.236876 25.320866 25.406410 25.571679 25.877542 25.967561 26.401140 26.702347 26.924456 27.244221 27.316341 27.393915 27.472341 27.548246 27.624598 27.853083 27.932440 28.006629 28.078584 28.151684 28.223824 28.300652 28.747835 28.828019 29.047679 29.417900 29.707244 29.942283 30.020335 30.101570 30.178688 30.253939 30.324885 30.402473 30.477083 30.554917 30.629843 30.782399 31.089544 31.164145 31.394814 31.470882 31.542982 31.621557 31.699929 31.770445 31.992753 32.070212 32.148477 32.222811 32.452913 32.836994 33.358684 33.504046 33.656895 33.740234 33.904135 33.977203 34.271833 34.349259 34.429246 34.574598 34.654712 34.970880 35.044351 35.115877 35.190797 35.270009 35.411874 35.486885 35.628592 35.781268 36.313445 36.400726 36.550927 36.631318 36.702221 36.776019 36.850160 37.004718 37.472750 37.687668 37.759136 37.832956 37.906098 37.978262 38.499095 38.570149 38.809273 39.170785 39.244717 39.529113 39.758505 39.904958 39.975507 40.048334 40.132881 40.206037 40.286820 40.367350 40.448849 40.597849 40.751629 40.909271 41.061639 41.138325 41.217201 41.361853 41.517503 41.592350 41.741757
Elapsed_time: 41.741757
Score: 769448.640647
301
10591125.524712 10306282.893659 10082689.097907 9773683.733310 9087286.195340 6847541.367088 4321640.622709 3191925.705592 2458558.084931 1949523.537867 1613371.486211 1347351.314342 1234398.302446 1175375.308705 1144803.136905 1144336.868937 1143583.598569 1142628.429513 1140843.983000 1137606.794102 1130363.332906 1128597.478448 1114573.469200 1111986.546253 1109444.379255 1103039.831560 1087429.415551 1062243.970114 1024012.519132 1017840.896630 1017757.293650 1017584.030472 1017065.445925 1016837.813881 1016835.318970 1016298.303546 1015427.593366 1013381.742577 1012083.939578 1006492.456207 1004894.239585 1004790.927639 1003886.675801 1003278.722227 1003090.259879 1002668.754598 1002575.660169 1001006.017595 1000856.940059 999870.191643 999643.287777 999329.667692 998873.011288 997954.912225 997142.603719 995860.818937 994375.218921 991333.001379 989686.249208 989633.460027 989313.127860 987371.407026 987211.203821 987027.412066 986960.652857 986791.644297 986617.630070 986343.071768 985863.293901 985331.250223 983695.076546 983280.530391 982665.562100 982204.791694 980973.314919 980020.479273 979153.819932 978039.961693 977812.188477 977177.402805 977087.650264 977061.406702 976286.444027 975902.941535 975077.337657 975052.603189 973197.373744 973094.774615 968510.228221 967142.681636 966681.520017 965871.029357 965537.099929 965179.394662 964928.306406 964392.331723 963877.228301 962910.897769 961757.916111 961139.992107 959759.278834 957986.035359 955649.623548 952902.029318 948334.065354 941202.093847 941121.482841 939052.771036 938850.905873 938344.054529 937262.305909 936428.783638 935806.804035 935326.964393 934561.431505 933921.645185 933350.287929 931818.564159 931727.647087 930751.372071 926622.810913 925659.998712 925475.610894 925233.156346 924785.144222 924478.118738 924237.107543 923466.903997 922709.028150 921967.574835 921893.931943 920315.316291 919716.553186 919246.541018 918354.475332 916468.109575 915602.760580 915395.459142 914998.285586 914620.252216 914343.608183 914141.135539 914117.773064 913520.082352 913286.130467 912972.334328 912784.020746 912650.244121 912049.503572 910957.154948 910748.286736 910698.288877 909668.125820 909248.396550 908785.381298 908611.724311 908260.136152 907565.637956 906932.240978 906515.549885 906408.845428 906315.664594 905908.896282 905406.008225 904428.632399 904088.427807 903954.230163 903570.323100 903434.259239 901726.559441 898770.337012 885466.406230 883228.131517 865541.384510 865510.313582 865120.646450 865112.641040 864798.199374 864039.254119 863754.322770 862954.405372 861625.364071 859490.674903 858333.183969 857819.824547 857746.355176 857477.599773 857101.704014 855447.287228 855197.614479 853353.771236 853348.708746 852879.730140 852185.724573 851612.967980 851275.693972 851126.802305 850988.778910 850746.229345 850509.864298 849578.076682 848789.608058 847467.159706 846358.466333 843518.270150 842665.982925 841772.165537 841758.098594 841230.613638 840616.776951 839391.008254 838476.320614 838112.663428 836121.423714 834489.566667 833873.483905 830852.329855 825779.554021 825534.126646 824963.905508 824811.716672 824333.293755 824036.339375 823783.388029 823475.076486 823161.625064 822471.069757 821603.226234 819773.975854 818782.570104 816878.462599 814078.357540 812744.806351 811910.930981 808722.751245 805920.509236 801056.721094 798685.588389 797225.388692 797045.038712 797034.605341 795866.674298 795520.407679 794514.697501 793887.696324 791302.553801 790168.827494 789951.134552 788349.564532 787716.236192 787321.343121 787176.179109 786740.564345 786453.225821 785409.581788 783795.734816 783339.213836 782546.360062 766358.797785 761528.533589 760644.192661 760510.167687 760324.216442 760306.423264 760195.942151 759964.023336 759850.467122 759623.224490 759245.527190 758136.068447 757033.437509 756134.501149 755238.824071 754660.342061 753811.387930 753669.121035 752880.687095 752604.329888 752175.244869 751718.238593 750429.402139 748783.643520 746972.366684 745564.928730 745225.698513 744126.260236 741801.647538 737223.944868 736171.164569 736078.651466 735989.299525 735817.592722 735513.352136 735091.763175 734776.450324 734664.060881 733820.185374 733709.494406 733682.813903 733096.594142 732502.233435
0.000096 0.155064 0.231978 0.307054 0.383677 0.459227 0.534811 0.611613 0.689064 0.775341 0.847913 0.923085 0.994486 1.066452 1.137345 1.429021 1.506908 1.582001 1.673516 1.747018 1.818033 1.891813 1.966456 2.114320 2.188974 2.263321 2.339689 2.508965 2.586902 2.817398 3.402646 3.494855 3.576441 3.658038 3.894703 3.975112 4.050476 4.130549 4.279731 4.357667 4.508647 4.912141 4.996393 5.163017 5.237794 5.311273 5.396394 5.475280 5.642580 5.730398 5.876353 5.956308 6.034617 6.188768 6.267597 6.340716 6.426760 6.507611 6.592512 6.742802 6.817383 6.890143 7.191448 7.584601 7.667678 7.744004 7.825625 7.901779 7.976782 8.050034 8.126439 8.280517 8.355360 8.505686 8.581635 8.729483 8.805169 8.887867 9.038525 9.120031 9.348503 9.512281 9.589804 9.665674 9.744626 9.827383 9.911902 10.143551 10.520172 10.601007 10.834786 10.993639 11.157808 11.231387 11.381238 11.458394 11.545940 11.635671 11.709467 11.861037 11.952774 12.034335 12.194887 12.271213 12.420944 12.497571 13.023985 13.097553 13.479961 13.553868 13.638479 13.710831 13.784679 13.871385 13.949768 14.022743 14.096556 14.170731 14.247109 14.323741 14.415592 14.498581 14.792198 14.948270 15.021216 15.246569 15.318998 15.398216 15.478172 15.554887 15.950983 16.107952 16.268608 16.342081 16.499062 16.575480 16.649902 17.051568 17.128100 17.205724 17.285407 17.370042 17.596078 17.674917 17.762311 17.846377 17.921135 18.000801 18.085129 18.319984 18.700193 18.929249 19.003840 19.080687 19.153075 19.305357 19.382787 19.472714 19.551524 19.626101 19.856313 20.021745 20.094169 20.170017 20.245822 20.318014 20.478749 20.554459 20.722912 20.877629 20.953627 21.501000 21.586561 21.906671 22.365488 22.517849 22.595519 22.669345 22.745028 22.834331 22.910535 22.984117 23.293275 23.371621 23.451381 23.742126 23.958569 24.046343 24.133610 24.208015 24.286608 24.524251 24.605559 24.684507 24.835120 25.068624 25.139541 25.301348 25.379721 25.528552 25.619813 25.696802 25.768834 25.840862 25.991919 26.213714 26.594619 26.973082 27.043616 27.116344 27.187620 27.258938 27.331817 27.415122 27.505641 27.669337 27.819801 27.899665 27.970031 28.041865 28.192425 28.267501 28.497791 28.803770 28.877587 28.951252 29.033043 29.105678 29.179575 29.260788 29.348026 29.423864 29.513021 29.594533 29.678491 29.750803 29.824665 29.895714 30.043197 30.185651 30.335213 30.412945 30.564651 30.640050 30.712255 30.789917 31.008034 31.081477 31.153367 31.229163 31.305864 31.456629 31.531424 31.607045 31.679739 31.750968 31.826910 31.902576 31.981920 32.127814 32.491004 32.782742 32.854384 32.924844 33.141200 33.212782 33.363265 33.440406 33.515505 33.585197 33.654886 33.803229 33.876012 33.948708 34.023518 34.100840 34.173956 34.244040 34.313117 34.386167 34.457485 34.534667 34.608740 34.679827 34.751253 34.899349 35.253146 35.329009 35.688203 35.978816 36.120931 36.192741 36.262534 36.556021 37.061791 37.417570 37.563284 37.714201 37.994544 38.069526 38.139062
Elapsed_time: 38.139062
Score: 732502.233435
301
10511690.473235 10237849.736685 10009290.379361 9726419.509036 9167692.935247 7280307.210689 4614948.014690 3338292.870060 2518915.183395 1974920.493925 1679606.166457 1449021.771838 1277165.202135 1193224.946648 1171349.391679 1171092.722939 1167599.732098 1164978.821759 1162920.961055 1160863.351041 1152923.408296 1138129.038045 1090976.022177 1052735.973557 1052501.897753 1041189.082199 1035577.179989 1035216.410509 1033052.057615 1032993.655494 1032763.412769 1031482.261000 1030627.680218 1030505.809455 1030289.236453 1030190.705990 1029470.484869 1029317.273286 1026984.259462 1026400.828226 1023836.173841 1016750.385522 1014025.399017 1010895.671310 1009957.619811 1009270.845170 1009014.822191 1008735.877435 1007862.986070 1007626.096823 1007452.110753 1007084.927211 1006718.564542 1006052.956129 1003790.290677 1002143.734933 999333.260656 998904.542558 995093.046004 993138.354465 993048.852820 992610.607057 992501.133644 992354.211270 992077.351882 991354.566018 990871.443028 990758.604169 990320.924803 990311.052437 987481.475970 987031.939529 986959.455766 986491.955067 985451.009500 984673.174647 984179.710824 982705.422533 981920.558924 981264.570406 980408.854512 979306.862438 979047.331736 978319.909557 977775.434967 977400.504627 976882.800898 976266.611488 975570.931134 975344.659798 975114.311246 974798.469412 974377.598052 973763.750982 972806.269858 972348.453116 972325.262851 972041.983072 971192.553989 969143.543282 968708.611456 967553.260082 966704.800124 966029.195409 965451.400083 964901.676943 964482.998338 964015.540072 963846.941001 963169.396807 962835.317711 961360.531935 960660.558917 960118.166310 959856.711501 959486.529604 959004.514698 958277.677963 957803.533664 945507.068011 914457.637899 914291.209966 914280.592284 913996.419991 913552.033258 912960.842495 912574.760908 912280.709509 910771.878167 909977.378917 909344.381848 909239.828638 908862.737519 908340.674653 907828.331568 907282.383053 906780.235373 906076.034747 905808.103274 904588.942922 904451.793538 903950.110280 903538.678010 903109.110895 902835.651086 902560.738844 902459.453456 900755.595206 899858.341471 899579.611706 899243.289185 895573.322465 894254.492758 894071.219839 893863.575985 893517.929542 893449.264170 892937.657405 892756.768502 891640.958021 890999.392159 888157.011855 885666.184086 885170.500755 884380.059436 883325.952220 882920.408514 882852.044317 882137.078500 881722.189331 881170.937411 880745.268146 880543.448052 880069.231984 879518.094657 879137.325852 874487.720214 863410.965713 862361.173958 862119.233729 862099.673273 861825.885248 861566.511719 861377.749765 860755.639046 859746.654381 859476.958975 859110.020919 857528.373163 855966.282142 855820.434681 855098.605809 853228.794285 852649.602608 852601.750707 852250.230574 851776.430157 851705.508032 851695.783593 851535.466456 851260.824077 850873.264776 850117.258662 849876.287368 849764.003059 848778.241293 848261.063256 848207.998326 847892.793002 847402.295578 846772.743563 844038.528026 841722.830204 835754.271769 835694.257922 835433.442231 835101.002695 834704.730426 833902.477954 833321.436928 832413.117273 830386.441269 828763.175854 828660.353605 827233.132333 825498.694241 823903.683382 823218.934888 821924.312946 821841.577340 820867.385006 816941.228430 815785.424569 812238.763038 808325.612360 807129.295907 805024.121258 804912.800405 804652.627691 804534.501011 804070.490824 802013.572835 801896.266317 801729.864648 801692.070589 801620.621123 801391.052265 801193.309497 800751.836877 800309.500441 799039.786469 798808.599272 798730.283715 797613.571289 796981.878027 795886.539877 794971.334492 794850.829426 794765.835514 794694.585597 794531.051044 793857.908228 793387.956578 793286.533870 792944.315484 792908.182839 792637.658792 792513.255498 792023.549121 791523.338006 790262.936196 789523.840644 788227.006623 788060.937116 787699.616674 787274.643053 786744.497587 785940.537020 785104.614986 784623.200568 783855.634801 769540.994193 769410.138365 769042.228580 768976.917640 768821.821852 768768.586025 768280.230291 767984.734773 767620.584150 767453.652917 766379.289256 765661.752326 765080.238473 763993.160227 763263.144539 763246.913074 763073.166244 762942.995480 762878.647550 762735.957552
0.000139 0.154510 0.231875 0.309968 0.385633 0.461314 0.536298 0.611567 0.688450 0.762386 0.834093 0.904916 0.980992 1.052259 1.123807 1.342461 1.420226 1.570072 1.642898 1.717191 1.790802 1.868547 1.956179 2.114977 2.651177 2.726532 2.800710 3.109415 3.187514 3.265603 3.417012 3.502234 3.658488 4.057103 4.133022 4.288548 4.366711 4.442675 4.595525 4.820763 4.895317 4.976751 5.050194 5.134961 5.211850 5.289594 5.446380 5.600741 5.676097 5.754109 6.051116 6.128418 6.202908 6.280811 6.355221 6.430749 6.657982 6.986246 7.060072 7.133621 7.431005 7.505494 7.883836 8.032742 8.114824 8.261852 8.418684 8.728898 8.804655 8.882234 8.957388 9.109670 9.260997 9.338725 9.415482 9.497638 9.574689 9.654722 9.729706 9.805982 9.885851 10.038427 10.265575 10.338685 10.413721 10.490126 10.566356 10.644464 10.723343 10.798780 10.952333 11.026683 11.103657 11.183989 11.264340 11.341532 11.492669 11.571123 11.649787 11.724922 11.873029 11.949277 12.024230 12.098842 12.171809 12.246591 12.325135 12.702040 12.946728 13.020527 13.098086 13.175548 13.250635 13.327378 13.479907 13.552102 13.626314 13.700736 13.786538 14.400673 14.781162 15.374895 15.830116 15.907510 15.983276 16.055141 16.130280 16.284227 16.359897 16.435084 16.590195 16.815398 16.895653 17.114439 17.186706 17.410475 17.484514 17.557618 17.634670 17.713225 17.862670 17.944630 18.016983 18.091059 18.169625 18.333462 18.411737 18.712700 19.009285 19.161813 19.388115 19.536055 19.682260 20.123695 20.272440 20.350763 20.572413 20.647712 20.951164 21.032861 21.111795 21.182987 21.403970 21.553178 21.630579 21.703643 21.928278 22.077475 22.153166 22.300206 22.374454 22.448469 22.522082 22.597294 22.671429 22.900284 23.050269 23.734272 23.807989 24.324365 24.692938 25.150151 25.224625 25.375110 25.452052 25.530637 25.751900 25.827416 25.902082 25.978829 26.355697 26.432445 26.581727 26.658664 26.805233 26.881110 27.028008 27.325704 27.552043 27.629540 27.701720 27.777794 27.851571 27.925100 28.224811 28.382044 28.457242 28.759980 28.840575 28.914088 29.220328 29.455255 29.529748 29.979972 30.347468 30.423870 30.500635 30.576245 30.650380 30.725859 30.799166 30.875108 31.028434 31.483417 31.555776 31.629483 31.709013 31.855563 31.929841 32.001913 32.072920 32.218340 32.296336 32.370505 32.521400 32.594429 32.886727 33.107908 33.405045 33.624197 33.696579 33.768320 34.130011 34.203032 34.277514 34.495342 34.637528 34.716134 34.791063 34.863304 34.933529 35.003735 35.296672 35.366836 35.439260 35.511291 35.581355 35.941112 36.016624 36.165303 36.237599 36.381415 36.455148 36.606154 36.688915 36.910914 36.985144 37.204095 37.276534 37.352960 37.503170 37.579006 37.653820 37.801277 37.875213 37.949322 38.021353 38.091445 38.168936 38.242152 38.313870 38.606606 39.045874 39.331491 39.402688 39.547838 39.620847 39.696103 39.767550 39.841235 39.985974 40.133334 40.206529 40.278467 40.351837 40.430586 40.651698 40.800830 40.945474 41.018423 41.091648
Elapsed_time: 41.091648
Score: 762735.957552
301
10523572.113369 10238367.279318 10008811.304541 9712155.689917 8943315.539283 6556319.261043 4320516.672782 3124642.494411 2444993.175658 1943275.558418 1541634.050417 1379696.221558 1222169.643777 1136144.701364 1133958.909710 1132346.396324 1131214.472363 1130647.454075 1125682.895658 1119884.228370 1116511.489304 1112190.528663 1103429.486466 1057907.762261 1042862.193157 1037463.332236 1037457.946516 1036772.754016 1036210.953499 1035132.777377 1033916.187271 1031480.457250 1030573.586914 1028518.283406 1023193.452849 1019353.874867 1016898.216570 1015129.365554 1014091.721923 1012875.466930 1012288.370969 1012230.729087 1011173.072805 1010166.468966 1009183.528078 1002827.877727 1002800.341714 1001839.325420 1000884.519566 1000685.207161 1000517.721097 1000447.776539 1000055.361823 999868.025560 999610.472118 998844.389006 998347.328407 997377.444709 997013.622342 994820.134270 994689.268799 994661.534533 992190.265074 991590.196706 990157.260401 987695.516326 987039.715882 986927.441309 986900.083273 986471.096193 982192.633731 976997.001588 973228.921206 972367.876287 972102.724807 970565.907173 969652.692744 968528.273979 968212.725276 968146.118271 968118.848688 968081.659750 966622.595006 966608.652262 966233.857360 965750.215572 965178.066437 964912.943353 963091.230712 962462.601181 961374.163316 960523.524144 959571.864668 959124.458077 957569.989656 957435.146825 956680.418502 956165.400457 955815.718389 955178.029568 954613.132570 953223.188184 951640.302089 951617.809362 950783.353510 950155.381240 949690.916012 948863.003677 946943.389033 945139.912538 944177.583410 943594.636330 942985.242463 942435.977911 941952.525827 941428.962051 940379.395518 939505.342370 938814.982380 938323.969711 937331.567119 936168.262594 935544.514685 935425.598441 934931.399377 934685.944877 934451.507483 934336.021870 933854.961997 933473.472104 932802.985983 932641.050210 932253.700392 931574.809644 930574.756828 930087.528845 929982.438561 921594.802030 900813.015174 900210.643405 900184.937496 899438.593641 887038.682480 886894.687275 886823.853321 886032.213579 885999.549821 885559.458818 885289.884886 884978.858106 883933.834952 883340.963859 880517.503398 878960.137298 877998.114977 877687.627695 877162.442407 876795.565778 876388.194294 875621.400227 875371.826208 874628.386661 873813.246576 873098.847106 871991.031520 870675.902969 870502.487128 870172.096179 870054.996127 869708.490815 868643.014990 867451.830940 865507.641876 864084.230398 863083.253444 862509.522523 861795.916412 861454.660496 861202.106973 861021.453761 860982.291329 860566.874783 860452.654239 860268.320370 859282.130765 859073.152715 858393.145331 858372.867067 858299.223944 858214.146734 857835.524234 857618.026847 857430.453383 856933.952545 855056.239136 854226.112272 854170.035032 853988.941442 853133.638349 846893.820939 845085.087359 845012.227063 843329.109888 842500.911374 842468.099527 842007.896726 841902.791120 841515.828122 840780.540334 840338.746144 840200.593800 837902.800686 837617.915069 836868.799169 836755.499243 836406.417291 836287.180135 836042.906289 835795.003235 834837.284872 834586.721863 833574.749088 832416.183128 831505.214430 828179.281535 826455.924494 823997.905375 820684.663462 807930.850581 807317.611037 807150.210952 805457.913757 805292.655097 802676.661788 802588.760594 802576.840931 802349.170156 802056.861980 801769.044191 801710.885906 801574.188728 801527.528832 801371.913262 801268.179216 800293.538287 800151.844390 799376.345234 797714.314694 795912.797457 795327.545276 794573.659597 793702.020769 792734.415169 791669.980869 790117.707974 789466.231420 788623.755855 780418.043649 780247.769969 779908.617916 779427.810217 779414.753763 779143.231471 778727.844217 777900.149955 776975.150366 776141.891634 775186.138852 774060.861256 773150.590691 772340.431066 771642.957707 769695.658048 762070.862787 762064.364222 761884.460385 761574.986635 761517.465854 760742.445157 760386.854181 759552.168103 758923.901072 757940.317950 757401.301076 754972.727643 754427.394355 753955.339703 753448.751751 751296.382014 750058.027027 749922.765929 749105.551785 748666.208289 748544.743478 748184.637098 747552.919294 746517.829653 745485.431351 744930.838978 744609.496277 744592.456175
0.000098 0.156262 0.232185 0.306342 0.384541 0.460606 0.532266 0.613909 0.687156 0.770015 0.875106 1.035947 1.170208 1.239969 1.380729 1.455923 1.527190 1.603810 1.676295 1.747726 1.818400 1.892474 1.970795 2.046326 2.206700 2.286686 2.910851 2.985881 3.061770 3.137314 3.211926 3.366146 3.514578 3.746356 3.818676 3.895209 3.970387 4.044131 4.120927 4.199953 4.280238 4.357568 4.433593 4.509284 4.583011 4.739894 5.046557 5.120706 5.360933 5.586972 6.030657 6.106274 6.186489 6.351148 6.504390 6.596823 6.672071 6.757099 6.913038 6.987088 7.132751 7.205343 7.279443 7.355620 7.434989 7.513925 7.664749 7.737993 7.960078 8.036774 8.188644 8.267376 8.492230 8.564844 8.858366 8.938246 9.010557 9.093791 9.169312 9.321715 9.395634 9.469395 9.542191 9.914418 9.989271 10.063522 10.138432 10.218532 10.297872 10.376590 10.451822 10.597443 10.748718 10.823133 10.900798 10.979932 11.067609 11.141014 11.214623 11.288098 11.436821 11.512734 11.587530 11.737734 11.816120 11.895874 11.970106 12.057742 12.133148 12.206262 12.280236 12.355217 12.445791 12.521618 12.596991 12.679325 12.756418 12.834017 12.910952 12.985527 13.066377 13.145596 13.222075 13.296137 13.368683 13.441564 13.514570 13.587603 13.663871 13.740673 13.814033 14.033797 14.107253 14.184813 14.260217 14.335223 14.417464 14.643253 14.797417 15.095171 15.480248 15.554620 15.632656 15.782361 16.153467 16.228042 16.601881 16.675532 16.747286 16.823960 16.899645 16.977215 17.049358 17.124358 17.282530 17.581384 17.749543 17.826886 17.903796 17.975320 18.122439 18.268751 18.340592 18.415229 18.486576 18.560267 18.855569 18.934219 19.087844 19.160905 19.243329 19.323199 19.395227 19.538028 19.682001 19.755290 19.831227 19.919999 20.064006 20.285316 20.360834 20.506543 20.577768 20.649514 20.733591 20.815552 20.890912 20.964286 21.036283 21.110299 21.333586 21.407825 21.637501 21.719030 21.879554 22.400333 22.475518 22.866688 22.945491 23.087221 23.172861 23.716127 23.789684 24.015601 24.243805 24.462051 24.833663 24.907978 24.991964 25.063722 25.134670 25.350467 25.421216 25.492811 25.872290 26.020871 26.407990 26.483144 26.560014 26.632964 26.707467 26.779648 26.854603 26.930700 27.003471 27.079205 27.155832 27.231488 27.457592 27.613194 28.095900 28.248552 28.327840 28.408331 28.847776 28.927934 29.088269 29.172387 29.476643 29.627658 29.699615 29.914603 29.985382 30.062284 30.139213 30.210887 30.354931 30.429083 30.502078 30.729586 30.807529 30.877916 31.172128 31.244883 31.396100 31.466349 31.541792 31.691359 31.919346 31.989846 32.354266 32.660122 32.734340 32.806422 32.877173 32.950022 33.092372 33.165014 33.240430 33.310491 33.388749 33.535840 33.605352 33.762534 33.902775 34.129759 34.448127 34.745763 34.820983 34.896412 34.973760 35.052467 35.124889 35.195509 35.267054 35.340430 35.635784 35.776523 35.846903 35.919741 35.992772 36.065560 36.140724 36.215572 36.362845 36.433283 36.512891 36.726022 37.016424 37.232298 37.580737
Elapsed_time: 37.580737
Score: 744592.456175
301
10507963.555840 10228275.298342 9997969.827498 9712334.838211 9094158.595989 7300884.737903 4467879.577233 3255073.193530 2540581.354273 2090731.425898 1625260.618089 1423214.409983 1253871.174807 1168923.954824 1161747.431112 1159901.646029 1156547.643626 1144116.124009 1123315.443907 1039138.291925 1029338.931677 1025849.695120 1025184.355062 1024948.702078 1024893.635336 1024882.010600 1024335.590251 1023487.601822 1022427.893058 1021144.862035 1020674.938884 1017789.689826 1010865.052082 1010716.360807 1008159.735770 1005447.540834 1004897.244266 1003699.127362 1002790.671942 1001628.705352 999294.964901 989668.353437 989223.946963 989138.860426 988550.562425 988299.911140 987706.920855 987106.878785 985597.385483 984302.429567 983981.793325 982389.149008 981589.186759 981318.347071 980924.442066 980338.822829 979407.374527 978399.545001 977071.499174 976871.735334 976734.401602 976662.902645 976196.748438 976042.122604 975609.434274 975145.425832 974964.035711 974573.660179 974142.782563 973585.669614 973535.260189 973486.518242 973308.212251 973125.599615 972959.245537 972234.974778 971674.610849 971235.321823 970978.323327 969957.322965 969579.625599 969417.314383 969399.832955 968940.563174 968674.297156 968550.015541 968355.625179 967968.887561 967645.329229 966880.458079 965895.176229 965668.638423 965257.446955 965151.210720 965086.736338 964761.519968 964503.007006 964222.270513 963702.147611 962620.082703 962378.776238 961450.858810 961098.153788 961045.604551 961000.919002 960591.799246 960432.606575 960345.611636 960138.497558 959600.913045 959530.493114 959117.256146 958594.538877 957930.789531 957518.967181 956507.924281 956280.457813 956088.635682 956075.039152 955735.094103 955544.986389 955172.259499 954456.776665 953352.233390 952772.759252 952499.967941 952113.229878 951814.887791 951131.081307 950271.666904 949507.044246 947985.751751 947390.656330 947137.965575 946983.020013 946665.639437 946650.156610 946087.063426 945748.882273 945027.062337 944442.921846 943138.007965 942305.026010 941564.209999 940754.877044 940674.066737 940242.848963 939942.694384 939602.343839 939384.133161 938883.884794 938472.646649 937613.008343 937076.921030 937070.899024 936652.421394 934544.460498 902663.215988 902593.247783 902513.210760 902470.559811 901827.841215 901753.950771 901618.479163 901344.542849 901106.731633 900595.653637 899332.484435 899029.943374 897222.512015 897078.205305 896370.022014 895993.887497 895721.795348 895654.173464 895263.084980 895044.251091 894972.728467 894952.100780 894727.388232 894636.712744 894624.538852 894217.677122 893602.273605 892552.148090 891811.181272 890999.919858 890803.669381 890764.560891 890533.119993 890305.163006 888656.566976 887139.350732 886427.418366 886425.141387 886054.574668 885840.986872 885630.049998 885309.689678 885200.430504 885126.815196 884689.468488 884402.661196 883427.223080 881899.698672 880905.663310 877627.968920 870892.253037 866206.314061 866124.619062 865659.869822 864901.243190 864469.281121 864136.262990 863083.122675 862297.865903 862126.597400 861453.873263 861391.295936 861247.352978 861069.876999 861042.061104 860578.610113 860207.365299 859778.969909 859022.035836 858123.410762 857019.242807 856956.737858 856625.695838 855909.432658 855477.245972 854699.864467 853960.336805 853931.929553 853666.521074 853441.703018 852799.914679 851776.249417 850517.324793 849899.744970 849098.584596 849019.234668 848684.425419 848438.565978 847975.010033 847208.073198 846248.962500 844551.723491 843920.173799 843883.190560 843345.676606 842606.235250 842436.291357 841827.201317 841062.984435 840824.438364 840765.016276 840638.597558 840414.047016 840071.847585 839518.614162 839229.108643 838348.658925 837240.658892 836621.311549 835498.955153 833683.061115 833303.021645 832951.652333 832520.425193 831971.165297 831587.546056 831358.689957 830981.511895 830208.450986 828766.077562 827944.645986 827527.938250 826464.186057 811436.399953 810470.439172 809758.187086 809462.785066 809390.124506 809343.890562 808898.648965 808869.702160 808440.781542 807862.651429 806600.836377 806084.605238 803863.899083 802339.364650 801773.642618 800682.703403 800593.681290 799643.136407 792906.509001 792539.352968 792508.749165
0.000096 0.150195 0.228221 0.306636 0.384114 0.461464 0.537015 0.613969 0.697511 0.776631 0.848097 0.922247 0.999039 1.072069 1.145685 1.226276 1.308620 1.379967 1.458144 1.532881 1.610312 1.685599 1.835851 1.909616 2.294909 2.600666 2.680097 2.755940 2.831606 2.907080 3.208359 3.283911 3.358313 3.431375 3.507578 3.585138 3.662848 3.739158 3.813938 3.893437 4.193584 4.270515 4.417142 4.955928 5.111946 5.189297 5.268324 5.345693 5.421084 5.497775 5.657916 5.739035 5.816092 5.971077 6.060356 6.136714 6.209047 6.282862 6.360019 6.434191 6.512081 6.748880 6.826522 6.978685 7.052311 7.127156 7.511605 7.589291 7.668792 7.745316 8.050707 8.124498 8.201480 8.283978 8.356764 8.445564 8.526440 8.687264 8.765061 8.843625 8.918764 9.375493 9.452451 9.532121 9.614879 9.777591 9.853176 9.929988 10.161284 10.235690 10.312516 10.465605 10.538106 10.625781 11.015746 11.171551 11.252371 11.327125 11.401619 11.631324 11.709356 11.785054 11.864533 12.026019 12.102873 12.175792 12.329600 12.485899 12.559399 12.633633 12.706149 12.779999 12.854682 12.932654 13.011860 13.086281 13.237544 13.388031 13.460934 13.534842 13.611755 13.693248 13.776734 13.857529 13.934502 14.160355 14.234046 14.306751 14.379522 14.452058 14.527191 14.603407 14.680866 14.904209 14.976235 15.048849 15.274594 15.352273 15.428662 15.505378 15.578331 15.734239 15.827732 15.903076 15.975632 16.126017 16.198371 16.272691 16.492385 16.651489 16.725178 16.799983 16.878386 16.959316 17.031693 17.105194 17.582630 17.803086 18.337091 18.409528 18.633597 18.787499 19.029243 19.181002 19.255170 19.327073 19.401591 19.476733 19.554808 19.631764 19.705374 19.857119 19.933789 20.299294 20.674879 20.756323 20.979990 21.276829 21.423815 21.495237 21.569054 22.045769 22.121784 22.194171 22.269347 22.343275 22.418239 22.491812 22.787961 22.861432 22.934233 23.012810 23.090143 23.165745 23.240324 23.315700 23.398728 23.471990 23.553839 23.780964 23.855994 23.930097 24.004694 24.077787 24.149989 24.227336 24.299285 24.371630 24.826723 24.973080 25.193984 25.266359 25.340085 25.411992 25.483282 25.803894 25.887787 26.257782 26.330710 26.486689 26.560798 26.780634 26.858104 26.930832 27.003788 27.076268 27.154830 27.903900 28.343423 28.416649 28.490500 28.562527 28.633811 28.713352 29.321401 29.395180 29.469143 29.540965 29.614929 29.766218 29.841116 29.988246 30.505284 30.577606 30.649695 30.724538 30.811168 30.967851 31.040392 31.111959 31.188676 31.260173 31.335442 31.412067 31.559263 31.865661 31.943058 32.160169 32.232009 32.599807 32.673236 32.747380 32.973888 33.047322 33.118860 33.189078 33.259312 33.329426 33.399625 33.471377 33.544069 33.618243 33.692460 33.767426 33.839791 33.912125 33.983202 34.057417 34.134542 34.587139 35.020072 35.095742 35.169104 35.335666 35.637242 36.152498 36.223257 36.444505 36.515707 36.588069 36.672532 36.826731 36.897896 36.968634 37.111241 37.181422 37.257096 37.330733 37.547387 37.988350 38.058411
Elapsed_time: 38.058411
Score: 792508.749165
