5
301
93154.971689 90841.524490 79882.501327 77446.802573 76972.834546 76822.576795 76771.280687 76501.769692 76467.463540 76295.993279 75632.051461 75342.145632 74875.463724 74604.278459 74500.545846 74456.929427 74323.748910 74148.910654 73941.762634 73200.549345 72410.078848 72186.667823 71942.141367 71780.156346 71623.274360 71368.581220 70684.932162 69676.101273 69424.506294 69343.964045 68819.707215 68266.816933 68055.403088 67914.465005 67786.082236 67735.014069 67565.573838 67399.629829 67343.409301 67254.042664 66790.929261 66654.941011 66611.780179 66538.264831 66456.522736 66240.854219 66043.017879 66040.061499 65875.112621 65766.700530 65759.286895 65656.092533 65349.452790 64943.275804 64620.246466 64433.595824 64371.734240 64220.425742 64216.795159 64078.679773 63974.817194 63854.856645 63414.292386 63090.895471 63050.682951 62673.755833 62462.121836 61847.665494 61730.186613 61628.947105 61593.867151 61318.324067 61189.263792 60827.436721 60562.250612 60304.379654 60241.650743 59531.589459 59347.444167 59326.055521 59277.499757 59199.433851 59085.290388 58974.598355 58767.334871 58631.745491 58605.704640 58408.684395 58294.499559 58245.143778 58195.884691 57869.252961 57838.915563 57738.165068 57643.663038 57610.595539 57598.745007 57550.636393 57502.216480 57306.173154 57105.244904 56720.694306 56704.687520 56238.095122 55995.777437 55644.044768 55582.428875 55552.808391 55498.937744 55264.234243 55219.106190 55148.349037 54984.378455 54892.006339 54805.227309 54424.231724 53874.137970 53296.123373 53200.370577 52720.963378 52706.858915 52677.133673 52676.080563 52604.066137 52561.450973 52503.936852 52443.656802 52103.378402 52077.044851 52058.343107 51902.523521 51876.864881 51724.539373 51651.271159 51537.349006 51283.587855 51128.570223 51078.368316 50951.730186 50889.035215 50780.345634 50579.731427 50436.866153 50320.067573 50083.896966 49946.305458 49944.340157 49846.550894 49746.904621 49735.892284 49726.747525 49639.941304 49463.429462 49384.154754 49117.470682 48806.446647 48695.118327 48482.809431 48417.702395 48324.627801 48295.454248 48241.799715 48157.019406 47790.173590 47481.503782 47474.305142 47110.378276 47024.154571 46905.853390 46813.567185 46384.712392 46176.749634 45984.698815 45852.215267 45596.231774 45051.008830 44962.188457 44914.071723 44883.232816 44794.698561 44758.706941 44602.349161 44512.598062 44502.416569 44314.042990 44253.234207 44218.423783 44207.624164 44092.989466 43856.312006 43730.865955 43615.883466 43375.458782 43313.675111 43148.367374 43011.201972 42847.861654 42742.078077 42560.522900 42469.343428 42373.904678 42111.851556 42110.543319 42032.865739 41998.584016 41957.714771 41873.102716 41807.997438 41628.375056 41587.253989 41546.542728 41452.837673 41310.167767 41078.400520 41019.182863 41009.814933 40961.666832 40942.932900 40901.317286 40818.613081 40794.007909 40697.594007 40624.680561 40509.822116 40489.082388 40461.160478 40407.739493 40318.222921 40213.354825 40173.006763 40079.203658 40073.269341 40035.620583 40012.540740 39970.809609 39926.723788 39869.611698 39752.767016 39704.502491 39672.378271 39655.137139 39629.052370 39606.169999 39588.369198 39528.713201 39414.483048 39361.066003 39357.951595 39336.172579 39308.718263 39246.998288 39216.700945 39153.728201 39072.312825 39028.342183 39013.431975 38977.013360 38941.536306 38934.656654 38900.579332 38848.696166 38749.628961 38686.553618 38633.925088 38571.035134 38497.401946 38469.121184 38459.354034 38433.940899 38357.608625 38286.833243 38284.224265 38257.680068 38233.198717 38171.330537 38160.190015 38131.390945 38094.803440 38016.748499 37957.540383 37901.366075 37815.727710 37769.854349 37734.084339 37657.757420 37564.394646 37498.863134 37450.892832 37407.262442 37353.581209 37293.351147 37261.018216 37248.218487 37237.333738 37218.095563 37207.970407 37161.485515 37113.964123 37077.146418 37042.364731 37015.531947
0.214160 0.248158 0.256342 0.272652 0.280814 0.312960 0.321015 0.329338 0.354782 0.363239 0.371326 0.387383 0.395371 0.403438 0.411423 0.427446 0.435473 0.443502 0.451488 0.459552 0.467538 0.492036 0.500044 0.508093 0.516074 0.524090 0.532114 0.540302 0.548323 0.557345 0.565468 0.573720 0.581726 0.606991 0.615036 0.624456 0.634655 0.643236 0.668608 0.677344 0.686175 0.694131 0.729511 0.738057 0.747016 0.755466 0.763583 0.796477 0.812842 0.838663 0.866763 0.874667 0.890492 0.898753 0.907215 0.915137 0.932546 0.940696 0.959456 0.970183 0.978314 0.986186 0.994096 1.001908 1.033302 1.049152 1.057195 1.067895 1.077632 1.085440 1.101049 1.108890 1.116689 1.124455 1.140275 1.149138 1.165647 1.173695 1.182278 1.223025 1.238508 1.254061 1.269465 1.277253 1.285107 1.295108 1.327512 1.337777 1.345909 1.353559 1.361304 1.385337 1.395590 1.403562 1.419183 1.450517 1.471959 1.482917 1.492748 1.503477 1.523994 1.533910 1.550305 1.559402 1.583817 1.591893 1.617636 1.626136 1.634536 1.665432 1.684200 1.702265 1.711763 1.730358 1.739978 1.747602 1.755270 1.762827 1.770524 1.780170 1.787733 1.813814 1.831647 1.841224 1.850085 1.857639 1.865501 1.873324 1.881168 1.911461 1.920011 1.937537 1.945125 1.960330 1.967871 1.975386 1.990348 2.005295 2.012773 2.027647 2.035208 2.043064 2.050935 2.058440 2.065977 2.088691 2.097102 2.104909 2.113521 2.121824 2.152047 2.159494 2.166977 2.174418 2.196623 2.211444 2.233565 2.240997 2.264208 2.272559 2.294925 2.302605 2.310280 2.318093 2.333142 2.349040 2.356569 2.365691 2.376186 2.385147 2.392701 2.401928 2.412014 2.421903 2.431860 2.441736 2.461270 2.495476 2.511981 2.519524 2.527117 2.535859 2.550987 2.558296 2.565505 2.572783 2.587278 2.594580 2.601834 2.609286 2.616673 2.624097 2.633100 2.664453 2.673872 2.681108 2.688284 2.695527 2.702699 2.710309 2.718501 2.728073 2.736390 2.743608 2.767106 2.774760 2.782343 2.800314 2.807463 2.833626 2.844474 2.855631 2.865344 2.872606 2.891398 2.920390 2.929563 2.951333 2.958472 2.965606 2.992826 3.002516 3.012659 3.021534 3.047570 3.054715 3.061819 3.068893 3.075932 3.083089 3.090221 3.125617 3.132738 3.139842 3.146981 3.154166 3.169388 3.176749 3.183866 3.191003 3.212654 3.221017 3.237789 3.246654 3.262917 3.270114 3.285767 3.315788 3.322978 3.330187 3.337283 3.352137 3.359960 3.367265 3.374495 3.382607 3.389771 3.396853 3.420199 3.427334 3.434470 3.441582 3.449509 3.464343 3.471399 3.478478 3.492524 3.499591 3.515362 3.522573 3.532254 3.551187 3.560441 3.568670 3.575795 3.590555 3.600077 3.609555 3.618958 3.627670 3.634688 3.641699 3.648720 3.655965 3.663690 3.672296 3.679372 3.686471 3.693745 3.700807 3.718320 3.732539 3.756191 3.770244 3.777295 3.784317 3.791505 3.798490 3.805518 3.814846 3.824545
Elapsed_time: 3.824545
Score: 37015.531947
301
99273.592986 96920.047800 84665.640537 81593.765454 81341.805873 81319.357225 80791.765443 80543.610508 79659.827309 78736.991894 77671.851799 77572.830706 77525.250570 77413.670254 77389.417091 77032.487163 76598.209437 76247.097176 76127.339593 75787.606028 75741.101528 75563.808049 75449.523918 75445.718507 75269.792554 75069.792392 74744.206975 74249.926095 73650.773669 73618.069447 73399.685904 72992.217806 72913.818658 72779.614384 72712.016841 72654.295009 72577.918717 72169.873005 71741.676286 71503.600071 71180.551995 71108.348679 70941.111542 70776.322058 70572.035087 70260.526926 69474.832196 69353.378609 69059.521644 68888.432018 68666.370476 68602.211684 68602.064736 68461.855742 68363.741294 68171.282794 67836.824383 67343.599639 66683.940489 66306.629065 65905.767769 65892.519384 65879.543445 65661.028994 65502.299424 65426.982333 65389.074044 65192.974290 65093.076865 64765.233562 64298.998271 64278.012781 64263.567658 64185.740686 64132.313170 64039.015021 63982.950161 63968.400381 63916.983482 63885.860937 63824.630839 63749.052559 63628.310134 63306.541451 62873.157124 62440.226020 62403.911618 62395.126364 62272.075029 62039.645851 61997.252636 61880.647404 61747.114438 61552.973370 61132.840329 60784.398861 60688.146030 60523.730063 60498.560214 60471.542892 60414.485467 60130.512053 60027.468570 59769.838520 59546.178939 59408.500593 59253.160072 59238.309262 59162.910595 59043.368996 58845.394526 58407.182667 57973.095767 57835.692031 57509.798265 57385.508006 57264.448433 57009.622643 56362.338480 55968.612491 55831.638495 55727.602134 55708.942791 55617.348565 55461.575346 55314.561611 55191.193051 54917.508043 54799.998262 54783.657409 54719.968779 54556.124496 54513.213223 54492.032835 54433.039758 54299.891050 54170.506389 54056.210830 53808.415268 53607.276664 53148.623530 53145.392821 52995.847885 52880.094087 52802.358389 52560.984530 52152.133174 51666.419464 51487.210076 51212.780689 51030.534596 50597.887822 50416.847431 50216.767826 50057.464881 50016.355220 50003.268642 49998.325356 49965.663186 49946.707092 49871.632625 49721.849965 49692.455257 49666.672132 49475.288926 49286.824317 49247.131543 49139.682137 49127.173782 49063.243420 49046.365770 48972.744116 48898.174434 48742.795112 48516.911273 48502.701157 48480.611173 48210.836164 48178.189160 48119.032384 48012.345146 47799.063003 47600.746723 47579.965273 47481.363829 47435.919364 47413.525487 47356.753841 47215.883105 47160.802266 47013.627267 46965.443185 46910.547859 46831.929367 46628.482777 46494.441714 46451.837931 46411.017410 46305.264999 46210.655021 46112.641626 46031.613304 45918.196792 45804.655696 45708.154696 45655.854344 45562.344372 45448.276382 45308.721278 45297.233306 45210.357627 45178.468633 45167.934384 45065.399895 45011.036130 44865.720665 44840.375214 44816.302789 44693.245211 44563.027607 44541.012707 44519.497455 44492.279734 44477.446370 44458.656483 44403.664417 44319.417195 44269.989140 44229.588116 44184.702114 44156.804419 44151.714687 44121.931380 44071.760889 43971.366739 43958.583979 43946.795370 43928.642736 43914.084281 43859.430088 43735.397772 43723.024816 43692.052804 43681.628731 43638.723542 43635.948805 43592.300894 43562.776469 43518.684298 43411.579408 43380.959301 43371.752121 43347.680648 43270.880947 43249.432023 43240.733830 43186.166217 43146.891404 43138.862811 43074.828015 43050.357915 43002.108225 42975.746227 42935.108496 42928.349087 42861.277557 42844.264851 42823.328166 42795.838952 42723.032081 42720.163654 42697.242730 42667.688082 42580.981798 42561.306205 42552.526073 42528.637397 42500.678927 42476.031047 42385.023925 42324.987269 42291.789781 42223.528723 42173.661931 42093.288185 42069.207187 42066.113765 42020.433557 41994.537319 41917.620748 41872.354973 41849.318365 41795.351983 41744.208533 41671.698154 41665.317464 41578.111971 41522.184206 41437.764637 41360.343640 41347.529443
0.206774 0.245757 0.254230 0.270751 0.281006 0.305182 0.313317 0.321428 0.329563 0.337740 0.370408 0.403086 0.411242 0.419364 0.427570 0.435706 0.443870 0.451961 0.460063 0.476482 0.493864 0.502517 0.519389 0.544324 0.552470 0.560608 0.568761 0.577050 0.621561 0.650108 0.690623 0.699804 0.725100 0.757741 0.788044 0.799341 0.809803 0.818425 0.826558 0.834802 0.842885 0.851338 0.859455 0.867606 0.891832 0.899880 0.908297 0.926833 0.935388 0.943806 0.968025 0.984277 0.994182 1.012242 1.020550 1.030217 1.039860 1.047887 1.055924 1.081605 1.121936 1.154107 1.178784 1.186773 1.194715 1.202637 1.223414 1.234560 1.243329 1.251301 1.259188 1.267171 1.306742 1.314655 1.330833 1.338723 1.354522 1.378397 1.386328 1.402253 1.410252 1.418312 1.426310 1.434328 1.442357 1.450358 1.474074 1.497838 1.506859 1.531271 1.556660 1.564516 1.572386 1.580250 1.588878 1.596945 1.606923 1.615017 1.623914 1.657053 1.666258 1.675154 1.683886 1.693200 1.700969 1.708875 1.716735 1.740138 1.748349 1.756136 1.763895 1.772834 1.782272 1.801610 1.812492 1.820865 1.828995 1.839126 1.847281 1.858274 1.869248 1.879658 1.887557 1.895221 1.902900 1.910579 1.918205 1.925855 1.933550 1.964798 1.972507 1.980542 1.990814 2.015790 2.024432 2.034403 2.050863 2.061810 2.069545 2.077253 2.084891 2.107783 2.115406 2.123028 2.130608 2.138288 2.145877 2.153760 2.169020 2.176768 2.184535 2.192642 2.201221 2.208738 2.216244 2.246204 2.261253 2.268843 2.276314 2.285584 2.293622 2.302287 2.312191 2.328502 2.336165 2.345524 2.355247 2.362728 2.370266 2.377809 2.393910 2.402257 2.410610 2.419287 2.427262 2.435706 2.450866 2.460151 2.486035 2.493553 2.501137 2.510094 2.517828 2.527336 2.535505 2.559405 2.567014 2.576848 2.584339 2.599119 2.613826 2.628618 2.636067 2.643738 2.652970 2.662952 2.672915 2.691507 2.699685 2.709498 2.717160 2.726635 2.734572 2.744029 2.753051 2.771641 2.779024 2.786630 2.793996 2.801807 2.809621 2.818011 2.833050 2.840356 2.847817 2.855728 2.863317 2.878514 2.885981 2.893452 2.900819 2.915530 2.923037 2.930459 2.937818 2.945144 2.952716 2.960478 2.967889 2.977422 2.988617 2.999936 3.008574 3.015883 3.023157 3.044995 3.052339 3.059787 3.067146 3.075195 3.085009 3.094740 3.104181 3.114187 3.132315 3.153899 3.161183 3.175732 3.185557 3.195416 3.212864 3.227419 3.236175 3.245798 3.254372 3.270607 3.279505 3.286922 3.296323 3.305192 3.322500 3.329741 3.337082 3.345117 3.361211 3.368472 3.375682 3.382886 3.391002 3.398331 3.412980 3.428425 3.436738 3.443962 3.458304 3.472766 3.479993 3.487236 3.494380 3.508717 3.516841 3.524491 3.531888 3.539817 3.547008 3.554360 3.578284 3.585464 3.592656 3.599841 3.607055 3.621294 3.628426 3.635539 3.642763 3.664130 3.671278 3.678382 3.685465 3.699932 3.725507
Elapsed_time: 3.725507
Score: 41347.529443
301
93637.394721 91417.062745 79106.221261 77960.325986 77888.660840 77335.975111 77098.077687 77047.084542 76866.936442 76481.860173 76281.743223 76219.386459 75946.665189 75616.630559 75286.602615 74946.656336 74303.625993 73404.295741 73237.176367 73210.011785 73084.519550 72788.405593 72426.145378 72118.239773 71975.819040 71789.261084 71658.299469 71548.465910 71345.066374 71205.496069 70995.213125 70781.464033 70500.641199 70122.648037 70003.782373 69897.346042 69687.658271 69448.097198 69312.621976 69256.853886 69087.825891 68873.971066 68513.743932 68347.695484 68248.497622 68207.740467 68122.693046 67954.290917 67747.037058 67302.220684 67274.664859 67047.015276 66859.700468 66776.636601 66408.354388 65539.597207 63836.417478 62822.695571 62384.115935 61865.125521 61803.873912 61680.942236 61565.155962 61197.537107 60877.679517 60525.513094 60167.120414 59898.657097 59839.714295 59834.567109 59755.776879 59640.833792 59511.020190 59385.359133 59102.287694 58766.419642 58439.613636 57928.831227 57193.986927 56758.535454 56657.303173 56503.518976 56462.874934 56402.674680 56318.866050 56108.723585 55756.770335 55304.205206 55177.133873 54974.554462 54914.662142 54341.200182 53957.242358 53490.773141 53062.385126 52978.024114 52628.900128 52344.092236 51981.961495 51765.956847 51572.288340 51083.632249 51002.491065 50828.606250 50623.528853 50469.060741 50431.978674 50221.970429 49905.407959 49419.937810 49117.833160 48883.038182 48765.919969 48707.024051 48667.976814 48569.542253 48355.745933 48059.596180 47726.352086 47574.166006 47337.530293 47272.083308 46975.394174 46841.843562 46741.079032 46395.416531 46256.119481 45884.099461 45681.828412 45672.557082 45541.943695 45358.886092 45094.701595 44788.341865 44522.251781 44357.162621 44158.729641 43965.646954 43631.604466 43551.235901 43420.882044 43288.142807 43158.015183 43012.199925 42481.036805 42454.823467 42443.543596 42434.065584 42371.525696 42326.028268 42276.337253 42245.914109 42245.713423 42196.817629 42187.174568 42181.699109 42110.221393 42045.412738 41971.258428 41729.682622 41547.070088 41309.874970 41068.698267 41005.553922 41004.044646 40931.306678 40856.639670 40662.748469 40386.760025 40318.850571 40199.009430 40166.204030 40162.336309 40112.079963 40056.316153 40003.061664 39967.056182 39852.429055 39847.656180 39836.022379 39807.863059 39777.420001 39713.080346 39644.743094 39567.417575 39449.400751 39398.524818 39254.993624 39228.172656 39226.966055 39150.249013 39119.560323 39072.497530 39008.949857 38894.579329 38669.758369 38556.329158 38538.079028 38470.727860 38454.902688 38452.581184 38315.203395 38241.895743 38105.100401 37892.096430 37811.264617 37661.490907 37571.781749 37437.070452 37285.011276 37257.996305 37155.160790 37056.198701 36906.430099 36771.593562 36504.743865 36489.474314 36367.429098 36237.371263 36002.624113 35942.074119 35885.405898 35817.543423 35658.274860 35522.799442 35482.284964 35397.139813 35280.380532 35123.781043 35096.942206 34999.922595 34959.173762 34923.779808 34746.190224 34708.698013 34610.723065 34523.158821 34429.138972 34407.736448 34372.069488 34347.378263 34271.622614 34202.604130 34174.954614 34142.755318 34117.264464 34031.318843 33980.418751 33940.297283 33900.388701 33843.132878 33787.999427 33760.588922 33719.530441 33685.192037 33648.012375 33608.947325 33559.001024 33555.820998 33520.154152 33502.985311 33462.728949 33381.602740 33344.469986 33286.029841 33250.156932 33220.190096 33173.238001 33078.575362 33056.168049 33047.832573 32969.826795 32923.895668 32862.603217 32828.305916 32779.457777 32708.952874 32648.374574 32587.912186 32547.970543 32509.223513 32483.270887 32452.196128 32385.909830 32348.409219 32312.935622 32271.266724 32252.708385 32226.411403 32185.389063 32150.888986 32124.128454 32101.513150 32081.514751 32064.121607 32043.255953 32030.061028 32005.468071 31987.119395 31964.303415 31944.908128
0.209782 0.251843 0.261197 0.277552 0.310059 0.318165 0.326833 0.345309 0.361787 0.370238 0.378300 0.386475 0.394567 0.402622 0.410713 0.418789 0.426850 0.451239 0.469029 0.485526 0.496926 0.505551 0.513606 0.521671 0.529771 0.537878 0.545888 0.553904 0.562017 0.570061 0.578050 0.586104 0.594193 0.602245 0.626442 0.634478 0.643973 0.654750 0.663122 0.679440 0.687601 0.695601 0.703623 0.711732 0.730417 0.747273 0.763256 0.771491 0.779504 0.795438 0.811528 0.819516 0.827453 0.851555 0.860334 0.870503 0.880591 0.888506 0.896411 0.904259 0.935751 0.943599 0.951501 0.959405 0.967201 1.006385 1.016396 1.025089 1.066882 1.103148 1.112063 1.121041 1.137749 1.145565 1.153391 1.161262 1.169113 1.176889 1.184698 1.192806 1.216953 1.224995 1.249789 1.257684 1.266930 1.274961 1.286952 1.296614 1.304556 1.312336 1.320094 1.327822 1.335591 1.343396 1.351088 1.358791 1.366492 1.375430 1.383101 1.398597 1.406282 1.413939 1.421738 1.429405 1.437899 1.445522 1.453312 1.470365 1.478072 1.485606 1.493156 1.508080 1.515570 1.531014 1.539497 1.547059 1.554549 1.562485 1.570721 1.578775 1.586280 1.624036 1.638861 1.646358 1.653848 1.668690 1.683532 1.690958 1.698315 1.721641 1.731513 1.741311 1.748995 1.756390 1.766073 1.774833 1.782714 1.792228 1.802592 1.810084 1.817411 1.824857 1.834127 1.843356 1.851058 1.883208 1.890653 1.898006 1.906144 1.921666 1.930284 1.949266 1.976155 1.983965 1.994074 2.023018 2.032840 2.052159 2.060865 2.068558 2.076782 2.087041 2.095876 2.103095 2.132001 2.139271 2.146542 2.153777 2.168082 2.189723 2.211644 2.219060 2.263462 2.273520 2.284391 2.294338 2.302183 2.316747 2.354775 2.370818 2.380785 2.388364 2.396033 2.403274 2.417581 2.424800 2.446239 2.453472 2.467769 2.482077 2.489193 2.496362 2.503573 2.510773 2.517931 2.525086 2.532303 2.556385 2.563722 2.570978 2.585264 2.593801 2.602159 2.609266 2.616349 2.630516 2.637692 2.644781 2.651847 2.665935 2.673005 2.679996 2.686984 2.694024 2.701005 2.707958 2.721986 2.728960 2.735957 2.742920 2.756840 2.763817 2.770822 2.777784 2.784816 2.798982 2.805996 2.813115 2.821826 2.831104 2.840442 2.849656 2.858944 2.868025 2.875507 2.882664 2.891870 2.899350 2.908229 2.917346 2.926883 2.934243 2.941141 2.948042 2.954948 2.961892 2.968801 2.982509 2.989416 2.996297 3.003172 3.010055 3.023812 3.030672 3.037484 3.044309 3.051232 3.058099 3.064900 3.073471 3.082594 3.089533 3.097376 3.104223 3.111118 3.118032 3.124974 3.131828 3.138638 3.145570 3.159862 3.168660 3.177220 3.187194 3.194377 3.201349 3.208230 3.215036 3.221875 3.228672 3.235493 3.242313 3.249178 3.255963 3.271288 3.278440 3.285571 3.292428 3.299191 3.306163 3.312955 3.319741 3.328489 3.335508 3.342286 3.349991 3.357709 3.367317 3.376180 3.386948 3.394629
Elapsed_time: 3.394629
Score: 31944.908128
301
90709.640856 88421.733847 76480.890259 76140.388177 76037.661808 75830.838118 75714.528341 75499.120347 75064.135508 74760.059974 74431.275169 74391.396170 74247.015903 74174.055205 73956.005114 73907.249513 73662.125435 73150.452906 72640.595473 71975.180540 71673.298033 71143.731237 70995.696268 70948.981407 70857.018765 70783.186429 70745.028073 70485.556259 70281.022645 70144.204988 69775.071440 69244.818561 68496.388636 68019.844388 67921.664922 67722.013618 67674.549949 67543.443065 67396.084981 67220.770255 67195.335393 67154.300389 67111.975621 67077.255635 67057.515228 66966.940848 66806.378538 66770.813132 66713.514204 66278.073417 65402.864915 64585.615194 64538.229714 64480.221911 63972.201005 63955.980734 63943.951990 63798.583139 63796.024392 63746.608338 63604.711122 63494.967330 63406.381165 63253.220943 63206.172460 62891.326627 62887.254717 62854.585517 62789.599435 62548.740857 62509.283138 62120.616933 62057.212316 61563.115360 61542.485785 61538.580801 61356.488197 61265.180425 61191.513702 61045.825795 61021.295901 60859.850792 60620.535972 60423.212844 59979.257176 59939.018010 59750.212285 59619.614048 59503.456872 59191.806089 58577.065109 57970.066337 57884.587375 57697.760687 57078.490410 56950.445921 56881.364486 56761.045331 56677.781108 56591.617941 56560.031065 56427.357396 56293.128040 56290.006884 55974.449925 55935.167201 55619.785298 55529.861147 55378.508202 55163.213855 54909.046760 54691.271873 54663.276915 54651.005806 54596.874457 54570.281857 54496.002224 54426.617957 54099.325877 53859.029369 53740.734965 53687.978270 53509.533671 53491.400386 53380.227997 53244.947402 53230.599679 53093.954950 52943.939227 52825.224065 52803.523539 52655.124663 52462.594159 52227.033515 51916.840998 51867.744874 51782.592339 51765.749872 51709.354785 51541.306404 51097.391617 50902.883447 50888.867926 50591.780836 50524.079959 50425.395443 50339.689893 50282.184634 50139.827839 50012.780217 49928.034863 49913.180244 49519.373484 49324.540604 49309.537351 49267.625179 49177.966414 49132.189590 49131.982551 49086.731596 48958.464290 48911.176806 48804.992862 48699.958364 48034.725794 47871.600144 47683.306919 47566.614160 47547.190486 47018.487954 46993.506028 46605.813967 46562.199821 46554.416619 46442.306171 46288.755617 46223.872567 46176.272878 45956.247156 45939.536084 45927.661024 45846.180418 45749.160949 45737.697710 45691.789507 45622.017222 45509.685787 45403.774348 45294.845551 44790.417908 44723.275687 44705.635879 44497.647072 44388.428673 44277.406256 44162.764911 43588.972602 43546.521052 43485.363227 43391.433818 43205.612291 42756.034865 42690.469485 42550.893911 42433.965820 42143.558409 42037.666186 42003.134988 41863.031720 41746.443960 41535.091439 41374.010910 41228.281182 41058.824385 40877.342389 40787.962677 40771.496734 40616.521674 40610.952834 40564.839987 40485.516737 40329.625282 40327.641174 40317.065760 40227.675824 40174.821855 40124.501886 40046.206803 39905.662156 39890.873328 39882.026078 39839.463376 39792.566511 39747.165999 39704.567898 39637.901371 39582.174513 39532.176192 39474.142106 39438.989158 39407.524324 39364.661924 39350.527922 39289.657234 39231.023528 39140.563194 39083.172307 39021.942299 38932.995016 38857.487320 38780.510213 38769.248300 38737.881299 38678.476972 38616.113498 38568.754414 38530.228423 38448.806018 38428.014739 38380.777732 38312.141040 38256.789606 38197.354460 38122.686581 38043.709276 37997.123530 37922.206358 37840.027935 37778.965795 37714.318410 37654.840046 37652.892429 37642.192181 37615.116848 37577.908082 37544.757966 37532.101772 37520.309217 37468.663976 37453.703391 37415.917604 37364.808554 37336.966693 37266.557274 37203.612074 37149.097087 37139.902330 37110.471887 37063.790572 36993.004328 36974.458942 36940.591430 36905.139971 36827.406713 36778.312546 36741.318390 36697.548406 36650.858492 36606.135036 36556.209538 36510.271926
0.208419 0.248664 0.257358 0.282167 0.307444 0.315712 0.323798 0.360424 0.368582 0.378428 0.389716 0.411185 0.419300 0.427318 0.435353 0.459593 0.467772 0.476018 0.486683 0.497658 0.508441 0.518181 0.541239 0.575812 0.608901 0.616907 0.624922 0.632947 0.641113 0.649158 0.658054 0.668998 0.680030 0.690364 0.710454 0.719012 0.742800 0.750773 0.774815 0.782720 0.800983 0.823611 0.839682 0.847683 0.881184 0.889560 0.897803 0.919303 0.927368 0.937078 0.946046 0.955811 0.990648 1.006821 1.047365 1.080959 1.089564 1.097545 1.132164 1.140140 1.148152 1.163911 1.171671 1.179525 1.187374 1.195234 1.229292 1.269863 1.280230 1.288457 1.316876 1.326137 1.334415 1.342309 1.350211 1.373658 1.381527 1.406722 1.416032 1.425203 1.459264 1.467403 1.475874 1.483691 1.491501 1.507083 1.515955 1.526037 1.534090 1.541928 1.551419 1.561670 1.577821 1.593168 1.600996 1.616376 1.624044 1.639507 1.654817 1.670220 1.686470 1.695529 1.703216 1.719315 1.743656 1.768488 1.777404 1.793348 1.802120 1.810241 1.817819 1.825337 1.840845 1.882354 1.892675 1.903838 1.915627 1.929357 1.942342 1.962173 1.969785 1.977438 1.985052 1.992669 2.000288 2.007886 2.023149 2.030765 2.038375 2.045940 2.076321 2.083983 2.091624 2.106859 2.114363 2.137703 2.145224 2.167761 2.175276 2.182826 2.190316 2.200563 2.241178 2.248791 2.264530 2.279932 2.287448 2.310100 2.317581 2.325100 2.332563 2.365874 2.376323 2.391451 2.422636 2.439801 2.447264 2.462173 2.484518 2.492996 2.501178 2.516258 2.524936 2.536478 2.545048 2.568100 2.575794 2.583786 2.591395 2.599117 2.606746 2.614323 2.638720 2.648495 2.658234 2.666145 2.692668 2.699999 2.707437 2.734994 2.760132 2.775606 2.791641 2.822335 2.829810 2.837316 2.845992 2.856225 2.864234 2.871496 2.878820 2.893549 2.900965 2.908258 2.915547 2.922854 2.937300 2.951757 2.959190 2.966942 2.974254 2.985127 2.999596 3.006798 3.014023 3.021172 3.057210 3.071843 3.079054 3.086485 3.093797 3.101690 3.108859 3.116103 3.124295 3.131631 3.138856 3.147940 3.164253 3.171622 3.180315 3.187465 3.195828 3.219022 3.226425 3.233542 3.240987 3.248303 3.255824 3.281661 3.288996 3.296165 3.303629 3.312643 3.320231 3.329671 3.339258 3.348545 3.355866 3.364219 3.373180 3.387665 3.403748 3.411146 3.418215 3.425381 3.432507 3.440900 3.448840 3.457246 3.464543 3.480244 3.487293 3.494451 3.501479 3.509699 3.517124 3.525914 3.533088 3.540399 3.548312 3.555330 3.562345 3.569369 3.576342 3.583568 3.591634 3.598783 3.606525 3.614128 3.622828 3.644153 3.651162 3.658205 3.665213 3.672269 3.693665 3.701005 3.708193 3.722551 3.743871 3.757982 3.765369 3.772928 3.781234 3.790669 3.806576 3.814161 3.823173 3.833226 3.840754 3.848663 3.858744 3.866212 3.873187 3.880187 3.887194 3.894191 3.901377 3.908406 3.916284
Elapsed_time: 3.916284
Score: 36510.271926
301
91914.480497 89721.110801 75659.875244 75560.076815 75300.543982 75270.272560 74948.941712 74500.191931 74125.119979 73947.219501 73926.860927 73754.383779 73614.507443 73567.479127 73147.181074 72867.327987 72530.128798 72099.259376 71894.670815 71629.127709 71571.102655 71301.444957 71063.974425 71041.005927 70680.947730 70371.194570 70317.813528 70224.051597 69922.950897 69704.848259 69629.808714 69538.268727 69399.993577 69234.580251 68686.798703 68018.522646 67852.019659 67676.571417 67563.825816 67554.099206 67458.181652 67411.284409 67285.272509 67263.841948 67141.424832 67037.338371 66935.572142 66816.052139 66517.775255 66432.026653 66416.785768 66237.652547 65660.807779 65540.645897 65355.841408 64667.952060 64644.250130 64626.985534 64476.640859 64386.211316 64192.651427 64000.898520 63693.626078 63372.975423 63232.809101 63093.803845 62996.111298 62593.411270 62083.382181 61843.954872 61808.631888 61704.510418 61610.895492 61600.398710 61523.843363 61269.388547 60471.752857 59685.907051 59442.528527 59303.476847 59250.928168 59177.891654 59025.697471 58894.508600 58348.530636 57980.106577 57901.158047 57817.655095 57766.603800 57764.543874 57636.881856 57533.912869 57383.171260 57213.846042 57079.639493 57066.072954 56888.652768 56629.653850 56556.680642 56514.340698 56368.502508 56237.627975 56005.535603 55863.005451 55812.767132 55467.304622 55387.293229 55371.856877 55318.404164 55140.724662 55138.205740 55110.732040 55073.094037 54913.629963 54766.430747 54661.455968 54489.358531 54345.275668 54305.263457 54153.839805 53976.788783 53651.651821 53645.663786 53437.777790 53379.273163 53252.629027 53116.804672 53098.080590 52910.988377 52705.117325 52548.362049 52545.363074 52504.454321 52446.117811 52348.285290 52225.567063 52171.313822 52092.832576 52052.904297 51906.668920 51785.549631 51703.653784 51251.901436 51157.639385 51141.905397 51040.934431 50983.028194 50954.298574 50880.932144 50785.384227 50496.196241 50333.906516 50187.840556 50131.736412 49724.838861 49700.132842 49677.509440 49574.314699 49438.605371 49404.710716 49354.846879 49210.634740 49045.838883 49007.652540 48902.214088 48700.318893 48692.360678 48565.365100 48428.238983 48040.974643 47714.646456 47548.518220 47521.032884 47497.006738 47373.777213 47261.681923 47132.711128 46838.767449 46708.556953 46690.891946 46596.959752 46530.242426 46513.289223 46465.326927 46433.980071 46420.708721 46368.034987 46308.089276 46150.814420 46136.038459 46093.996828 46041.813885 45982.295916 45665.942736 45554.775657 45367.555761 45344.595461 45288.115747 45227.799883 45172.563818 45090.464137 44801.928970 44614.501189 44468.805281 44468.490019 44399.359046 44332.109514 44283.605899 44234.540740 44205.784380 44192.656716 44154.528623 44020.993602 43959.627925 43694.008718 43623.639935 43603.457918 43542.961568 43473.136023 43361.166399 43343.966464 43197.289608 43111.908826 43094.601990 43037.384814 42868.791033 42691.276823 42469.314540 42322.970095 42207.642273 42114.443714 41943.219887 41765.446355 41716.118683 41645.018136 41581.921939 41469.947341 41277.948272 41260.559449 41224.293213 41215.435531 41188.973130 41153.980933 41130.953612 41072.281050 41025.144376 40961.881283 40885.970425 40820.335731 40782.115732 40722.464798 40633.823706 40602.422688 40552.216085 40509.998736 40436.531556 40350.618926 40316.512497 40206.496823 40133.258186 40070.003781 40001.672765 39843.734139 39791.568569 39734.302685 39691.086150 39606.667322 39567.662846 39521.298622 39492.433709 39468.996596 39359.651704 39334.531649 39302.004413 39233.211446 39127.771535 39094.270695 39026.359732 38955.404376 38836.588844 38805.695270 38753.534256 38670.402772 38587.059004 38552.686147 38495.185153 38399.094209 38329.743909 38255.083751 38183.065530 38113.942094 38106.898680 38068.097322 38020.119527 37976.757776 37927.413380 37865.595723 37831.862284 37766.832397 37706.656512 37638.743446
0.227027 0.261605 0.278149 0.316992 0.346736 0.356514 0.376132 0.384244 0.394224 0.403580 0.438956 0.447785 0.456375 0.464788 0.473363 0.489585 0.497920 0.506043 0.522112 0.530237 0.546393 0.554485 0.562594 0.570659 0.578726 0.586782 0.594896 0.611933 0.621517 0.632290 0.648422 0.656494 0.664579 0.672599 0.680682 0.688675 0.704701 0.712857 0.733878 0.776290 0.801385 0.810635 0.820221 0.845275 0.853236 0.869204 0.877284 0.895674 0.906405 0.938752 0.964195 0.972390 1.014067 1.030075 1.038031 1.046172 1.054510 1.081880 1.090744 1.098813 1.106799 1.114794 1.122866 1.130848 1.156422 1.164852 1.174192 1.182298 1.191636 1.207820 1.231628 1.239896 1.247755 1.271757 1.279692 1.287515 1.295395 1.303447 1.312815 1.323647 1.342814 1.350632 1.358427 1.366258 1.374033 1.381797 1.419763 1.429740 1.449357 1.486312 1.494028 1.501796 1.509526 1.517276 1.525140 1.540490 1.548239 1.555970 1.571638 1.579486 1.587878 1.596146 1.604008 1.622210 1.645238 1.652893 1.678739 1.720982 1.731314 1.739396 1.767514 1.789171 1.798420 1.806100 1.836734 1.852049 1.859687 1.867320 1.882782 1.893260 1.905226 1.914413 1.942312 1.965139 1.972768 1.980347 2.005766 2.029809 2.039057 2.048984 2.071898 2.103169 2.110710 2.118366 2.126176 2.133877 2.151097 2.182772 2.191512 2.200017 2.208210 2.223301 2.230880 2.238489 2.270839 2.279873 2.309689 2.318371 2.327595 2.336587 2.344901 2.375082 2.382693 2.390256 2.397756 2.431846 2.446925 2.454438 2.469446 2.484446 2.491931 2.499485 2.507020 2.522017 2.529545 2.537076 2.544596 2.566967 2.574493 2.581942 2.589398 2.596949 2.604357 2.627075 2.634942 2.642662 2.650254 2.658317 2.665868 2.688065 2.695512 2.718105 2.740360 2.748028 2.764062 2.783896 2.791338 2.800352 2.809813 2.825003 2.834831 2.843074 2.852922 2.862748 2.878391 2.885763 2.893180 2.900782 2.909868 2.919709 2.928115 2.953340 2.968903 2.978976 3.024908 3.033875 3.041272 3.048799 3.073365 3.099413 3.107134 3.114699 3.122948 3.152639 3.160190 3.176493 3.192194 3.199823 3.207930 3.215345 3.237921 3.245382 3.252773 3.277345 3.287036 3.294423 3.305738 3.313536 3.320888 3.328126 3.335377 3.342570 3.349883 3.357148 3.364355 3.371754 3.379270 3.387468 3.412057 3.420238 3.429877 3.439163 3.454055 3.463533 3.470951 3.478093 3.485304 3.492559 3.499827 3.507000 3.514402 3.529470 3.536657 3.543867 3.551874 3.559668 3.575373 3.582558 3.590937 3.599223 3.607389 3.616704 3.623988 3.631320 3.638921 3.646681 3.654032 3.662256 3.669478 3.677148 3.685028 3.693485 3.707888 3.715062 3.723307 3.730824 3.745762 3.754007 3.761204 3.769546 3.783806 3.791534 3.799073 3.806273 3.813528 3.821025 3.828252 3.835496 3.842768 3.849832 3.856954 3.864940 3.872046 3.879059 3.887366 3.897303 3.905115 3.914659 3.921796 3.928892 3.935899
Elapsed_time: 3.935899
Score: 37638.743446
