5
301
466554.554557 456384.196179 370783.500443 358536.588775 358469.168875 357914.385572 357692.240364 357499.629993 357414.973646 357241.263517 356842.733844 355665.598586 354156.905990 353536.016110 353429.348416 353283.050381 353170.591030 353144.319198 353100.279474 352865.712441 352591.538394 351194.322682 350146.906392 350121.399643 350039.898892 349220.453945 345174.803408 343264.233835 343210.653512 342943.710988 342604.262324 341938.717483 341895.029866 341689.170544 341521.400245 341244.594469 340846.163167 339761.702234 339745.436176 339689.956065 339584.075191 339266.579094 338764.980664 337594.154878 336814.966432 336801.999488 336478.017664 335955.324398 335061.788407 334165.295591 333577.345781 333556.129291 333454.710557 333454.531972 333303.500953 333095.876620 333065.710658 332814.788385 332508.557835 331967.115952 330679.966929 330587.063691 330211.422978 329885.931297 329311.357033 328987.224608 328882.088099 328873.405966 328707.691500 328516.881559 328388.612108 328117.987226 327090.194693 325958.001008 324568.855430 324563.729320 324539.360705 324220.019205 323874.888419 323458.103768 322908.511754 322134.574609 321680.022722 321626.683367 321503.758947 321357.215422 320989.454722 320826.494193 320755.253154 320613.060826 320403.220908 320383.380180 320173.025034 320072.785843 319862.249719 318981.661711 318048.461317 317979.843896 317670.807979 317356.364569 317245.722514 317233.545327 317085.762534 316642.515490 316521.483083 316373.122709 316092.896470 315992.741606 315951.166797 315943.552905 315813.135112 315501.030821 315175.550160 314070.608167 313995.590578 313625.336821 313578.243454 313167.932235 313110.147565 313088.884767 313044.354018 312960.414535 312881.227442 312717.036562 312544.341162 312432.791198 312273.233591 311692.005608 311210.999901 310968.230391 309613.233386 306986.828236 304375.376910 304327.204133 304002.904167 303863.641543 303833.354667 303530.993046 303202.882705 303085.000676 303008.690601 302951.905526 302741.174635 302506.255389 302237.291025 302012.548253 301507.624116 301045.162417 300621.389763 299838.171663 298701.497110 296345.171152 295459.236303 295030.615427 294174.164541 293046.804910 293011.032993 292677.709776 292570.688725 292410.545763 291971.909749 291521.875845 290679.417075 288781.648742 288720.767824 288641.923463 288567.432951 288238.199143 288075.699717 288063.307855 288010.077070 287944.131507 287844.788736 287699.114524 287603.048573 287389.274666 287042.601822 286413.397377 286215.038975 285947.730356 285701.455287 285513.510748 285045.749619 284359.141992 283656.539615 282938.515552 282611.399667 282276.478592 281715.126670 281011.451855 280343.868042 279653.950108 279588.623957 279479.674922 279211.812165 278727.422218 278627.283988 278596.110433 278490.356382 278358.734977 278017.104016 277564.926050 276268.676950 275525.621188 275469.673038 275456.470908 275226.899068 275026.247951 274928.327608 274850.576320 274832.666053 274750.271003 274704.796872 274679.420750 274589.380829 274324.444663 273978.181561 273974.160649 273761.935673 272648.587148 272445.456517 271704.929219 270386.942257 269685.169443 269477.347905 269112.045619 268800.220432 268390.560959 268102.718496 267994.901063 267438.448803 267286.677893 267180.791351 267163.096149 267112.646373 266958.108315 266795.266197 266340.019803 265850.683053 265788.100842 265771.359053 265148.848392 264635.445735 264535.938356 264166.139492 263995.257361 263429.491057 263306.250667 263211.154735 263107.314909 262892.747694 262472.212388 262201.728636 260367.085371 258673.783131 257976.684744 257936.621517 257525.349821 257408.855925 256942.662200 256787.928427 256772.667680 256457.507112 256425.167213 256222.050489 256070.121647 255578.483523 254562.028629 254463.459447 253291.197263 253094.345662 252937.248278 252481.904447 252428.766575 252370.598096 252248.033724 252118.079902 251909.671597 251646.938033 251135.740961 249939.145268 248193.062838 248155.125811 247095.886720 246603.396527 245634.644358 245031.646748 244671.093915 244042.781930 243858.595217 243757.787150 243640.571673 243582.744019 243517.817797 243394.497461 243295.244256 242874.799831 242825.537439 242725.139434 241582.804945 240966.073473
1.394094 1.691712 1.750311 1.862018 2.087709 2.147228 2.363972 2.419678 2.578493 2.632038 2.684910 2.741110 2.794891 2.902281 3.009907 3.067952 3.286111 3.340159 3.504997 3.560703 3.615224 3.669282 3.721761 3.830027 4.175372 4.230400 4.284705 4.340392 4.620664 4.679504 4.786959 4.840522 5.174810 5.227560 5.281107 5.336069 5.393507 5.448543 5.553552 5.785968 5.842370 5.904527 5.956920 6.016997 6.130626 6.401371 6.458758 6.513023 6.569889 6.627868 6.923064 7.085720 7.190193 7.356546 7.411103 7.467212 7.635233 7.688930 7.743099 7.798365 7.861854 8.143374 8.199202 8.255236 8.308421 8.361175 8.575866 8.745846 8.799630 8.852587 8.906915 8.961531 9.015548 9.073660 9.181311 9.394057 9.663634 9.716770 9.772280 9.826445 9.880106 10.036931 10.269315 10.483484 10.536115 10.591237 10.645594 10.704384 10.828745 10.883958 10.993145 11.268572 11.322115 11.431058 11.486551 11.538663 11.593404 11.865685 11.976589 12.029066 12.306806 12.417115 12.472206 12.525269 12.578128 12.631149 12.740996 12.900881 12.952879 13.114140 13.167386 13.222297 13.275849 13.334633 13.452821 13.505993 13.663090 13.773408 13.946768 14.118223 14.175270 14.342350 14.395178 14.450889 14.556301 14.619863 14.734165 14.789322 14.843540 14.957437 15.022258 15.076849 15.132102 15.342785 15.501211 15.611021 15.778852 15.901571 16.016144 16.282645 16.502285 16.610675 16.770494 16.825182 16.878285 16.934806 16.991158 17.047951 17.103160 17.155335 17.206489 17.257422 17.308221 17.358920 17.409677 17.517614 17.727699 17.783210 17.960848 18.020002 18.072104 18.182596 18.233556 18.286489 18.555527 18.717271 18.773474 18.830244 18.936241 19.091576 19.143502 19.306936 19.366645 19.418049 19.470345 19.526918 19.579758 19.636164 19.756237 19.809436 19.863875 20.023606 20.074344 20.124785 20.175223 20.225500 20.276088 20.327156 20.382114 20.436833 20.488993 20.540394 20.749413 20.800101 20.853986 20.905928 20.958716 21.168701 21.230141 21.283036 21.333641 21.386005 21.442968 21.496762 21.547877 21.599420 21.654932 21.858248 21.915470 21.968440 22.235995 22.287837 22.447276 22.556281 22.606562 22.662054 22.711978 22.761963 22.811973 22.861841 22.989814 23.040139 23.099996 23.263408 23.314216 23.367544 23.421763 23.478986 23.530706 23.583225 23.696457 23.748524 23.914659 24.074079 24.126339 24.180725 24.285192 24.335769 24.398498 24.504869 24.725775 24.831716 24.945898 24.996732 25.154869 25.208300 25.259011 25.311100 25.415114 25.467472 25.521211 25.626707 25.690242 25.740136 25.792961 25.842618 25.945262 25.995982 26.097328 26.308257 26.360131 26.464113 26.513765 26.668205 26.717986 26.768986 26.819279 26.873234 26.925381 26.977954 27.142055 27.193930 27.247670 27.455259 27.506413 27.558553 27.709757 27.760828 27.813188 27.867285 27.918219 27.974122 28.234668 28.285367 28.334667 28.490431 28.541392 28.691973 28.744907 28.794308 28.903459 29.007560 29.108406 29.258228 29.311244 29.363316 29.412983 29.623106 29.726540 29.777960 29.878790
Elapsed_time: 29.878790
Score: 240966.073473
301
450630.171416 440504.441393 387498.559371 347001.359149 346765.358694 346450.462915 346308.832706 345938.309089 345722.031892 344040.183369 342759.553650 342621.709788 341655.694507 339431.888025 337896.120052 337742.736188 337392.878665 337346.062792 337307.825852 336958.918592 336726.705401 336040.834492 335791.445724 335693.700197 334875.159593 334234.018951 333310.007788 332925.419465 332691.643012 332494.072282 332345.807420 332077.854908 331936.102701 331754.429461 331722.271117 331623.362427 331606.306667 330862.547513 330686.916267 330448.203216 330347.275829 330147.007445 329927.913831 329747.987647 328940.240272 328269.969993 328217.179630 327425.564576 326558.944349 325473.462352 325312.410995 325280.266358 324781.410691 323687.295955 323642.387317 323394.654635 323096.000121 321957.111376 321269.393803 320822.177648 320728.724828 319784.114671 319675.601307 319451.725198 319328.367521 319038.022709 317732.029791 315798.913897 313162.073130 312107.498364 311988.173445 311729.001019 311713.439078 311456.187551 311111.210658 310928.870576 310597.017100 309969.194173 308138.138253 306920.413902 306832.887493 306552.817212 305953.668442 304810.329354 304784.160069 304766.852881 304638.512677 304467.165132 304236.326603 303800.419722 303327.449474 302963.136424 302547.057851 301417.607695 301064.164384 300364.867812 299217.810087 298693.623860 298616.898008 297249.152762 297108.012705 297105.485825 296658.271801 296310.187878 295986.597751 295648.301438 294870.430555 291946.081232 291110.072316 290987.078019 290612.196527 290323.066180 290130.251850 290080.289415 289981.423143 289430.458925 288967.445974 288565.730631 287462.752878 286183.764568 284656.955139 283857.773134 283083.242308 283019.825967 282809.737158 282548.265762 282051.540313 281803.642213 281080.782365 280768.900909 280661.069153 280346.101299 280195.874295 280100.073377 280078.018674 279955.784207 279542.953512 278932.193711 278467.362535 278318.555501 278298.693625 278281.297187 278099.407045 277883.649323 277547.844702 277365.000511 277307.426730 277256.132301 277058.341370 276747.777904 276263.129137 275550.743819 274689.003413 272022.509871 271204.570616 270953.716229 270858.474411 270703.412814 270402.230202 270028.463119 269648.627304 269325.710028 268431.739805 267285.561706 266793.728437 266116.045504 265933.856551 265932.585157 265619.186568 265458.763330 265451.618029 265362.450394 265321.445081 265218.560507 265145.193569 265104.037979 264977.244175 264968.515265 264920.237295 264882.841473 264809.676680 264599.933605 264450.567078 264300.535213 263294.232355 262836.813891 262405.309474 262034.730146 261847.059143 261832.927745 261602.168770 261513.946980 261428.749772 261259.745766 260474.696515 260334.143070 260105.632873 259767.689463 259533.110707 259465.132977 259276.838665 259236.903492 258997.188203 258932.210969 258858.890963 258736.613199 258175.376833 258050.160549 257878.115211 257348.778328 255696.858818 255542.608155 255036.245974 254657.108906 254394.366619 254179.749864 254155.516095 253863.516621 253615.998398 251817.758254 249294.038315 249237.792116 249196.409066 248895.212120 248805.240565 248767.753914 248605.150148 248587.166567 248446.647777 248118.298824 247588.380000 246843.458857 246041.600859 245564.617583 245288.824325 245105.867794 244998.948636 244829.015879 244605.574101 244076.640700 243596.597980 242995.893577 242122.250478 241962.636095 241763.246486 241626.531136 241345.612726 240970.823917 240489.281616 240269.575664 240237.592613 239643.114839 238425.699206 237287.773028 237164.857022 237107.852885 237064.659014 236983.033755 236839.638520 236589.511777 236269.843752 236136.111856 235784.761177 235419.283970 235004.377592 234872.437442 234824.956152 234502.751821 234493.258087 234483.302901 234247.957508 234165.660663 233988.797387 233290.383666 232798.053113 231789.089568 230549.784688 229863.882013 229123.633694 228779.802852 228766.906739 228685.234196 228563.109706 228328.992967 227582.769872 226976.100536 225797.855848 225628.618147 225329.695951 224696.452011 224391.577079 224264.300046 224251.015527 224079.496481 223954.742129 223855.974132 223539.798096 223248.328101 221605.804868 220454.532900 220307.052033
1.427880 1.736973 1.795378 1.906220 2.169513 2.327745 2.378611 2.429492 2.483875 2.536390 2.587316 2.743667 2.794829 2.847594 3.010714 3.166291 3.219860 3.427195 3.478305 3.531261 3.587743 3.638823 3.689841 3.802601 3.858083 3.912608 3.964545 4.024331 4.077801 4.137994 4.189361 4.240595 4.393303 4.559734 4.662888 4.767253 4.933219 4.991220 5.151956 5.207859 5.262474 5.316034 5.369085 5.477024 5.531246 5.585762 5.807915 5.860530 5.912886 5.965712 6.085947 6.391986 6.454141 6.505226 6.681311 6.733009 6.794577 7.057640 7.112939 7.165824 7.275552 7.336765 7.388101 7.439612 7.492725 7.610731 7.666059 7.724197 7.787521 7.838411 7.946087 8.000945 8.239965 8.295180 8.347651 8.401552 8.454786 8.507397 8.616274 8.671373 8.937916 9.043312 9.197279 9.261077 9.379930 9.541552 9.599822 9.656273 9.909272 9.965717 10.017031 10.067546 10.118165 10.169027 10.274256 10.336878 10.387634 10.438364 10.755274 10.807447 10.926787 11.193690 11.244316 11.295589 11.354116 11.406739 11.461107 11.580574 11.631221 11.754965 11.818535 11.934481 11.987031 12.038499 12.151495 12.204308 12.262544 12.313063 12.364057 12.419357 12.472943 12.587752 12.645604 12.750735 12.922858 12.974370 13.026436 13.128671 13.187969 13.298399 13.400546 13.453683 13.563774 13.615333 13.848932 13.898810 13.948783 14.162079 14.216641 14.318120 14.494514 14.548241 14.610301 14.663111 14.715227 14.765194 14.915894 14.972650 15.137518 15.193129 15.248428 15.301273 15.354937 15.412632 15.522322 15.572145 15.623252 15.675228 15.726769 15.777905 15.830562 15.882432 15.932632 15.983189 16.037249 16.102336 16.160759 16.212295 16.263290 16.370534 16.477392 16.534017 16.640923 16.698389 16.797602 16.945914 16.995413 17.200176 17.302982 17.357588 17.424510 17.482376 17.533895 17.637598 17.687302 17.805895 17.865898 17.929075 17.986920 18.307164 18.359881 18.462681 18.515242 18.579755 18.682847 18.866309 18.918206 18.970668 19.084824 19.140863 19.193634 19.297412 19.348663 19.399426 19.507042 19.605741 19.707068 19.866287 19.919898 19.980205 20.031768 20.146822 20.198465 20.262315 20.322579 20.382094 20.435707 20.487310 20.540095 20.593181 20.646763 20.807736 21.117870 21.167353 21.216136 21.374045 21.426078 21.583683 21.632319 21.684308 21.734693 21.783734 21.832607 21.891905 21.944852 22.042335 22.200156 22.253495 22.307223 22.356110 22.405257 22.456286 22.508145 22.610413 22.667780 22.776936 22.825631 22.874215 22.928878 22.991843 23.318457 23.433446 23.484474 23.536718 23.683413 23.880003 23.938435 23.988949 24.037797 24.086023 24.138763 24.186908 24.235026 24.333525 24.383541 24.433216 24.642144 24.794533 24.906201 24.961970 25.010674 25.062636 25.113546 25.164594 25.215884 25.264099 25.360272 25.408447 25.462829 25.563007 25.786665 25.882783 25.930940 25.979079 26.027044 26.075062 26.124765 26.338670 26.389150 26.450916 26.498934 26.652940 26.853388 26.911616 26.970776 27.025008 27.083419 27.131818 27.181268 27.287710 27.434034
Elapsed_time: 27.434034
Score: 220307.052033
301
449900.502862 430797.129079 347578.996505 347527.862969 347524.607919 347429.540719 347239.323749 346945.987860 346791.893097 346087.172852 345618.338880 344324.236451 343264.291554 342550.617159 341947.466583 341742.278994 340425.766979 340323.193161 339789.128784 339417.891681 337447.644866 337425.605145 337400.161205 337269.388400 337229.167039 337085.040029 336921.284893 336788.200273 336211.975594 335263.255033 334930.007016 334069.269344 333682.824291 333265.779306 333063.710097 332792.221577 332544.337934 332526.145218 332420.614351 332348.274098 332344.916841 332109.237054 332046.804625 331979.650168 331881.999988 331735.733034 331723.683677 331592.968493 331384.388436 330385.562368 327960.050354 327149.244059 326875.058173 326868.883019 326248.064196 326203.076825 325852.607787 325720.456341 324859.922000 324731.955615 324420.494316 324321.887516 324231.927101 324016.771924 323880.176117 323495.818529 323329.527598 323305.875151 322884.954816 322640.867050 322476.453094 321853.565148 320247.806781 319493.957180 319431.426956 318435.717693 317327.751063 316698.800107 316596.295152 316178.723082 316149.064180 316104.208357 316097.751132 315970.262699 315784.989969 315704.960915 315673.815374 315622.094935 315461.522448 315263.769104 314672.569573 314316.324599 313938.389223 313263.460975 313028.763521 311720.830727 310925.881400 310257.191421 309132.335655 308898.712601 308657.334748 307940.089043 307896.312232 307633.841354 306910.496720 306641.932774 306443.922202 306348.530643 306236.319503 306198.576737 305861.891324 305488.601420 305345.786133 305191.098605 304431.754551 304315.502466 304265.585683 303933.679791 303672.040487 302453.070367 300941.247004 299007.956650 298267.415358 297860.186579 297413.184397 297340.749589 297302.909586 297096.054655 296090.237059 295076.857808 294523.768068 294441.612670 293708.316486 293380.443196 293343.581880 293146.241881 293028.799017 292875.811142 292698.584329 292373.226489 291311.936920 290585.131612 289523.926425 288550.305747 287897.484084 287569.590164 287265.536646 287217.979435 287158.185361 287045.218805 286869.716308 286812.144136 286625.578153 286475.060013 286256.325414 285854.751529 285497.410340 285369.474398 285255.591180 284654.203896 283833.973823 282552.911302 280518.261809 280126.831488 279995.285397 279559.400779 279404.027813 279010.175096 278892.337356 278776.078274 278743.000555 278687.931573 278582.216076 278522.048727 278395.401208 278089.852933 277618.443081 277370.714448 277299.040078 277275.015212 277077.287038 276944.385686 276267.573687 276098.687208 276018.906338 275973.055565 275939.100484 275634.093676 275138.514448 274066.958107 271873.377409 271106.205554 271090.736636 270809.287648 270789.775607 270593.075644 270328.261839 270203.339033 269940.070404 269750.861324 269420.643775 269028.797490 268935.495841 268371.869471 267578.011245 266986.475809 266733.716157 266563.046755 266522.007089 266444.508546 266422.417272 266293.374120 266169.833740 266010.805764 265843.137621 265762.418530 265567.187306 265342.730331 265319.168415 265106.650548 264980.776231 264804.799088 264563.059929 264160.186564 262646.350943 260581.985934 260082.990205 260034.727760 259533.462869 258958.537295 258241.257409 257671.426437 257582.791924 257552.733380 257105.209401 256833.416621 256288.060915 256122.720858 256000.922742 255992.642979 255757.629593 255714.704223 255638.666983 255540.927434 255213.530329 254579.703391 253507.714246 252031.871522 251982.489768 251535.630344 251092.049662 251039.310885 250823.254327 250698.454974 250456.820849 250301.149909 250261.194164 249998.010306 249750.897437 249710.176373 249597.060947 249593.122311 249478.141187 249309.468226 248899.120747 248162.845372 247473.370656 246662.482839 246308.724652 246114.542520 245917.881605 245793.537236 245520.084401 244851.006236 242500.189976 242130.930154 240162.367943 240056.792538 240034.898691 239553.676621 239230.776892 239111.859388 238445.377895 237591.801004 237550.511985 237515.052918 237360.695213 237212.359735 237062.848672 237022.759068 236701.323043 236337.375417 235860.743991 235474.026880 235348.767886 235250.733293 233872.146475 233623.969222 233616.701634 233201.957850 233004.423159
1.461573 1.819553 1.870242 2.252417 2.516901 2.567646 2.618536 2.678120 2.734358 2.786722 2.837545 2.898266 3.063651 3.116898 3.174309 3.225476 3.282957 3.500115 3.608826 3.659977 3.827566 3.883372 4.221191 4.275577 4.454361 4.511838 4.564208 4.615998 4.672626 4.723507 4.774646 4.828427 4.884660 4.936208 4.989195 5.040757 5.151644 5.257286 5.311553 5.471318 5.524954 5.649215 5.700608 5.753642 5.806134 5.912007 6.069008 6.123078 6.182373 6.239371 6.301062 6.359946 6.412301 6.523360 6.588354 6.652563 6.815620 7.037741 7.140212 7.306935 7.359959 7.525160 7.577502 7.688181 7.799585 7.851659 7.912451 8.077092 8.136161 8.193074 8.302191 8.355022 8.408532 8.461960 8.578748 8.629802 8.680928 8.790557 8.904252 8.956237 9.070289 9.126256 9.353190 9.404677 9.460602 9.568157 9.624693 9.677096 9.728197 9.787774 9.850398 10.026873 10.078833 10.130140 10.181537 10.243546 10.348131 10.402288 10.455048 10.507732 10.560128 10.610741 10.820717 10.876347 10.983017 11.089476 11.203361 11.256197 11.375353 11.586339 11.688319 11.740950 11.952212 12.004716 12.057569 12.168937 12.386022 12.437865 12.491184 12.549854 12.600554 12.652569 12.716496 12.770116 12.873990 12.982454 13.206642 13.313811 13.429275 13.480573 13.533753 13.586311 13.637797 13.692287 13.800258 13.852729 13.909428 14.015136 14.068513 14.129140 14.184357 14.235070 14.285566 14.336086 14.393087 14.447076 14.499644 14.551526 14.814701 14.865243 14.972896 15.030160 15.133955 15.184484 15.235556 15.288798 15.343339 15.404502 15.625948 15.690582 15.803300 15.853789 15.908205 15.961164 16.015413 16.073339 16.177750 16.234023 16.394933 16.445470 16.659245 16.723542 16.788336 16.839725 16.895561 16.949419 17.005894 17.114370 17.326655 17.380652 17.434302 17.492809 17.606124 17.770037 18.050722 18.101143 18.151914 18.212202 18.268138 18.319544 18.370691 18.482650 18.592331 18.642809 18.959381 19.014755 19.065434 19.119214 19.170905 19.231069 19.448889 19.503517 19.611149 19.825299 19.881145 19.935993 19.993901 20.045432 20.097581 20.157019 20.322858 20.375358 20.433803 20.533227 20.588329 20.794719 20.850567 20.906173 20.970293 21.020385 21.075113 21.133468 21.184713 21.236883 21.287141 21.344220 21.393916 21.560797 21.629074 21.737341 21.790965 21.843535 22.052815 22.111539 22.161119 22.210586 22.316117 22.367105 22.416948 22.624738 22.723079 22.874240 22.925818 22.979719 23.034187 23.086725 23.140682 23.189816 23.449657 23.498583 23.713620 23.763467 23.812388 23.873585 24.088986 24.138584 24.241947 24.303438 24.517785 24.692578 24.743916 24.943438 24.992504 25.041996 25.094060 25.143126 25.192129 25.241127 25.290809 25.388884 25.437784 25.540122 25.592837 25.642487 25.696009 25.747790 25.799024 25.900805 26.115467 26.164210 26.264247 26.313900 26.363310 26.413084 26.586959 26.637220 26.691756 26.740766 26.846655 27.003747 27.052672 27.105404 27.204506 27.255154 27.306020 27.408042 27.457932 27.564824 27.721719 27.772675 27.828566
Elapsed_time: 27.828566
Score: 233004.423159
301
475960.875276 438695.790707 359150.194538 358830.243045 358631.725752 358597.702043 358489.929716 358405.900329 358207.745333 357802.784035 357200.557194 356203.500686 355180.625531 353902.250407 353359.757109 352446.730057 351852.455045 351455.406192 350772.316680 349691.402323 348307.873416 348133.180867 348109.294592 348074.826566 347906.278799 347684.524670 347193.522517 346681.693092 346601.719503 346523.684568 344786.516626 344170.386049 343824.537147 343374.332159 342545.351722 341598.746627 341493.372410 341432.470614 341318.318282 341277.410693 341176.458686 341149.673194 341079.300332 340751.136441 340704.113502 340396.666590 340314.381721 340305.082036 340084.348217 339937.330950 339885.267625 339749.636419 339626.865938 338861.354738 337627.772370 337101.112487 336950.741004 335941.585621 334906.985183 334848.042527 334776.997073 334747.209460 334028.306359 333723.204369 333688.896634 333603.372618 333482.463041 333443.873416 333263.012383 333011.811027 332245.741069 331832.576617 331633.915291 331615.465354 331465.955218 331206.245335 331086.813703 330918.822204 330760.824852 330568.787516 330222.435664 330041.832067 329936.149209 329872.585012 329499.940900 328355.745829 327878.941417 327723.264920 327657.256159 327574.454795 327548.515257 327413.901151 327292.510759 327173.583556 326793.473984 326346.275027 324835.980253 324783.691636 324449.312633 323815.694021 322140.981467 318803.238409 318702.696725 317818.983461 317791.981415 317631.423225 317487.400176 317406.380523 317257.563222 317215.669513 317088.409346 316869.979832 316586.889000 316268.981045 315511.295648 315163.356043 315072.363067 314901.208244 314385.903460 314049.699105 313841.174385 313278.936488 312538.908932 311859.146827 311623.571977 311550.464319 311488.562249 311328.154176 311126.555442 310855.872593 310260.868435 309265.919650 308091.349368 307545.831806 307089.535136 306781.492423 306318.063959 305934.480444 305147.773821 304354.440423 303464.381998 303429.218774 303369.299091 303155.086126 302934.055844 302908.503059 302828.598534 302765.452434 302628.028590 302378.647292 301687.649298 300653.440224 300597.549058 300535.584143 300283.142307 298469.778823 297256.247041 297208.372522 297113.259276 296885.747056 296287.221970 296041.238329 295579.153854 294823.231433 294808.164563 294789.157547 294751.411351 294651.129025 294448.925859 294322.180097 294088.406007 293762.136489 292998.584113 292520.649640 291784.570611 290612.468280 289005.825584 288864.937941 287212.252901 285144.176660 285087.918519 284819.804786 284658.606377 284648.814833 284471.659338 284257.486288 284239.827817 284179.067957 284165.688888 284046.801804 283861.981397 283596.999287 283135.944635 282436.577759 280145.836084 279814.670531 279058.448457 278960.197690 278857.914559 278795.281529 278771.389875 278604.317710 278414.160164 278297.114823 277894.651679 277706.108296 277123.471837 276987.109077 276949.609124 276914.659176 276484.618386 276034.907497 275953.371729 275928.853303 275221.323702 274736.877571 273979.445368 272241.347019 270416.550045 269370.574412 269030.160740 268002.315993 267873.304960 267845.580887 267662.513266 267418.819177 267177.047998 267007.105486 266886.883343 266673.449986 266446.525589 266408.153548 266407.917168 266100.532054 265807.869718 265717.431016 265669.397299 265594.554862 265327.887050 265067.922375 264022.893419 263443.773326 263431.727545 262938.887642 262151.622400 262085.339807 261651.971133 261583.955829 261505.315677 261344.036948 261063.014671 260549.024441 260292.343408 259663.208436 258758.843057 257323.365215 256200.165913 254795.944418 253990.517802 253915.052465 253905.971968 253744.231441 253513.502016 253157.709735 252868.916889 252276.511702 252066.089939 251063.042893 250972.782948 250676.238280 250626.180635 250357.406964 250292.738470 249959.914178 249551.405015 249094.030655 248949.900586 248871.969657 248804.520942 248685.955310 248579.103036 248491.494776 248047.283561 246609.267657 245265.216454 245245.339172 244010.125540 243663.115328 243432.402028 243357.443072 243203.524377 242964.558022 242687.027414 242615.525936 242336.103653 242295.892543 242219.513952 242138.203655 242072.719106 242064.211398 242004.011229
1.470090 1.890345 1.942128 2.176564 2.289012 2.348857 2.631762 2.694902 2.750169 2.802720 2.856538 2.967816 3.020512 3.073317 3.129049 3.183600 3.235546 3.288607 3.340330 3.394296 3.445899 3.504752 3.786908 3.897281 3.950712 4.012625 4.074662 4.126360 4.368550 4.430424 4.486624 4.539839 4.642624 4.700449 4.756175 4.812512 4.867211 5.036540 5.199334 5.356886 5.530659 5.753442 5.806021 5.860437 5.918139 5.978806 6.090400 6.143795 6.202476 6.256429 6.308169 6.361268 6.470744 6.575406 6.630655 6.736530 6.914366 6.966916 7.071395 7.191660 7.530719 7.583737 7.852622 8.069523 8.243477 8.307170 8.473559 8.734021 8.793381 8.844917 8.897795 8.951261 9.004364 9.122667 9.176767 9.231762 9.387176 9.490453 9.542379 9.645538 9.697123 9.748755 9.808005 9.969905 10.024797 10.077623 10.182988 10.306641 10.365828 10.423452 10.638489 10.691132 10.743605 10.854697 10.906781 10.958790 11.011906 11.229908 11.336260 11.395938 11.450886 11.562738 11.794567 11.847320 11.958926 12.010790 12.222428 12.285379 12.341869 12.450243 12.503003 12.557908 12.618607 12.740613 12.845763 12.901669 13.059986 13.121915 13.184606 13.240938 13.299766 13.354469 13.407877 13.460450 13.564689 13.789279 13.844956 13.898708 13.951973 14.005656 14.069068 14.124444 14.179445 14.234463 14.285728 14.350986 14.413299 14.465032 14.516465 14.567531 14.620228 14.673235 14.938443 14.993187 15.147656 15.252122 15.303637 15.358743 15.416191 15.472664 15.524054 15.575425 15.626839 15.918723 15.970420 16.022293 16.135799 16.425404 16.476700 16.529961 16.580889 16.740292 16.793666 16.855564 17.029367 17.246877 17.298174 17.418053 17.472493 17.525672 17.580755 17.639465 17.692154 17.744384 17.796430 17.862610 17.918426 18.253518 18.355057 18.406185 18.459162 18.667784 18.718982 18.890812 19.051931 19.161401 19.319548 19.488708 19.646885 19.697881 19.753629 19.812249 19.866272 19.917150 19.978899 20.147618 20.258044 20.426890 20.477848 20.695243 20.916355 20.966780 21.018564 21.069001 21.121605 21.180616 21.232480 21.438421 21.555590 21.662843 21.714356 21.869192 21.970850 22.126632 22.179987 22.232649 22.283333 22.341159 22.391495 22.444419 22.497298 22.550413 22.655404 22.865553 22.915267 22.966116 23.071266 23.121501 23.283353 23.350829 23.400830 23.557851 23.661494 23.712165 23.866253 23.916783 23.972114 24.028015 24.077710 24.137964 24.199058 24.297980 24.577060 24.631702 24.901524 25.077741 25.127539 25.333819 25.383504 25.433278 25.485010 25.534481 25.634015 25.684065 25.737950 25.789831 25.849675 25.912125 25.968345 26.169504 26.324065 26.373775 26.429011 26.487742 26.539154 26.588506 26.642792 26.749229 26.852010 26.901292 26.950605 27.000182 27.113079 27.170355 27.220463 27.269824 27.319740 27.375799 27.474354 27.532919 27.695038 27.747283 27.798570 27.849494 27.900584 28.111043 28.228925 28.333136 28.383887 28.541206 28.594481 28.646212 28.698065 28.895763 28.944530 29.095627 29.299746 29.352047 29.401229 29.598010 29.646724
Elapsed_time: 29.646724
Score: 242004.011229
301
460423.074613 450479.924849 409603.533811 407419.507720 378597.425368 355556.254558 355346.964122 354403.783933 354320.455821 354159.278673 353692.240178 352976.395017 350723.572278 347988.527013 346646.771552 345782.591397 345488.715479 344587.621937 344282.691812 344162.244851 344094.263107 343189.631479 343000.812604 342493.087482 342408.627823 342099.839237 341999.516582 341998.684284 341841.775606 341580.388466 341205.064544 340960.927979 340854.530648 340596.734817 340400.910105 339616.871706 339409.589635 338866.918844 338629.028612 338060.190230 337731.898619 337711.333058 337622.217078 337354.478658 336994.465254 336753.644393 336090.008013 334448.186954 334421.094947 333700.601430 333089.656686 332378.292600 331776.572569 331315.247879 330887.341741 330689.080888 330466.356263 330160.939120 330122.102227 329904.747718 329619.073885 329466.518171 328774.186176 328492.066209 328391.164080 328382.282994 328292.171590 328099.826801 327986.211684 327674.863073 326882.100993 326767.507159 326746.533417 326725.063232 326571.530171 326343.510834 325874.481456 325637.037784 325087.202501 324909.607880 324687.341351 324362.541812 324267.467442 323410.629134 320669.455658 320610.691568 320405.642191 320167.214114 319922.901650 319542.662250 319242.023741 317406.414057 315773.402235 315406.072981 315314.938999 314987.884712 314630.323618 313870.678603 313626.768024 313037.301358 312874.323871 312867.984605 312696.943654 312510.409684 312381.261568 312234.720128 311826.117436 311309.300116 310618.418189 309575.837070 308347.533894 308154.179145 308055.737782 307273.277527 306891.845282 306741.511249 306737.196048 306652.390757 306557.478831 306508.212890 306263.939602 306085.031630 305769.731892 305154.458628 304413.534045 304037.167104 303903.642509 303365.700942 303276.666930 303182.211191 302895.513997 301242.962131 301102.733984 301010.743762 300725.563688 300671.240741 300654.299433 300120.859726 299676.830274 299287.923343 299081.597264 299079.748598 299046.962427 299025.611667 298875.843386 298805.112452 298751.172951 298689.837724 298446.892204 298334.870905 298173.169869 298006.185849 297920.676633 297881.176728 297673.809394 297486.255629 296179.929922 292487.189604 292311.372507 289964.801496 289718.589508 289708.311649 289613.821109 289569.994775 289330.719529 289264.649626 289089.225984 288818.631702 288253.737401 287340.899211 287254.186310 287194.123685 286993.418440 286857.113150 286744.828018 286723.275560 286606.211399 286425.618786 286244.476005 285441.976065 284476.255515 284114.532379 283433.708100 282725.705355 282345.407471 282146.247952 281878.867331 281725.800826 281702.710505 281569.921317 281421.206947 280939.543928 279828.746245 278968.652404 278034.213935 277903.415417 277704.705380 277541.231770 277524.504972 277353.792884 277052.198763 276837.991779 276786.414229 276416.235720 276147.295040 275511.765997 274342.278889 272674.702862 271229.188079 270504.838715 270267.059465 270157.800583 269899.421245 269546.969628 268972.332765 267928.893346 266410.876388 265534.867923 265490.639257 265035.568070 264604.357488 262035.422241 260952.287221 260339.840645 260148.656028 259562.812368 259276.007102 259196.087018 259161.735527 258965.214430 258833.169165 258589.284894 258417.572092 257587.987249 257069.095732 257049.036680 256738.963197 256116.499267 255964.599831 255765.172630 255701.278745 255649.452802 255587.004309 255304.278935 255093.835577 254461.385728 254359.684793 254302.930246 254229.242729 254162.277926 254088.727659 253958.228660 253684.845635 253409.265148 252481.999976 251751.632700 251546.180909 251277.627616 251153.208486 251115.803930 250593.753887 250300.210004 250237.282531 250136.441363 250047.525212 249930.261784 249562.712201 248732.014811 248106.905965 246643.228693 245531.262212 245293.016458 244729.827633 244691.170859 244497.467306 244117.564285 244056.816883 243875.130086 243578.307363 243187.282557 242856.938329 241984.105549 241922.775495 241785.334982 241550.555710 241535.462376 241301.809752 241295.493398 241225.597247 241094.480837 241034.889926 240842.654757 240702.434391 240689.473373 240586.420433 240427.072023 239851.146057 239436.112190 238223.866175 237413.211584 237089.793319
1.451434 1.759868 1.817678 1.874295 1.985250 2.268725 2.441980 2.506263 2.679045 2.731698 2.783782 2.837176 2.892964 2.946068 2.999384 3.055817 3.221792 3.274456 3.328619 3.444818 3.548530 3.670979 3.732349 3.790678 3.847846 3.900615 3.954966 4.112662 4.166421 4.224814 4.290726 4.401275 4.520406 4.572588 4.624848 4.681288 4.791853 4.845602 4.904296 4.962280 5.198835 5.364222 5.416541 5.471086 5.523252 5.575472 5.630797 5.696129 5.974643 6.029421 6.087833 6.145036 6.197604 6.252110 6.308269 6.420331 6.485101 6.546202 6.819859 6.872100 6.926642 6.983298 7.038540 7.147184 7.376847 7.650223 7.703676 7.755969 7.807793 7.868881 7.920793 8.028651 8.236072 8.394402 8.457176 8.516655 8.578391 8.630963 8.686410 8.750596 8.802576 8.854595 8.971493 9.023388 9.075261 9.301389 9.355641 9.417471 9.471901 9.529863 9.589419 9.649494 9.724299 9.852511 10.067295 10.123347 10.234396 10.291426 10.588623 10.651819 10.703915 10.973457 11.028233 11.135544 11.189632 11.241567 11.293627 11.345782 11.403705 11.456871 11.508821 11.746952 11.806980 11.863296 11.977256 12.146018 12.322660 12.390010 12.502815 12.612500 12.666876 12.719101 12.832569 12.884624 12.939874 13.048263 13.102554 13.157249 13.264287 13.421980 13.476719 13.583370 13.689057 13.792583 13.844210 14.080711 14.135210 14.202139 14.265536 14.326660 14.380813 14.615808 14.811581 14.864058 14.915689 14.967684 15.246891 15.301766 15.353464 15.406005 15.460793 15.515437 15.680270 15.786764 15.838453 15.889911 15.941703 16.005396 16.163349 16.214219 16.273270 16.436592 16.542209 16.828321 16.930104 17.138815 17.249456 17.306862 17.363358 17.417580 17.470283 17.575514 17.628520 17.681068 17.732725 17.836432 17.942007 17.997999 18.056248 18.109168 18.168740 18.228523 18.283510 18.337259 18.388490 18.447624 18.505244 18.619801 18.781573 18.835430 18.886338 18.937208 18.988416 19.050048 19.108188 19.162855 19.213369 19.270117 19.374070 19.433985 19.494031 19.544670 19.595491 19.648906 19.703381 19.761453 19.818128 19.881841 19.936499 19.990482 20.101143 20.153831 20.212938 20.328844 20.388805 20.448309 20.509164 20.563164 20.671226 20.722859 20.773244 20.830583 20.889913 20.943505 21.002068 21.174578 21.276814 21.387453 21.489660 21.541483 21.593268 21.653333 21.708319 21.765241 21.887485 21.946112 21.996725 22.206347 22.257910 22.315285 22.602352 22.655284 22.710980 22.764163 22.814803 22.864764 22.971311 23.240603 23.297916 23.351244 23.403599 23.457301 23.558221 23.779875 23.841777 23.903606 24.128456 24.182630 24.283196 24.384759 24.439040 24.602579 24.716371 24.818200 24.868005 25.023401 25.077881 25.132440 25.242120 25.294667 25.351027 25.410066 25.517851 25.683161 25.837130 25.886523 26.052035 26.101830 26.153221 26.202660 26.253857 26.352756 26.522879 26.572012 26.740230 26.852753 27.175038 27.376322 27.431572 27.491035 27.548983 27.598122 27.697644 27.852903 27.902114 27.952066 28.002618 28.159055 28.208223 28.259703 28.308855
Elapsed_time: 28.308855
Score: 237089.793319
