5
301
77530.303246 75838.210838 61271.188525 61033.006992 61008.280468 60748.590502 60544.823334 59941.954214 59352.924205 59246.329936 59207.595315 59036.790867 58999.776347 58864.088209 58685.190455 58361.889739 57961.700305 57826.233912 57537.680044 57490.792516 57248.102062 56981.792574 56919.496227 56816.605324 56699.625577 56301.214226 56019.219477 55907.706636 55684.554219 55476.145068 55056.919982 55018.678059 54893.728915 54798.366181 54514.320401 54121.311255 54108.728732 54003.156575 53949.021119 53770.386873 53564.780989 53083.208054 52619.725278 52523.435162 52487.499027 52330.267682 52228.896638 52068.335165 52043.115501 52020.594286 51874.098392 51640.351744 51558.521117 51427.515425 51021.292562 50813.247909 50761.536227 50758.515820 50660.118485 50551.163404 50546.842986 50494.476784 50436.018996 50363.302446 50184.615461 49898.161952 49888.517864 49799.411859 49521.651888 49444.228533 49435.653944 49329.842961 49024.434365 48546.885194 48392.639473 48133.253102 48122.807722 48107.552099 47978.270453 47876.144411 47696.417102 47404.938395 47322.809535 47311.654304 47273.474617 47083.717520 46637.452805 46347.812791 46238.546593 46069.688856 45962.818670 45376.595434 45130.335764 44869.546775 44846.328491 44716.128955 44650.524384 44595.600117 44378.586664 44254.318822 43914.124915 43335.264924 43248.149887 43119.611530 42954.764036 42473.632310 41985.485003 41941.142231 41802.279434 41537.121251 41528.974143 41270.029354 41160.694965 40740.487710 40420.869655 40344.776937 40249.914541 40225.712307 40174.686971 40013.056668 39934.307610 39914.082609 39813.381553 39615.335523 38681.264384 38659.929865 38334.373756 38175.709664 38153.945558 38023.859783 38016.646503 37914.490996 37908.023720 37886.878276 37816.736155 37773.681935 37684.150052 37529.426116 37386.520174 37078.357990 36928.908916 36739.810037 36439.495500 36385.177985 36060.823087 35855.138470 35726.442507 35655.679642 35654.338895 35441.700846 35291.556844 34852.446792 34788.667118 34486.401480 34146.465986 34127.572427 33812.495663 33520.149962 33401.182385 33171.920696 32479.862085 32231.129702 31994.993898 31714.165604 31270.599541 30944.721412 30935.736592 30732.588337 30669.916102 30648.797168 30606.415004 30569.215969 30477.347167 30454.729110 30454.186233 30445.082533 30271.234248 30201.007762 30035.752831 29989.833489 29938.971593 29626.182595 29389.887069 29138.451639 28835.642900 28763.234038 28454.156437 28341.945688 28240.525198 28079.145085 27764.353672 27698.814567 27596.325146 27500.852968 27400.802725 27303.438670 27213.986952 27087.201639 26923.482119 26777.790533 26736.098987 26699.205684 26613.486173 26598.153877 26520.031056 26435.175116 26307.696554 26176.085998 26151.330787 26082.828047 26045.502123 25888.618998 25848.595803 25750.183767 25614.734607 25436.724039 25402.177855 25290.107617 25164.040238 25127.053731 25056.464324 24984.126027 24836.590066 24721.359652 24613.677783 24543.788708 24475.343705 24424.271390 24357.706199 24259.687784 24182.587586 24113.398053 24012.529769 23930.099960 23861.674148 23795.238031 23751.398715 23708.741685 23634.872330 23632.941885 23590.533948 23559.306168 23495.331322 23456.384862 23413.557773 23370.319793 23329.158408 23280.394780 23253.256193 23217.135454 23178.256045 23172.368781 23161.227355 23130.883248 23123.478722 23118.583448 23098.993125 23087.729684 23064.650344 23042.043623 23019.851505 22999.558365 22985.271049 22966.845742 22951.327812 22932.935389 22917.852629 22898.791945 22884.519442 22864.252221 22848.888618 22836.407916 22817.952362 22799.792752 22788.818778 22778.607305 22768.407939 22756.084587 22741.664619 22737.929784 22730.096174 22718.688039 22709.904581 22700.254698 22693.261501 22685.881222 22679.009637 22671.022169 22665.715899 22654.297726 22645.427926 22638.524713 22629.808440 22621.586082 22612.667610 22603.885245 22592.975361 22584.472491 22577.202880 22569.733289 22564.149540
0.214592 0.244874 0.259041 0.282026 0.319358 0.332982 0.339851 0.360476 0.369305 0.378279 0.387450 0.396925 0.415715 0.424764 0.431778 0.440709 0.449493 0.456451 0.463262 0.483787 0.490687 0.497439 0.512568 0.519433 0.526226 0.533097 0.540619 0.562761 0.569559 0.576693 0.594263 0.612611 0.619750 0.626746 0.655450 0.663425 0.670276 0.683980 0.697600 0.704541 0.711326 0.718150 0.752153 0.778129 0.791790 0.798549 0.805301 0.812076 0.832362 0.859562 0.866361 0.880179 0.888082 0.895083 0.911402 0.919660 0.940703 0.954566 0.961413 0.981798 1.016836 1.023786 1.030816 1.038156 1.044914 1.051671 1.085748 1.092501 1.099326 1.106084 1.133056 1.139805 1.147171 1.154032 1.161266 1.168338 1.177224 1.212196 1.218865 1.225648 1.234557 1.243469 1.262443 1.290979 1.298235 1.305345 1.314277 1.331417 1.340252 1.348877 1.357486 1.366280 1.375248 1.383896 1.407303 1.415491 1.428621 1.435186 1.441779 1.448416 1.454940 1.462534 1.480125 1.487032 1.494130 1.502997 1.510349 1.519750 1.529013 1.538052 1.554118 1.560724 1.567604 1.574320 1.587198 1.609037 1.618313 1.638032 1.644525 1.650994 1.664168 1.677052 1.683664 1.690174 1.696605 1.709524 1.716833 1.724716 1.733431 1.742082 1.749294 1.755695 1.790530 1.807904 1.816021 1.822489 1.828956 1.835473 1.842493 1.848867 1.855788 1.864546 1.873404 1.880513 1.886936 1.893366 1.918714 1.925051 1.937687 1.943964 1.950270 1.956653 1.975526 1.981787 1.988141 2.003565 2.011178 2.017494 2.023749 2.029966 2.036191 2.048710 2.054922 2.061128 2.067284 2.073518 2.092022 2.098217 2.110776 2.117039 2.129408 2.148081 2.156239 2.162881 2.169089 2.188862 2.195118 2.207462 2.213648 2.220092 2.234876 2.241347 2.247820 2.253977 2.260552 2.269210 2.277699 2.285996 2.292338 2.298550 2.317121 2.336230 2.342861 2.348931 2.355008 2.361128 2.367181 2.373542 2.379609 2.385610 2.391627 2.397559 2.404640 2.411659 2.417649 2.423627 2.429572 2.435598 2.454007 2.460060 2.466859 2.473521 2.487542 2.493746 2.500504 2.506473 2.513879 2.522290 2.528745 2.534679 2.540560 2.546479 2.552367 2.564133 2.570242 2.577081 2.583967 2.590384 2.599768 2.614978 2.620819 2.626637 2.632460 2.638323 2.644187 2.650036 2.655822 2.661637 2.667525 2.674414 2.680267 2.687708 2.693895 2.699728 2.705588 2.711433 2.718032 2.724798 2.730730 2.737378 2.743309 2.754926 2.760738 2.766605 2.772444 2.785038 2.791797 2.798564 2.804597 2.810618 2.816638 2.822754 2.828756 2.834545 2.840337 2.846140 2.851924 2.857748 2.863510 2.869218 2.874967 2.880750 2.886629 2.892425 2.898310 2.905937 2.912710 2.919531 2.927300 2.946016 2.954379 2.963688 2.970544 2.976426 2.982246 2.988171 2.993995 2.999757 3.005658 3.011768 3.017555 3.023322 3.030478 3.039605 3.047013 3.055459 3.063805 3.071942 3.079994 3.087913 3.094648
Elapsed_time: 3.094648
Score: 22564.149540
301
76645.399760 74975.044009 63159.596833 60428.133834 60375.321482 60322.871572 60198.302191 59538.558656 59522.608586 59270.802295 59143.889363 59140.896056 58900.539433 58703.498814 58324.316941 57909.755731 57686.112264 57365.642852 57031.006065 56856.732761 56779.034423 56678.470853 56599.610594 56435.268854 55763.172312 55602.077876 55582.381445 55444.983996 55233.075804 55190.721992 55142.465894 55048.718363 54998.447165 54911.835365 54732.481110 54520.989902 54173.772181 54083.811645 54031.793288 53879.586997 53860.952495 53847.992606 53833.963786 53649.000326 53633.536403 53519.824433 53455.260056 53254.844352 52933.013708 52436.532271 52412.924932 52011.509560 51788.586801 51737.797462 51697.726537 51646.005535 51388.245043 51007.064414 50936.608455 50822.237964 50701.946193 50613.857089 50175.846184 49919.775002 49744.292166 49243.699309 49152.392458 49106.313395 49029.137044 48828.194745 48816.283231 47862.297940 47671.740514 47539.322147 47357.938243 46521.089794 46140.959672 46093.441807 45748.669276 45653.350369 45528.824644 45286.074226 45209.949482 45010.144196 44722.298103 44721.886211 44495.247476 44276.715607 44246.861163 44002.783706 43994.885758 43607.083430 43232.397063 43104.000079 43039.860839 42857.870210 42769.915500 42744.517308 42641.448528 42368.558290 41935.384601 41737.889263 41620.718930 41269.386293 40807.957949 40719.299531 40332.506906 40199.446773 40162.391207 40126.878016 39980.642819 39941.707919 39858.528085 39838.656063 39755.852515 39728.232550 39713.598570 39352.885936 39299.679365 39185.865614 38621.844973 38599.203767 38502.785784 38459.247481 38458.769799 38377.464442 38366.681683 38326.624144 38322.442710 38273.703442 38245.758625 38212.011893 38206.784607 38160.817751 37987.987471 37771.106002 37757.939165 37462.531409 37373.766365 37184.683707 36857.517445 36614.448088 36408.401027 36240.749046 35898.637584 35257.733823 35052.965504 34667.077331 34601.857459 34462.062895 34414.031491 34320.752805 34166.780857 33563.812052 33303.280493 33264.914385 32864.834800 32542.165616 32338.094870 32240.514850 32154.776518 32103.174557 32007.678242 31899.686234 31758.417493 31219.594504 30813.950644 30807.392343 30705.028823 30681.157812 30647.328053 30597.365211 30414.486556 30226.793663 29771.446775 29539.041923 29461.144057 29379.301089 29261.844035 28974.774967 28693.461259 28671.421336 28600.181606 28588.553317 28556.526940 28526.054097 28423.198092 28281.694635 28265.645251 28222.780574 27892.860084 27884.637114 27824.986581 27782.304867 27508.457621 27152.365964 27102.243204 27077.273020 26968.619496 26872.301411 26818.967792 26478.720745 26439.011595 26330.928841 26248.068160 26070.530805 25987.851346 25877.834724 25733.263145 25495.527751 25486.360542 25357.810658 25247.495427 25024.350418 25024.285064 24968.364563 24919.182881 24786.692439 24684.788928 24675.591504 24658.519443 24643.855539 24590.772535 24544.587507 24461.599791 24367.575181 24345.272234 24241.727511 24145.257125 24070.283121 23987.874452 23910.002404 23847.918250 23763.434639 23685.094518 23590.913153 23495.090940 23463.418662 23404.597157 23337.003559 23271.000153 23232.565237 23174.770609 23108.108869 23096.548062 23083.006985 23036.476743 22978.187283 22972.715978 22925.592986 22883.432012 22844.072687 22807.440151 22785.070302 22753.013960 22726.499677 22701.953548 22682.901718 22659.381347 22631.120746 22605.469717 22577.007951 22551.424562 22531.599238 22514.270719 22498.324692 22485.561987 22471.630637 22454.894718 22440.321435 22428.868970 22420.726968 22413.661221 22405.453564 22397.590848 22388.804569 22379.242607 22372.948323 22368.795135 22365.661604 22363.389615 22359.911121 22356.115290 22351.478797 22344.672547 22339.644724 22335.436044 22331.714068 22328.313717 22325.816550 22322.336896 22320.362301 22318.116337 22316.246122 22313.719504 22311.663672 22307.923158 22304.699324 22302.572118 22300.010625 22297.685824
0.228654 0.258936 0.265947 0.272676 0.313673 0.320400 0.327116 0.379955 0.416906 0.434847 0.450247 0.463651 0.470422 0.477153 0.484110 0.490995 0.506403 0.514568 0.521320 0.528198 0.541822 0.549371 0.556363 0.563188 0.569975 0.593224 0.636381 0.643281 0.664361 0.686147 0.693018 0.699994 0.714643 0.721597 0.729544 0.737853 0.744643 0.751452 0.773081 0.781489 0.805198 0.812107 0.819092 0.840138 0.867610 0.875586 0.882364 0.889235 0.896007 0.902702 0.936525 0.943268 0.950014 0.985885 0.992755 1.006215 1.013140 1.020323 1.027333 1.034756 1.041629 1.048393 1.055137 1.061823 1.068548 1.088644 1.095375 1.115490 1.122375 1.129186 1.135918 1.142597 1.149566 1.156343 1.163698 1.172522 1.190951 1.200101 1.209058 1.235552 1.244240 1.251002 1.264383 1.271208 1.277909 1.313031 1.335776 1.363115 1.369653 1.376382 1.392557 1.400908 1.407473 1.414040 1.420604 1.427127 1.440207 1.463354 1.469814 1.476298 1.482730 1.495580 1.502061 1.508532 1.514927 1.527809 1.553661 1.560108 1.594986 1.602326 1.622817 1.636346 1.660440 1.684826 1.691586 1.698187 1.718904 1.731829 1.757732 1.766588 1.773602 1.799297 1.805763 1.812246 1.833095 1.848106 1.861664 1.879875 1.894029 1.900485 1.913226 1.919705 1.950228 1.959412 1.974258 1.988091 2.008484 2.015161 2.021619 2.028206 2.034598 2.040939 2.047914 2.054348 2.060775 2.067204 2.095589 2.101884 2.108281 2.114591 2.121032 2.127415 2.134522 2.141414 2.156991 2.176092 2.182354 2.195654 2.201933 2.208380 2.215646 2.221991 2.228245 2.234494 2.240920 2.247163 2.253322 2.277866 2.284088 2.302830 2.309025 2.316012 2.322326 2.328454 2.340817 2.347163 2.353476 2.359760 2.365918 2.372200 2.385082 2.409525 2.415707 2.434674 2.440847 2.446955 2.453076 2.465410 2.471457 2.478857 2.484981 2.511592 2.517594 2.523689 2.529724 2.535697 2.565506 2.577439 2.583430 2.589430 2.595579 2.601858 2.610739 2.619329 2.628291 2.635171 2.650870 2.659102 2.665857 2.671971 2.678734 2.686640 2.694886 2.703090 2.718536 2.724493 2.730465 2.742469 2.748355 2.771272 2.777401 2.783405 2.789924 2.804863 2.825779 2.832884 2.845042 2.850906 2.856857 2.862768 2.868674 2.874537 2.880458 2.886378 2.892354 2.898382 2.904472 2.916677 2.922486 2.928284 2.934079 2.945637 2.951408 2.963049 2.974747 2.980526 2.986290 2.992060 2.997823 3.003602 3.009574 3.015466 3.023169 3.030943 3.038737 3.046469 3.052505 3.058270 3.064450 3.071392 3.078334 3.084092 3.090115 3.095918 3.101738 3.107672 3.114916 3.121066 3.126945 3.132677 3.138422 3.144212 3.149973 3.155728 3.161454 3.167230 3.172993 3.178733 3.184558 3.190373 3.196110 3.201860 3.213322 3.219173 3.224907 3.230964 3.236743 3.242626 3.250546 3.258594 3.266681 3.273479 3.281461 3.289206 3.295396 3.301122 3.306943 3.312747 3.318569 3.324520 3.330320
Elapsed_time: 3.330320
Score: 22297.685824
301
74276.709067 72681.822581 63891.160615 62441.107023 61720.572063 58348.408821 58294.688866 58148.333962 58101.070682 58089.051668 57983.590341 57601.293908 57126.671044 56338.060546 55608.680677 55583.750592 55482.077836 55328.352885 55291.133539 55197.188533 55196.400114 55053.000041 54701.856125 54438.690533 54178.226363 53969.648841 53827.053159 53726.080415 53459.237807 53073.653552 52304.078005 51928.033643 51351.369526 51339.969931 51213.609039 51029.329014 50717.626778 50669.688759 50316.107085 50127.602658 50028.488597 49935.308832 49508.349691 49316.373070 49038.907699 48918.192838 48821.104721 48816.226528 48810.994849 48718.864995 48639.495824 48212.583113 47967.223650 47813.706334 47552.440774 47353.366962 46949.207270 46889.175261 46845.897458 46762.096892 46701.550851 46591.090554 46401.800359 46343.979206 46267.903494 46253.924941 46225.166521 46182.506997 46101.689175 45885.936897 45252.736931 44854.697346 44731.510319 44128.517842 44023.142021 43862.683056 43774.082931 43594.005481 43407.968517 43074.357380 42898.027960 42815.879171 42760.444403 42414.795610 42309.784062 42156.052263 42017.043563 41817.921571 41628.342151 41532.799987 41460.882498 41431.779676 41331.570881 41108.312684 40929.341199 40708.462562 40500.252620 40484.430103 40387.760775 40360.233413 40329.400472 40322.153154 40290.148888 40157.612618 40008.072408 39518.989818 39434.213852 39188.597157 38952.264017 38598.190487 38575.492837 38233.660269 38017.516577 37779.232793 37628.090613 37515.934239 37405.974538 37293.175783 37070.245866 36619.012278 36545.100952 36531.054180 36231.745207 36097.305809 35888.198932 35269.097756 35201.570614 35037.015477 34991.988489 34895.121613 34776.466950 34467.655764 34261.163447 34238.484480 34070.426460 34041.134755 33913.910284 33779.028714 33503.490993 33333.342180 33171.496336 33145.908210 32941.781352 32896.732110 32857.997356 32828.102106 32749.613885 32679.688079 32547.275244 32376.680022 32218.163705 32048.642423 31847.579662 31792.975604 31780.115848 31742.864533 31647.630145 31646.017119 31612.894545 31536.491248 31447.027542 31304.404150 31268.890214 31254.335680 31208.579087 31158.236356 31096.212433 31064.810999 31049.752478 31022.270389 30983.102858 30858.413986 30800.879982 30673.766069 30643.660664 30560.700997 30544.403763 30515.127436 30481.464110 30388.179445 30219.183029 30209.636988 30167.656977 30127.528239 30043.657687 29900.197800 29887.645102 29829.775070 29768.033191 29722.653305 29690.375213 29614.176562 29530.647941 29467.773764 29457.828902 29415.668370 29394.406040 29370.148103 29346.139944 29270.456607 29266.537268 29231.519652 29191.817717 29143.389730 29137.884373 29102.203725 29059.812204 28999.912143 28932.975769 28868.344075 28833.932910 28789.011209 28732.863406 28699.138560 28677.189195 28603.623151 28582.965681 28537.372762 28510.520506 28479.635956 28433.217001 28393.721630 28363.592144 28337.407417 28287.952733 28258.913968 28158.842688 28108.081445 28068.320203 27997.583497 27943.489561 27845.130269 27728.466490 27713.407693 27662.751484 27598.623465 27497.293222 27495.880742 27430.614724 27348.803462 27265.022457 27257.220864 27216.776051 27163.830492 27079.679273 27012.134486 27006.269367 26974.783558 26962.427195 26938.880752 26869.361204 26792.952620 26776.543741 26708.760074 26638.216991 26558.698863 26527.921372 26478.229088 26393.508860 26265.347064 26205.335131 26128.336534 26057.195867 25978.506076 25924.130440 25919.223565 25901.217715 25900.013380 25897.127133 25882.927927 25866.445177 25840.186265 25789.416459 25739.625054 25697.564153 25678.279028 25641.978602 25555.369401 25522.291262 25504.990926 25480.573438 25428.310754 25337.493138 25317.766541 25312.731788 25277.013287 25229.486444 25155.617925 25147.410402 25106.300221 25054.340376 24943.642051 24923.750608 24874.737546 24819.786577 24718.755298 24692.736234 24689.093907 24641.195497 24606.309173 24511.161905
0.200701 0.230834 0.238096 0.245209 0.253529 0.303208 0.330521 0.337671 0.358487 0.385945 0.392819 0.399591 0.406448 0.413312 0.421234 0.430237 0.456700 0.463541 0.493956 0.502620 0.511317 0.518923 0.526487 0.541041 0.548014 0.555003 0.561847 0.570372 0.577334 0.584080 0.590857 0.611160 0.617831 0.656380 0.667288 0.675250 0.688764 0.695515 0.702266 0.709011 0.736135 0.742923 0.749753 0.763281 0.770103 0.776976 0.790975 0.800328 0.810523 0.819718 0.829188 0.838188 0.845646 0.854993 0.877827 0.884612 0.891353 0.907160 0.934621 0.962432 0.983092 0.990166 0.996963 1.010725 1.032053 1.038698 1.052146 1.072081 1.078817 1.085454 1.092123 1.105343 1.125603 1.134131 1.150305 1.156912 1.163492 1.170113 1.176927 1.183534 1.198793 1.206520 1.221292 1.228019 1.235825 1.242438 1.249655 1.257087 1.263634 1.270390 1.297510 1.313575 1.326486 1.332971 1.339384 1.352327 1.358795 1.384783 1.397598 1.404019 1.423835 1.444553 1.458828 1.465368 1.472282 1.480878 1.495795 1.502259 1.508616 1.522808 1.535980 1.542382 1.548756 1.555132 1.561621 1.568279 1.574631 1.581150 1.587716 1.600446 1.606860 1.629458 1.635814 1.648953 1.655418 1.664148 1.673617 1.681888 1.697904 1.705145 1.711564 1.717859 1.724066 1.742862 1.761896 1.768772 1.776299 1.783295 1.789610 1.796154 1.802434 1.821379 1.827674 1.840165 1.846765 1.853042 1.859315 1.865510 1.878839 1.885172 1.892231 1.899264 1.906255 1.919805 1.945022 1.951704 1.957912 1.964083 1.970229 1.976481 1.982633 1.988905 2.010522 2.017854 2.023949 2.030105 2.036173 2.062326 2.069048 2.075212 2.091105 2.097604 2.109960 2.122387 2.128725 2.135021 2.160635 2.168246 2.185074 2.193196 2.199380 2.213146 2.219948 2.226151 2.234250 2.241298 2.254127 2.260554 2.268206 2.276187 2.283750 2.289900 2.308363 2.316036 2.336562 2.342606 2.349156 2.363223 2.377419 2.384113 2.408219 2.414168 2.420155 2.426186 2.432157 2.438116 2.444066 2.450014 2.455981 2.461894 2.467836 2.473747 2.479676 2.485627 2.491534 2.497461 2.503338 2.509251 2.516075 2.522529 2.528488 2.534381 2.540270 2.546219 2.552185 2.558081 2.564121 2.569982 2.575952 2.581909 2.589807 2.597875 2.606305 2.629906 2.637464 2.643705 2.650135 2.662007 2.669438 2.676379 2.682527 2.700560 2.706820 2.712894 2.718882 2.724758 2.743154 2.749032 2.760796 2.766672 2.772769 2.778623 2.792455 2.800505 2.807018 2.812965 2.825136 2.832693 2.840212 2.846657 2.852492 2.858343 2.864246 2.870229 2.876087 2.900095 2.905973 2.917544 2.935032 2.940906 2.946858 2.952737 2.966316 2.972703 2.978533 2.990081 3.001664 3.013516 3.025856 3.033000 3.039923 3.048745 3.058685 3.070939 3.076845 3.084078 3.091048 3.097095 3.108727 3.114665 3.120577 3.126368 3.138603 3.144378 3.151552 3.157532 3.163547 3.181324 3.187137 3.192880 3.210080
Elapsed_time: 3.210080
Score: 24511.161905
301
78298.106788 76666.732890 73253.642692 61297.333645 60213.184900 59886.784158 59778.412794 59587.060785 58957.890144 57886.129876 57290.705128 57271.186671 57238.730961 57196.455846 57087.538937 56897.442011 56676.186445 56533.329871 56327.687161 56170.217510 55795.979652 55718.573254 55640.091780 55548.641175 55412.243358 55299.078169 55192.248852 55126.460641 54992.490564 54799.086795 54094.552408 53809.260112 53719.847595 53627.727250 53609.462633 53598.294808 53430.226992 53356.539909 53300.198795 53176.661947 53152.235442 53125.975148 53068.330031 52953.169916 52873.275303 52655.046284 52580.225186 52141.947559 51845.581315 51750.893455 51717.423741 51699.124525 51525.256530 51503.198203 51373.936938 51290.971418 51070.080881 50484.152377 49487.372663 48876.036201 48834.413452 48786.705004 48617.975073 48440.404238 48055.977524 47533.252699 46679.061652 46395.846933 46285.229749 46258.757277 46188.409724 46107.585702 46031.925802 45947.380090 45784.948821 45621.541341 45421.720474 45084.752744 44872.091746 44726.608729 44275.763307 44198.420444 44060.538243 44051.108315 43986.899493 43810.116878 43303.757321 42469.197978 41881.213199 41877.672248 41866.078821 41816.096812 41725.684982 41581.095486 41503.157977 41225.763213 41221.613961 41034.865869 40790.222065 40658.781159 40207.655212 39965.267073 39762.945056 39442.847416 39266.804799 38926.517071 38821.151352 38646.887709 38468.909665 37760.489993 37392.285374 37356.967761 37162.533588 37013.972638 36651.043885 36336.547338 36246.647820 36040.266522 35975.342420 35857.748616 35618.699766 35514.474894 35380.628426 35064.794839 34623.018265 34620.584999 34413.028204 34290.449660 34125.784986 33675.234764 33359.904812 33338.499351 33200.923748 33106.846584 32994.608816 32846.834233 32732.098531 32660.948204 32531.827482 32440.810172 32242.989638 32034.207876 31844.399622 31737.468914 31669.466391 31666.476818 31574.061321 31513.406588 31308.723675 31213.152529 31212.878162 31053.432163 31001.951938 30907.536058 30752.853262 30609.163068 30564.501371 30364.280976 30192.590605 29988.452004 29965.821983 29893.352646 29837.685243 29828.398213 29746.881873 29660.812018 29521.566637 29501.586901 29430.939484 29358.596417 29357.532130 29319.833883 29274.455786 29183.062558 29080.690653 28965.321950 28810.960276 28806.531929 28803.376126 28635.416450 28589.805212 28565.325395 28518.829481 28417.271702 28234.854398 28186.670016 28106.383019 27995.364440 27847.616827 27801.122010 27790.498267 27709.267558 27670.768830 27617.692245 27500.762476 27414.945250 27342.496165 27274.514158 27168.396948 27086.956684 27080.619413 27027.161654 26989.841269 26876.182311 26855.127686 26813.491575 26762.725445 26664.275841 26603.173567 26509.163312 26374.506997 26360.017133 26324.524197 26212.049137 26144.989200 26051.020304 25901.513773 25858.958474 25831.193243 25767.823821 25672.477208 25614.056020 25604.095704 25560.338638 25538.814703 25453.997894 25396.704150 25387.293264 25357.108486 25295.833228 25184.014272 25165.866209 25084.817967 25043.915209 24884.790606 24839.915575 24827.092201 24798.910832 24763.042192 24659.728733 24636.229562 24603.072201 24499.852593 24458.077027 24400.826658 24310.577392 24185.568492 24121.498530 24018.701241 23875.195444 23781.488112 23760.179295 23707.245684 23644.947205 23564.662719 23500.967073 23469.005650 23453.632833 23373.565200 23282.065629 23201.117328 23129.638242 23060.418452 22984.153831 22875.687091 22831.974493 22801.925464 22756.193475 22650.230068 22631.887332 22597.430363 22544.772399 22479.100352 22411.973609 22335.249030 22219.379961 22128.929108 22081.485610 22056.528860 22032.224226 21952.673015 21946.715789 21946.106682 21924.232216 21881.664487 21810.126566 21726.220049 21659.076021 21614.708756 21613.053287 21563.123329 21556.398494 21532.210249 21439.360844 21336.973128 21335.162204 21243.778724 21175.308090 21134.290263 21079.937690 21003.135682
0.211955 0.244533 0.252002 0.266563 0.283867 0.293820 0.321522 0.330700 0.339614 0.346707 0.355645 0.394463 0.409168 0.416244 0.423245 0.430166 0.437507 0.445500 0.453961 0.463589 0.473503 0.487612 0.494651 0.501642 0.510586 0.525467 0.533630 0.542705 0.551614 0.561313 0.568852 0.575783 0.583648 0.623294 0.651881 0.674484 0.681637 0.711416 0.718335 0.725958 0.740654 0.769776 0.776700 0.783649 0.790614 0.797575 0.804447 0.811418 0.818303 0.825245 0.832126 0.855283 0.862228 0.882955 0.889866 0.903518 0.911210 0.918562 0.926426 0.956846 0.984427 0.991270 0.998118 1.005071 1.011907 1.019310 1.027373 1.041972 1.066602 1.088524 1.116455 1.123315 1.130108 1.136843 1.143574 1.150314 1.157074 1.163843 1.207101 1.213970 1.220782 1.234150 1.240779 1.267860 1.274554 1.283586 1.292921 1.302037 1.311217 1.334735 1.368341 1.375145 1.381704 1.389063 1.395930 1.403717 1.410285 1.416901 1.423472 1.430825 1.437633 1.445797 1.452977 1.484097 1.492341 1.499081 1.505685 1.512177 1.518722 1.525267 1.538272 1.551191 1.557684 1.564084 1.570475 1.577196 1.583697 1.590331 1.596802 1.603491 1.609951 1.616331 1.625245 1.632291 1.639514 1.653237 1.660085 1.667676 1.674590 1.692124 1.699238 1.718054 1.724375 1.730774 1.737161 1.744505 1.760204 1.773018 1.779457 1.785777 1.792109 1.798680 1.805023 1.813349 1.821611 1.828019 1.834576 1.840932 1.848817 1.864060 1.876621 1.882944 1.889267 1.895608 1.901779 1.908061 1.914316 1.921483 1.928052 1.936425 1.969418 1.975863 1.992249 2.010048 2.016252 2.022430 2.028672 2.034821 2.040971 2.047118 2.071867 2.077976 2.084075 2.090365 2.096678 2.103563 2.112030 2.120668 2.146600 2.152831 2.165065 2.171137 2.178215 2.184446 2.197953 2.210168 2.216372 2.222690 2.229515 2.235489 2.241589 2.247640 2.253661 2.259713 2.267254 2.275399 2.281345 2.287282 2.293995 2.300050 2.308271 2.315015 2.321087 2.327143 2.333166 2.339149 2.345397 2.351531 2.358092 2.364014 2.369986 2.375916 2.381912 2.387866 2.393827 2.399771 2.405668 2.417650 2.429508 2.436127 2.444059 2.482999 2.504813 2.512136 2.518079 2.523952 2.536623 2.548379 2.554217 2.560124 2.565954 2.571877 2.578191 2.584059 2.602354 2.614028 2.631599 2.637456 2.643283 2.649158 2.655157 2.667049 2.678939 2.691046 2.696845 2.702722 2.708572 2.722779 2.729129 2.735017 2.740830 2.752688 2.758563 2.764504 2.770757 2.776538 2.797891 2.814342 2.821944 2.828847 2.844574 2.850468 2.856290 2.870301 2.876247 2.891073 2.897365 2.905105 2.912549 2.930247 2.935999 2.941791 2.947522 2.953292 2.959111 2.964876 2.970665 2.976398 2.982142 2.987969 2.993887 2.999790 3.023879 3.029631 3.035391 3.041161 3.046912 3.052732 3.058549 3.064400 3.070255 3.082418 3.088616 3.096638 3.104764 3.112814 3.119580 3.125432 3.131780 3.140921 3.147751
Elapsed_time: 3.147751
Score: 21003.135682
301
79333.877507 77630.093957 66596.555574 62054.202881 62032.983555 61929.281862 61509.345144 61471.908204 61244.453501 60901.032025 60686.873247 60483.882591 60327.016574 60197.677243 60083.420253 59490.744049 59180.217740 58969.318769 58714.711388 58503.827283 58389.694566 58268.177169 57959.383586 57241.805195 56688.101299 56657.088827 56639.291734 56614.693034 56438.579055 56349.073443 56283.224662 56172.554942 56055.254768 55707.487374 55410.680771 55370.317312 55213.466200 55146.062935 55011.068471 54872.990976 54765.476991 54651.846035 54320.225195 53684.401989 52754.970247 52078.152627 51966.943124 51869.969483 51782.743477 51669.679279 51334.905523 51053.730294 50007.228965 49333.206993 49301.426999 49296.262987 49094.207838 48849.896990 48826.292101 48594.117793 48581.550525 48492.040630 48390.955838 48272.782275 47885.204197 47444.606832 47220.308443 47102.304045 47050.221859 47040.630049 47037.087812 46994.924003 46906.060693 46692.721462 46650.685369 46545.880272 46382.176830 46207.275580 46197.856928 46084.647239 45853.662314 45589.058792 45533.145734 45133.389769 44892.911620 44782.230573 44627.937780 44587.150325 44446.940120 44400.294983 44387.346999 44381.505521 44294.515237 44281.805487 44252.739478 44251.429406 44217.777561 44107.025787 43957.716809 43646.758208 43237.896453 43132.449755 42764.039431 42705.521215 42686.709701 42641.522063 42593.271509 42479.602606 42415.211018 42301.923002 41927.422683 41677.344448 41667.865417 41455.105571 41410.880291 41399.257265 41354.032529 41209.493123 40835.449192 40347.947222 40320.844389 40206.355149 40084.040062 40075.320726 40009.667984 39968.406448 39932.573848 39662.603471 39535.193638 39351.624789 39168.338392 38952.961813 38585.231138 38435.848089 38402.728021 38143.720644 38101.923142 37980.705097 37859.064454 37623.862286 37499.230918 37361.571108 37227.209080 36738.178117 36646.222067 36613.740553 36476.417055 36473.721826 36428.548528 36294.985148 36209.039638 36047.596353 35769.592533 35668.852584 35455.048106 35388.716135 35204.676080 35085.652495 34889.842791 34820.485754 34684.338096 34585.712376 34436.528131 34098.800255 34086.012491 33946.726078 33834.426259 33777.308254 33720.359048 33624.913983 33484.068509 33423.123669 33272.298841 33101.542685 32970.510567 32876.622729 32726.536565 32604.132378 32550.250259 32515.731772 32448.194537 32438.962222 32391.333387 32338.841834 32152.052394 32045.855316 31975.387700 31875.274396 31776.536975 31769.274115 31735.073377 31723.944745 31704.279906 31677.739882 31618.767853 31589.720107 31540.259463 31513.792436 31420.513221 31329.045993 31259.437251 31170.301109 31115.904781 31064.204365 31040.890963 30971.881513 30762.753993 30730.492865 30657.595263 30570.018362 30477.648793 30413.349056 30375.408477 30365.368310 30254.446228 30202.171792 30094.395956 29990.999113 29845.215687 29798.622607 29775.666561 29752.897097 29730.683119 29699.279518 29633.984663 29546.492596 29452.974466 29424.101194 29375.357114 29346.379767 29328.591191 29316.556240 29270.450785 29150.119440 29017.712663 28953.600030 28885.987256 28804.338507 28679.322756 28574.026477 28557.143844 28317.835009 28243.502826 28232.866494 28221.522834 28114.458572 28064.451150 28014.361931 28009.764723 27915.469375 27836.487834 27830.687932 27676.412501 27631.850170 27621.337655 27538.847214 27503.141274 27410.589164 27303.251641 27168.291663 27017.015482 26828.635771 26763.548154 26640.145680 26593.048559 26592.512389 26529.801888 26440.686008 26410.868214 26313.671659 26245.933768 26196.725878 26173.514300 26152.912096 26118.163839 26028.192711 25970.957605 25852.292943 25736.778775 25647.077405 25536.691604 25343.156258 25303.614493 25105.833819 24923.855647 24773.962672 24761.095694 24704.336561 24638.068439 24545.509397 24361.921254 24232.270779 24227.780352 24165.672251 24109.227542 24061.583305 24016.617279 23963.303264 23826.374028 23696.596857 23598.269362
0.216943 0.250886 0.260087 0.275773 0.298591 0.305631 0.312708 0.348168 0.363498 0.370572 0.377817 0.392303 0.399523 0.407067 0.414074 0.421102 0.428134 0.435203 0.442579 0.449649 0.456704 0.463808 0.470829 0.477876 0.484884 0.513057 0.520388 0.563241 0.571008 0.578085 0.585527 0.594782 0.602962 0.612100 0.619155 0.643785 0.665868 0.680035 0.687044 0.694514 0.701607 0.708648 0.715596 0.722568 0.729529 0.736484 0.750415 0.757387 0.765583 0.775371 0.782467 0.789392 0.796294 0.803195 0.810153 0.851619 0.858532 0.872295 0.886509 0.901354 0.910775 0.918129 0.925923 0.935164 0.944444 0.951991 0.963263 0.974424 0.984232 1.005370 1.025860 1.032802 1.039727 1.046627 1.060708 1.067699 1.074564 1.081408 1.095199 1.102195 1.108942 1.115758 1.122619 1.129744 1.136715 1.144090 1.153669 1.170337 1.178391 1.191940 1.198726 1.225835 1.232847 1.256299 1.283374 1.298871 1.308306 1.317642 1.336557 1.345000 1.351924 1.360798 1.368247 1.383646 1.411769 1.418571 1.425398 1.432203 1.439723 1.453965 1.460804 1.467608 1.481721 1.488782 1.502504 1.522551 1.529222 1.535890 1.542632 1.555874 1.582463 1.589087 1.595700 1.616597 1.623391 1.636697 1.643444 1.650417 1.657291 1.664522 1.671460 1.678157 1.684721 1.691295 1.705273 1.711839 1.719728 1.726847 1.733443 1.740030 1.746890 1.753764 1.760487 1.767729 1.775124 1.788165 1.794643 1.801207 1.807762 1.814310 1.820748 1.833637 1.840793 1.854698 1.887021 1.901755 1.908291 1.914767 1.921442 1.927875 1.934452 1.942101 1.949012 1.955405 1.968217 1.974552 1.980853 1.987168 1.993805 2.000243 2.015141 2.030916 2.039271 2.047689 2.076261 2.086278 2.092892 2.099182 2.105539 2.111894 2.118208 2.137020 2.143336 2.149669 2.155921 2.168485 2.181384 2.187644 2.193870 2.225015 2.233202 2.258342 2.266625 2.281346 2.289902 2.298881 2.307751 2.316932 2.323511 2.329724 2.342007 2.348189 2.360539 2.366741 2.372995 2.379218 2.386567 2.394112 2.402555 2.411349 2.420626 2.427726 2.433968 2.440602 2.447065 2.461421 2.467584 2.473765 2.479886 2.485999 2.510742 2.516894 2.523013 2.530620 2.537031 2.543178 2.549428 2.564256 2.572459 2.586685 2.592924 2.607977 2.615648 2.622172 2.628320 2.634559 2.642255 2.648478 2.654646 2.692851 2.711026 2.718438 2.724566 2.736571 2.742705 2.748762 2.754799 2.760814 2.772895 2.778925 2.790998 2.797051 2.803091 2.839404 2.863502 2.869572 2.875570 2.881583 2.887610 2.893626 2.899596 2.905552 2.911617 2.917703 2.923925 2.945334 2.952395 2.958560 2.970748 2.976795 2.982973 2.988903 3.000846 3.006781 3.018912 3.025605 3.031947 3.043886 3.056006 3.062882 3.070796 3.078678 3.090509 3.096633 3.104706 3.113920 3.137527 3.145566 3.152365 3.160428 3.168420 3.174757 3.198055 3.203894 3.209750 3.215622 3.221431 3.233076 3.238931 3.244745 3.250517
Elapsed_time: 3.250517
Score: 23598.269362
