5
301
1302261.406186 1251079.998233 1215901.600575 1180534.014016 1086907.624686 709307.431022 511288.650761 427559.824463 335587.418356 243439.437013 213702.149924 186241.419342 170953.475413 170267.276322 168981.852961 168190.308897 164765.635290 161665.337286 157866.374716 152568.073588 152433.880036 150848.183100 150701.661429 150548.785116 150544.088523 150325.710533 149982.153375 149730.571532 149110.431955 148599.905014 148206.744829 147658.168700 147174.482064 146976.175671 146677.792333 146318.439028 145935.543994 145419.548361 144912.235731 144279.276962 143808.205697 143288.281880 143026.885287 142903.889078 142726.592057 142554.573040 142371.775591 141926.673780 141552.389411 141547.555869 141311.246170 141147.740183 140824.316471 140525.733362 140519.122109 140393.340264 140183.472806 140146.396996 139881.214738 139708.103364 139532.349065 139261.716079 138915.982967 138909.482680 137218.972057 137008.050158 136444.050917 135232.454801 135210.659787 135052.925701 134989.976036 134938.298368 134918.429616 134799.243758 134615.728402 134212.511572 133857.272993 133748.037025 133579.458371 133191.875509 133075.758102 132493.441097 132476.669681 132132.064536 132019.313728 132012.594256 131805.257000 131634.964229 131417.574566 131192.933388 130595.615626 130431.480695 130422.605401 130028.159572 129652.244349 129492.473458 129169.334556 128860.691666 128487.763888 128054.017698 127812.937420 127385.884352 126761.132925 125149.170879 123282.620708 123081.260425 122889.488064 122788.710220 122698.739754 122479.771376 122476.841351 122371.634950 122292.112942 122123.940341 122010.353586 121726.037756 121682.386872 121226.921097 120160.174137 119912.239292 119695.509751 119655.296922 118491.279003 117633.421589 117624.713008 117460.702630 117025.366928 116812.338855 116783.579714 116587.909718 116451.605799 116323.937543 116106.807865 115571.036794 115374.329783 112683.036645 111870.520379 111753.580555 111712.131995 111352.374254 110987.899131 110534.725382 110491.899175 110272.145601 110224.607203 110193.672435 110188.244568 110149.341508 109984.351192 109833.141649 109676.995018 109278.815049 109238.009200 109189.120627 109075.863950 108885.691168 108815.504064 108714.384836 108435.334916 107882.913062 107065.197700 106302.163274 105990.972507 105651.769390 105451.680711 105125.775410 104466.059588 104455.792740 104214.685136 104028.386350 103921.093262 103853.416837 103812.507246 103781.957651 103583.582947 103323.794520 103180.402233 103027.981520 103003.985453 102669.386834 102386.717084 102193.746067 102011.274755 101347.723383 101092.794226 100964.856397 100572.062067 100517.585612 100445.818308 100406.353198 100391.276116 100151.930309 99999.539133 99888.473776 99583.173858 98940.741776 98555.703269 98211.027245 98099.379726 97996.551235 97843.583594 97814.156622 97565.545797 97543.231063 97376.091020 97120.111938 96857.106721 96357.565661 96204.054674 96075.928742 95966.253944 95844.712500 95736.029517 95706.369491 95651.550467 95238.281181 95217.979738 95019.225733 94934.588294 94899.353767 94627.443740 94167.069368 94078.904195 93795.718260 93604.273379 92699.223637 91959.791882 90798.211323 89815.345177 89705.962762 89693.958491 89670.524483 89526.430523 89494.833348 89441.715300 89273.708910 89131.948410 89010.879667 88911.271927 88685.961416 88349.312089 88262.248698 87931.742113 87854.566716 87549.464796 87545.545970 87390.974042 87296.824599 87242.696660 87135.331893 87081.144119 86987.322503 86857.339802 86744.641099 86688.097427 86664.543941 86553.822037 86259.230244 85690.274097 85645.380082 85582.227079 85471.737164 85422.757059 85318.795055 84896.019687 84635.851138 84110.731408 83904.453509 83842.722900 83815.058226 83650.326773 83499.292741 83274.246785 83253.719696 83177.583211 83163.656933 83104.213775 82930.781241 82786.494221 82511.449333 82179.343170 81795.048761 81464.416459 81424.677816 81358.234331 81263.035735 81222.793710 81197.093811 80890.893600 80868.009260 80836.299404 80767.278482 80722.625799 80683.260568 80659.429281 80623.804241 80582.705491 80566.145386 80528.657560 80450.262880 80216.692392
0.000079 0.017972 0.026930 0.035921 0.044867 0.053655 0.062432 0.071108 0.079745 0.088342 0.096953 0.105527 0.114116 0.122679 0.131355 0.140054 0.148680 0.157404 0.166206 0.183854 0.201456 0.210300 0.227876 0.236702 0.305706 0.314507 0.323322 0.332147 0.341161 0.350076 0.360776 0.369654 0.378523 0.405063 0.413911 0.422785 0.431672 0.440566 0.449426 0.458314 0.467171 0.476033 0.484919 0.493808 0.511528 0.529346 0.538181 0.547024 0.555845 0.591043 0.599885 0.608768 0.617708 0.627614 0.671837 0.680687 0.689523 0.707323 0.716327 0.725919 0.734743 0.743575 0.752379 0.761239 0.778690 0.804965 0.813786 0.832133 0.886415 0.895155 0.921399 0.938902 0.956418 0.965126 0.973927 1.000206 1.009121 1.017996 1.027212 1.071547 1.106505 1.117690 1.135067 1.152424 1.197428 1.234230 1.242927 1.251597 1.260266 1.268916 1.277600 1.286255 1.312182 1.320820 1.329493 1.338136 1.346753 1.364130 1.372907 1.381649 1.390446 1.399327 1.408127 1.416898 1.425637 1.442926 1.468872 1.503414 1.520670 1.529262 1.537923 1.546552 1.572427 1.615624 1.624242 1.632887 1.658741 1.667374 1.675966 1.719178 1.727799 1.745028 1.753596 1.787819 1.830317 1.838950 1.847513 1.856038 1.881711 1.890209 1.898730 1.907292 1.915794 1.924519 1.933235 1.955756 1.964364 1.981518 1.998679 2.007257 2.015851 2.058413 2.101634 2.110141 2.154847 2.172762 2.216452 2.235337 2.244173 2.252947 2.261792 2.270725 2.279420 2.305603 2.314930 2.323921 2.342142 2.350755 2.359502 2.368043 2.376603 2.385128 2.393625 2.402123 2.410652 2.419137 2.436025 2.463442 2.472055 2.480398 2.488733 2.497228 2.505686 2.530755 2.539124 2.547509 2.557166 2.565602 2.583301 2.592229 2.601121 2.655433 2.674139 2.683300 2.717295 2.763186 2.779959 2.805334 2.813652 2.822161 2.847270 2.855670 2.892030 2.900364 2.908818 2.918192 2.927642 2.944626 2.953060 2.971239 2.983927 3.010415 3.018826 3.043938 3.052328 3.060729 3.070089 3.079911 3.096576 3.105049 3.124041 3.133126 3.143759 3.172857 3.184829 3.194290 3.204119 3.212658 3.221309 3.229652 3.238639 3.257839 3.284831 3.293310 3.301661 3.310180 3.318844 3.327142 3.335438 3.369299 3.397844 3.407143 3.415379 3.423611 3.434301 3.442879 3.451070 3.459373 3.485140 3.493397 3.501591 3.520359 3.530393 3.546790 3.574760 3.583121 3.591362 3.641480 3.657975 3.674370 3.682852 3.691471 3.700860 3.709915 3.718130 3.735335 3.744893 3.753022 3.761188 3.786817 3.820093 3.852742 3.869730 3.879745 3.887924 3.896764 3.904865 3.913116 3.930317 3.938774 3.947014 3.956322 3.964452 3.998361 4.032595 4.057554 4.065721 4.073960 4.082057 4.091581 4.100917 4.109762 4.146052 4.154166 4.198849 4.206976 4.215344 4.223446 4.231511 4.248116 4.296113 4.304132 4.312099 4.336044 4.344059 4.367953 4.375925 4.383937 4.407786 4.415704 4.423656
Elapsed_time: 4.423656
Score: 80216.692392
301
1305745.409831 1258260.857197 1228606.350226 1202359.977202 1174495.289030 1090751.643361 697957.559720 426162.146607 354831.983737 275024.352608 230602.806541 196429.810316 183794.702481 181548.847437 180846.361482 180226.748463 179358.757864 175207.404311 171186.140353 166573.725656 164685.467728 162254.747523 158136.758476 156651.363108 156633.327463 156058.920240 155205.277200 155047.542175 154801.312784 154234.339558 153193.308962 152389.840296 151371.913324 150237.120905 149940.572367 149301.661162 148737.491612 147931.729251 147427.072026 146757.463536 146368.369863 146120.263220 145913.610913 145434.815559 145307.841835 145046.680070 144971.517675 144197.296145 144088.641848 144027.583696 143865.019059 143661.146487 143575.181480 143520.489841 143455.505741 143272.567865 143200.176751 143111.554613 142960.418622 142861.397328 142760.043595 142493.556398 142277.649794 141786.872665 141312.089314 141055.155089 140735.650793 140385.190854 140310.782031 140169.451148 139933.819183 139887.054352 139377.002487 139219.700507 139195.754430 138917.722641 138727.767891 138490.186727 138439.253177 138251.176452 138093.953229 137935.001122 137666.997639 137627.774981 137604.426608 137437.608496 137420.052828 137298.143340 136985.845220 136390.564278 135682.000765 135280.014262 134435.225250 131653.829868 131601.860006 131537.297025 131403.926284 131024.918458 130953.560007 130653.634579 130328.422453 129192.582443 129085.064325 128971.662894 128952.696453 128881.418979 128864.579084 128636.765388 128618.749057 128492.183073 128491.928743 128340.640882 128151.322325 127781.686977 126993.349538 126846.481321 126487.393397 125928.001934 125499.437676 125446.840838 125436.888256 125275.209947 125253.968295 125200.732855 125047.984991 124855.381735 124364.159085 124304.113625 124283.099402 124252.284917 124202.346386 123759.214019 123554.388690 123500.678288 123345.047527 123306.552596 123281.255112 123132.838644 122875.473854 122775.046933 122623.522516 122479.184964 122421.488923 122341.782497 122132.571294 121758.936109 121667.151885 121615.062851 121482.513637 121376.779635 121195.735969 121043.963644 120570.002823 120143.260304 118725.385070 118510.846733 118288.838220 118205.089280 118199.882827 118106.300388 117822.929008 117536.632454 117282.530184 117074.650439 116955.113363 116744.581015 116536.916622 116003.076198 115991.063449 115883.783917 115728.291226 115310.859727 114914.779651 114308.508739 113888.345056 113009.867049 112890.548962 112849.903924 112696.601569 112391.804505 112253.950158 111931.871808 111622.890211 111440.498121 110931.973173 109991.737539 109906.294743 109795.535119 109782.836413 109782.138500 109710.420253 109470.647423 109386.010210 109074.056779 108475.278584 106667.533853 105866.235328 105841.521465 105816.850966 105787.838570 105614.798388 105443.292310 105303.851955 105142.976565 104847.003970 104780.022878 104709.171493 104672.914607 104588.251978 104340.113574 104007.944317 103537.427151 102744.558687 101915.365453 101410.520747 101384.716744 101318.387595 101253.988862 101104.715732 100999.087660 100837.896872 100747.007060 100610.391384 100440.829450 99865.865175 99624.775121 99600.816218 99578.285494 99432.475972 99380.744033 99295.809116 99198.938034 98260.102260 96519.304880 96509.426638 96438.074867 96335.899593 96221.886409 95992.848456 95497.537078 95383.728830 95134.497151 94997.932728 94906.980277 94570.354926 93786.331220 92848.835172 92828.498727 92803.127504 92668.697001 92473.585408 92470.430584 92451.248327 92437.980967 92388.232921 92264.678064 92231.717985 91714.320756 91699.477501 91654.374179 91631.842995 91534.863165 91490.124803 91269.515214 91021.521359 90955.947645 90878.847899 90719.631824 90659.071170 90597.430808 90331.760918 90232.451198 89905.161991 89312.680135 87114.723640 86617.785177 86548.013459 86481.403815 86303.439201 85969.280599 85964.200816 85837.157667 85763.672071 85666.948631 85661.138347 85480.460833 85238.486036 84856.053442 84212.771763 83842.573473 83814.311563 83796.656536 83794.187664 83636.753404 83473.881438 83338.173163 83111.099744 83066.585758 83005.776704 82886.258417 82593.250759
0.000048 0.019873 0.029148 0.038242 0.047347 0.056458 0.065398 0.074194 0.083022 0.091835 0.100628 0.109352 0.118092 0.126857 0.135624 0.144430 0.153242 0.162097 0.170929 0.179815 0.188624 0.197427 0.206275 0.250628 0.296706 0.305593 0.323466 0.355436 0.364357 0.373195 0.382027 0.399883 0.408784 0.427695 0.436544 0.445346 0.454296 0.463098 0.489487 0.498286 0.507064 0.524650 0.533725 0.542784 0.555285 0.564550 0.582250 0.591189 0.600943 0.629055 0.639331 0.668314 0.679958 0.720908 0.732787 0.744564 0.779708 0.822678 0.831696 0.851580 0.860409 0.878352 0.904797 0.913735 0.922530 0.931367 0.948982 0.957828 0.993706 1.002517 1.058390 1.113910 1.123613 1.147037 1.188381 1.200291 1.210180 1.233802 1.255522 1.264492 1.273264 1.282268 1.292219 1.330536 1.340407 1.359477 1.396400 1.405114 1.413940 1.422670 1.431429 1.440177 1.507769 1.516699 1.580824 1.602415 1.614440 1.646975 1.668909 1.680736 1.704011 1.770030 1.797060 1.822994 1.858265 1.868921 1.878882 1.887956 1.899645 1.910216 1.943054 1.962741 1.971410 1.980242 1.990045 1.999065 2.009390 2.018081 2.028292 2.055218 2.064551 2.099682 2.150777 2.176589 2.185155 2.193863 2.202501 2.220109 2.271527 2.288724 2.297330 2.306278 2.314879 2.333796 2.342725 2.351325 2.377919 2.387225 2.424780 2.435708 2.464227 2.474388 2.504542 2.521775 2.530429 2.548408 2.557728 2.574977 2.583611 2.594064 2.602599 2.611235 2.619792 2.628351 2.647272 2.676547 2.693718 2.729342 2.767151 2.775653 2.784151 2.792780 2.813976 2.823044 2.833899 2.844132 2.853133 2.880723 2.942213 2.953401 2.963620 2.974603 2.983071 3.000077 3.008504 3.016910 3.025324 3.034009 3.043378 3.055234 3.067048 3.149219 3.166183 3.175616 3.187026 3.198229 3.230016 3.249530 3.288081 3.298211 3.315137 3.323751 3.332498 3.342216 3.350880 3.367917 3.376357 3.409821 3.460939 3.469371 3.477773 3.486907 3.495300 3.520868 3.529739 3.540449 3.549182 3.566408 3.577536 3.588381 3.617829 3.626201 3.643843 3.692765 3.717911 3.734570 3.760106 3.777086 3.786143 3.794469 3.802946 3.829364 3.837886 3.848042 3.856399 3.865066 3.893129 3.927606 3.937188 3.970782 3.987899 4.009497 4.038205 4.054847 4.101911 4.120943 4.129136 4.139507 4.148495 4.156780 4.165280 4.174675 4.183458 4.191743 4.199952 4.208112 4.216195 4.225976 4.267601 4.275714 4.283844 4.300053 4.316190 4.332344 4.340440 4.348501 4.357056 4.366205 4.420328 4.428445 4.444576 4.481469 4.489602 4.500075 4.508561 4.518707 4.527021 4.543425 4.561363 4.569537 4.577612 4.593756 4.601826 4.611107 4.643572 4.671540 4.712916 4.728836 4.736933 4.752998 4.801698 4.809840 4.820431 4.831473 4.861461 4.870812 4.878831 4.887166 4.897286 4.906402 4.914354 4.970740 5.021194 5.029182 5.037216 5.045225 5.054927 5.078883 5.086890 5.094782 5.102700
Elapsed_time: 5.102700
Score: 82593.250759
301
1283454.330556 1235397.729843 1204984.556529 1177462.718866 1091596.436170 800320.858491 529834.883722 410901.900554 339087.621844 284760.334256 244682.339621 196298.842523 174680.802407 171210.225168 170346.001190 169364.618825 165589.784421 160990.588762 153218.852940 152752.719494 150921.704880 150786.536562 150555.917650 150349.984429 150210.706958 149805.784072 149047.088148 147998.362421 147767.565049 147485.743813 147459.567248 147239.770824 147107.226108 146819.257198 146630.993607 145983.618355 145928.408043 144579.321251 144429.489615 144420.643875 144240.865507 143872.083851 143853.280525 143624.150527 143443.979304 143338.078739 142861.848003 142564.018110 142407.680404 142215.723715 141629.679753 141374.120012 141276.423983 140897.328613 140506.986454 140079.139925 139055.005247 138942.873631 138479.191567 138234.774814 137866.610913 137690.399780 135181.773616 134982.436268 134956.300670 134615.977452 134176.198587 133759.035976 133650.647703 133321.748615 133261.623400 133122.405862 132867.535882 132602.551127 132284.679825 132052.856449 131781.554071 131492.422844 130735.945700 130544.378589 130235.569030 129904.223834 129550.604810 129239.051665 129022.460856 128884.492494 127115.590831 126552.247607 125988.822875 125612.341455 125490.418797 125480.985369 125352.352785 125227.999389 125050.390971 125048.344343 125024.241135 124802.939890 124741.849420 124648.172531 124188.047198 124044.036054 123895.212389 123660.442254 123329.256420 122618.349818 122426.573192 122167.608483 122049.480802 121701.874410 121204.549614 120609.887553 120443.331398 120248.286462 120132.872841 119977.524665 119586.900340 118894.638676 117543.284737 117423.563314 117373.046416 117272.378741 117163.525825 117018.352265 116987.758022 116859.324867 116707.245055 116512.426330 115831.939337 115208.057503 114584.115847 114554.763579 114182.762007 111654.587572 111160.248023 111090.468269 111033.868344 110939.300580 110909.646428 110861.010146 110754.034404 110554.404711 110462.137184 110381.332908 110057.161469 109573.934604 109423.452631 109265.778745 109160.559672 109034.194442 108989.537562 108775.121294 108620.886848 108314.467095 107789.169479 106903.051321 106736.922254 106722.847900 106449.091486 105881.464682 105772.589906 105587.259392 105502.151775 105471.159605 105381.423212 105327.307868 105190.550998 105132.263489 104938.533483 104917.379749 104758.947419 104651.628680 104631.096731 104580.647093 104404.566190 104129.093605 103789.775633 103463.423766 103314.415921 102981.002455 102573.280317 102324.056493 102110.086824 101893.556767 101883.976018 101811.796093 101513.544349 101091.337830 100872.949299 100257.616118 100082.619880 99974.113687 99857.409933 98970.761377 98821.833739 98799.546815 98649.550070 98543.497087 98177.795182 97891.769129 97786.126889 97674.984739 97475.464052 97085.682416 97058.501590 97045.699194 96914.352521 96663.551730 96642.680138 96426.655613 96239.990776 95784.600692 95243.838240 94795.519258 93567.754453 93556.692726 93302.045367 93266.446799 93052.888228 92972.776433 92887.959457 92776.926176 92640.619994 92238.173113 91960.828921 91723.948624 91649.115936 91529.036873 91262.526201 90862.247338 90271.108607 89678.472018 89039.850763 88877.395652 88658.589439 88564.399982 88437.221787 88395.455971 88088.044844 87869.089823 87176.797240 86710.724252 86361.072396 86134.508628 85961.611301 85945.942511 85553.070675 85465.317938 85380.112892 85325.387229 85282.033566 85058.852572 84902.401251 84465.825009 84225.417461 83786.690462 83679.933443 83670.701471 83565.249232 83432.362829 83214.915585 82854.287009 82629.839599 82591.624460 82192.327248 82123.049273 82097.358668 82084.927436 81990.954331 81878.932666 81839.333321 81766.910691 81660.606570 81628.431889 81441.575069 81377.026463 81196.341755 81098.948797 81018.062918 80931.054778 80594.150708 80125.479686 79889.083420 79743.904689 79730.902690 79720.269601 79538.308365 79380.547623 79040.499899 78463.713376 78313.551081 78300.146649 78174.524961 77699.398513 77692.483296 77609.344334 77480.703856 77302.716896 76951.408314 76942.665493 76874.918763
0.000044 0.019462 0.028563 0.038353 0.047371 0.056356 0.065254 0.074421 0.083801 0.092501 0.101138 0.111100 0.120152 0.129701 0.138842 0.147610 0.156788 0.166140 0.175220 0.194901 0.205412 0.246683 0.255774 0.264736 0.274336 0.283747 0.292652 0.304536 0.314845 0.323766 0.332621 0.341466 0.350725 0.359637 0.370966 0.389057 0.399806 0.437862 0.446735 0.497375 0.506617 0.544097 0.604460 0.613499 0.622395 0.631227 0.648885 0.658139 0.667087 0.679639 0.692581 0.716617 0.740292 0.749152 0.758015 0.766888 0.784577 0.793442 0.802657 0.811859 0.820944 0.833669 0.853943 0.906462 0.959574 0.968405 0.977364 0.996227 1.022484 1.032362 1.050655 1.059395 1.068153 1.077183 1.086941 1.098738 1.110141 1.119195 1.130605 1.154140 1.163522 1.172986 1.185401 1.194543 1.204110 1.225836 1.252561 1.261332 1.281642 1.290372 1.307752 1.358971 1.367552 1.376251 1.403385 1.412019 1.439401 1.448008 1.456655 1.473902 1.482538 1.500130 1.519137 1.531061 1.542504 1.552281 1.561495 1.572391 1.583996 1.593037 1.618983 1.627578 1.636198 1.662170 1.670850 1.679468 1.689054 1.697679 1.717258 1.761570 1.770014 1.786865 1.795396 1.803838 1.838326 1.847290 1.864288 1.873118 1.881815 1.890572 1.933204 1.975496 1.983925 1.992346 2.009148 2.034368 2.059616 2.068030 2.113087 2.124556 2.134195 2.143173 2.152694 2.178792 2.187822 2.196233 2.204787 2.213261 2.221943 2.251193 2.313725 2.322173 2.330634 2.339078 2.348871 2.368100 2.386572 2.404358 2.412685 2.421036 2.429362 2.437639 2.471396 2.505715 2.526721 2.546746 2.555491 2.564235 2.572678 2.589567 2.597863 2.606250 2.647755 2.656082 2.664563 2.672927 2.681333 2.700681 2.710664 2.719099 2.727442 2.744082 2.752349 2.777116 2.825020 2.833564 2.842008 2.851077 2.859389 2.867714 2.892401 2.900752 2.909086 2.917392 2.925689 2.951262 2.959559 2.967987 2.976537 2.986770 2.995701 3.003943 3.036924 3.045101 3.105852 3.142795 3.174159 3.182611 3.219322 3.227551 3.236111 3.247095 3.258114 3.266707 3.274913 3.303847 3.323217 3.331523 3.341220 3.349640 3.359645 3.370257 3.381008 3.389148 3.397311 3.405534 3.413790 3.424593 3.433754 3.444202 3.461327 3.469585 3.486601 3.494742 3.502947 3.511174 3.527565 3.535821 3.544035 3.552220 3.560783 3.569283 3.577790 3.594723 3.610782 3.618890 3.626917 3.642889 3.651020 3.659048 3.667110 3.675222 3.683764 3.691724 3.700064 3.741195 3.757193 3.788934 3.796893 3.805015 3.812945 3.821445 3.829735 3.874754 3.886443 3.894979 3.933061 3.948900 3.956809 3.964746 3.972660 3.980574 3.988523 3.996399 4.004327 4.012253 4.020152 4.028003 4.035892 4.043864 4.051770 4.059674 4.098945 4.114635 4.138087 4.153751 4.161703 4.169580 4.178508 4.186381 4.223356 4.287503 4.295854 4.303842 4.329765 4.338033 4.347220 4.364446 4.407297 4.432291 4.447872
Elapsed_time: 4.447872
Score: 76874.918763
301
1270775.394685 1222254.965458 1189685.147485 1153855.103345 1103813.184789 971950.735244 638362.464723 441770.541805 363335.089805 311588.486197 253775.024526 212566.470981 192423.856374 185317.732932 183852.624780 182745.581041 181591.326355 180494.575698 179146.909373 176444.946693 176297.949176 175109.900367 173970.845170 173111.700024 172977.195122 169945.336168 165397.924450 165179.173870 155076.521161 154615.402852 154447.053844 154291.680653 154083.804122 154079.008938 153831.849976 153345.134719 152388.612660 151177.389530 150512.033366 150045.276395 149982.327126 149888.718913 149783.133625 149713.099567 149676.699023 149421.070455 148295.435885 148228.335578 147790.539359 147695.508824 147648.786983 147577.566472 147516.774634 147316.853100 147183.145261 146911.383552 146444.349080 146349.729229 146147.288812 145855.862016 145652.876592 145370.885459 145246.592766 145054.589827 144868.073671 144734.787288 144425.891673 144212.911822 144141.448382 144120.583714 143710.735996 143553.952702 143513.520530 143315.597320 143022.105524 142872.518744 142574.316078 142344.940338 142087.009127 141739.836441 141666.293831 141464.870691 141321.794789 140915.929125 135464.446918 135449.033747 135404.020185 135306.278422 135124.185805 134937.031784 134764.379572 134563.323512 134541.343607 134394.786613 134283.448177 134204.731612 133900.697165 133712.584932 133564.248833 133530.481653 133237.467457 132898.641676 132236.020526 132113.336519 132106.970868 132092.898374 131947.753967 131807.511277 131676.478751 131651.975509 131615.716374 131413.230957 131155.103415 130874.894275 130712.029299 130439.410959 130095.505277 129943.959771 129702.639087 129623.073344 129539.626725 129429.365224 129271.560036 127963.937011 127705.598765 127644.028941 127364.822455 127250.519576 126807.614363 126546.655664 125875.905433 125460.343662 125225.967601 125073.365643 124873.449608 124636.076696 124563.260880 124426.283167 124210.031590 124037.931281 123776.004246 123444.503545 123116.586305 123007.713291 122943.318671 122765.457047 122672.539753 122480.582816 122132.989707 121998.108067 121823.593627 121711.739752 121546.720864 121358.026965 121056.488257 120742.037210 118508.527522 118010.887330 117999.161227 117629.752331 117480.240480 117434.426162 117291.311801 117197.027797 116951.845938 116600.243879 116267.724751 115925.684150 115634.007410 115468.081708 114866.945676 114581.498542 113780.964532 113751.084168 113709.167539 113635.644131 113480.520408 113313.373255 113115.666291 112839.262612 112383.652721 112223.409773 112183.730003 112052.792894 111830.314671 111748.134659 111227.724571 111134.569148 111119.141525 111072.673577 111042.299377 110978.627473 110865.460243 110680.948623 110584.262006 110138.617365 109886.731536 109749.696462 109384.730649 108984.808388 108876.463474 108741.616623 108607.267918 108265.988714 108138.227513 108065.889849 107805.764936 107739.102319 107615.787974 107523.122032 107383.387816 107229.291618 107003.076431 106691.242040 106221.299671 104013.956547 103896.326837 103880.134538 103747.289689 103538.861796 103367.248647 103102.725118 102809.151507 102697.615654 102641.421679 102596.885160 102473.963806 102388.048630 101971.111207 101686.102541 101540.506487 101423.910921 101284.256933 100814.118835 100391.671866 99865.999250 99643.114521 99550.123969 99500.131455 99215.154219 97938.571297 97889.998503 97873.398184 97786.291647 97682.993739 97484.791797 97405.872971 97186.453606 97176.108194 97076.349152 97039.449986 96982.083181 96882.755540 96743.385255 96537.310757 96482.140536 96452.443498 96370.768214 96286.813340 96265.907315 96197.960264 96085.302829 95864.583192 95181.203827 95142.337927 95074.769689 94122.277400 93828.429835 93794.014477 93559.153890 93320.070939 93173.740149 92976.552130 92804.245144 92619.908227 92366.405097 91663.976547 91284.215285 90966.300436 90757.349299 90738.016041 90725.256108 90671.302473 90601.997466 90543.200233 90479.681218 90291.798667 90034.100300 90007.597352 90004.826420 89917.076121 89795.467929 89479.008062 89125.405035 88807.952542 88591.945530 88444.429950 88278.805965 87970.790328 87624.400973 87544.001425
0.000035 0.018077 0.027090 0.036566 0.045700 0.057455 0.070034 0.080444 0.093463 0.105803 0.115472 0.124466 0.133032 0.141708 0.152492 0.164315 0.173216 0.201968 0.211257 0.219987 0.237838 0.246920 0.283865 0.292775 0.334329 0.343179 0.353982 0.373731 0.382701 0.411192 0.430778 0.486881 0.506124 0.537105 0.545992 0.555103 0.564287 0.573268 0.583544 0.592408 0.601365 0.628832 0.638125 0.647563 0.656497 0.665501 0.674475 0.683437 0.701940 0.756964 0.765866 0.792553 0.801491 0.810389 0.819589 0.828565 0.838044 0.875129 0.902202 0.911375 0.920286 0.930083 0.939198 0.948555 0.957702 0.967646 0.976473 0.994278 1.003156 1.058211 1.068044 1.078414 1.087643 1.096453 1.105316 1.123007 1.131842 1.140714 1.150498 1.159540 1.178074 1.186960 1.195850 1.204726 1.248586 1.294325 1.321866 1.333163 1.341933 1.350772 1.382477 1.391213 1.399968 1.408699 1.417476 1.426173 1.434912 1.443663 1.452414 1.470070 1.478897 1.487597 1.496350 1.505126 1.522523 1.531248 1.539987 1.557390 1.566144 1.583557 1.592305 1.600981 1.609706 1.627186 1.644615 1.653359 1.662095 1.670827 1.679531 1.697035 1.705979 1.715685 1.724693 1.768038 1.785369 1.828729 1.837448 1.846066 1.854711 1.863402 1.872078 1.880889 1.889574 1.898233 1.906822 1.924136 1.958612 1.967254 1.975894 1.984538 1.993124 2.001752 2.010402 2.045179 2.055254 2.067156 2.077842 2.088606 2.099006 2.107843 2.116667 2.128258 2.138977 2.149833 2.158682 2.168381 2.188356 2.197326 2.224880 2.275060 2.325600 2.355215 2.363820 2.374709 2.386020 2.395445 2.404102 2.412950 2.421686 2.431567 2.442482 2.452202 2.508637 2.555000 2.589488 2.599144 2.610604 2.622261 2.633712 2.642548 2.651246 2.660952 2.680743 2.689396 2.698006 2.706569 2.715233 2.725029 2.759010 2.792875 2.809686 2.818144 2.826660 2.835091 2.852076 2.869021 2.877479 2.885992 2.894417 2.902833 2.911264 2.919951 2.928687 2.940241 2.983633 2.992203 3.001329 3.036309 3.045235 3.054116 3.062616 3.071054 3.079463 3.087874 3.113301 3.131429 3.182809 3.199825 3.208324 3.216799 3.225337 3.233747 3.242180 3.268989 3.287539 3.324562 3.333182 3.341600 3.358286 3.366672 3.375013 3.391699 3.400109 3.408394 3.416787 3.425944 3.438322 3.460767 3.492344 3.500584 3.551325 3.592690 3.600911 3.617403 3.625660 3.633944 3.642226 3.650489 3.658792 3.684105 3.700683 3.708931 3.730665 3.741604 3.752351 3.763384 3.812172 3.823067 3.832391 3.862981 3.871191 3.879439 3.887659 3.895901 3.904419 3.924468 3.947012 3.956609 3.965790 3.976402 3.984672 3.992903 4.001157 4.009602 4.017858 4.026097 4.034380 4.043047 4.060397 4.069045 4.077459 4.128807 4.145109 4.153252 4.161328 4.169409 4.177818 4.186060 4.196753 4.255369 4.263718 4.272049 4.281999 4.290446 4.298617 4.306749 4.314859 4.323002 4.331076 4.339381 4.347560
Elapsed_time: 4.347560
Score: 87544.001425
301
1273003.667747 1225812.425792 1195983.723991 1168676.613683 1125018.986584 1034575.779600 761588.661152 493558.741335 353299.881335 297970.633165 253751.781930 198797.736246 173368.164518 172083.935529 171401.132638 170358.597950 166700.698981 163365.364833 159243.484436 153592.968059 153242.956861 153063.672285 153044.127229 152599.871274 152214.513398 152131.125534 152018.469485 151798.568461 151741.286280 151682.141100 151543.808252 151304.790318 150672.227146 150490.650494 150012.576497 149035.943831 148619.212919 148575.706911 148216.783311 148191.108403 148030.216540 147778.346295 147315.774998 146863.741586 146106.257415 144908.633011 144608.694962 144295.729168 144150.167231 143982.439900 141606.153860 141563.571757 141402.825937 141349.244838 141097.090189 141059.424785 140879.197648 140826.024034 140622.626044 140228.906982 140006.790930 139795.799844 139085.767721 139033.068948 139006.503120 138530.171859 138472.548971 138422.956744 138289.256636 138192.310851 138183.212666 138085.077831 138056.353211 137949.319005 137712.725485 137661.769476 137545.920290 137170.512924 136888.642344 136665.018203 136612.665148 135608.108354 134947.911526 132847.156519 131800.063000 131260.678934 131098.945275 130177.422701 129843.278448 129729.481125 129645.848566 129528.262906 129244.895277 128567.587249 128338.879357 128070.754969 127960.260827 127735.716350 127599.276668 127426.858154 127403.632682 127358.156252 127166.157694 126958.559059 126303.585869 126076.267697 125870.837923 124551.358909 124132.826190 123947.966653 123675.284709 122159.437030 121793.938819 121737.664485 121575.980243 121371.163662 121154.820642 120707.980536 120412.435117 120400.754804 120299.174690 119412.574076 119267.608472 119248.715943 119037.735699 118831.932375 118555.695592 118096.598895 117527.600745 117392.435952 116856.432751 116565.497776 116531.506862 116240.782567 116063.497506 115932.327150 115829.486447 115778.335853 115631.394964 115409.437352 115175.097640 114732.753200 114233.065358 113693.411271 113225.970277 112878.855678 112733.775732 112632.552092 112403.805210 112247.241318 112110.485113 111908.142931 111792.527993 111654.612542 111489.758990 111143.569291 111084.344647 111017.534513 110945.640600 109950.916484 109869.638248 109815.500946 109364.560236 109113.369100 109085.789101 109038.371613 108970.720265 108801.668683 108511.567410 108441.303623 108332.263634 108249.002184 107994.504029 107720.594057 107634.587008 107382.451254 106989.712226 106984.595043 106836.306755 106543.538332 106370.269551 106213.140012 105744.064476 105468.606424 105166.784907 105138.512416 104676.034138 103839.022234 103408.503156 103343.975189 103327.236766 103139.901643 103071.374621 103015.779050 102895.351138 102580.902216 102502.551663 102473.310124 102438.763610 102420.385035 102382.485579 102273.624079 102199.095016 101991.866689 101809.763039 101692.123733 101235.160723 101094.473406 100908.277461 100539.777813 100474.997871 100455.056138 100161.931619 100013.080252 99989.915587 99745.627847 99197.149218 99149.677002 99013.652593 98806.449651 98797.169649 98648.354625 98541.855414 98208.949880 97869.990256 97592.140257 97320.924439 96942.838574 96631.738779 96246.992401 96173.764030 95935.341560 95453.606832 95262.312310 95100.259637 94798.571735 94145.150864 94018.936712 94017.619434 93942.723188 93785.780507 93682.632531 93343.399173 93274.136915 93237.702292 93235.725277 93173.582793 92984.617722 92776.073124 92293.904424 91837.677557 91332.796666 90843.236979 90475.173142 90200.941128 90114.597073 89954.298555 89426.085787 89148.053978 88782.269562 88471.096187 88458.181547 88389.450006 88265.346036 88173.401335 88126.483497 87879.606387 87821.573374 87610.336516 87154.204991 86924.035829 86801.030965 86792.127910 86647.284135 86575.317448 86500.371016 86402.185956 86348.417689 85947.940607 85565.022754 85393.177690 85379.181645 85261.983015 85064.408266 85020.923516 84886.149950 84686.846531 84334.008690 83922.869152 83722.270615 83609.988784 83598.034649 83420.087955 83286.678301 82869.668975 82372.081383 81892.397948 81584.999352 81476.225007 81408.268079 81394.008527
0.000045 0.025988 0.036155 0.045628 0.054743 0.063774 0.073931 0.085813 0.094613 0.103299 0.113652 0.123694 0.133828 0.142532 0.153034 0.162096 0.172208 0.181024 0.190951 0.200043 0.208981 0.218314 0.236641 0.245476 0.289431 0.350840 0.359714 0.386097 0.394856 0.430249 0.440481 0.452205 0.464266 0.484651 0.513365 0.531800 0.541598 0.568359 0.578867 0.611720 0.634417 0.646118 0.655531 0.664753 0.673973 0.683111 0.709950 0.719128 0.747724 0.756723 0.786464 0.812649 0.830028 0.856114 0.903008 0.938876 0.947740 0.965692 0.974551 0.983360 0.993197 1.010568 1.030781 1.055460 1.076352 1.085948 1.094646 1.113096 1.122078 1.131030 1.140238 1.149198 1.166879 1.175643 1.193231 1.210765 1.219544 1.228370 1.268393 1.277134 1.285944 1.294825 1.305155 1.314313 1.323019 1.352954 1.391182 1.399864 1.421781 1.450209 1.458831 1.467558 1.476201 1.484817 1.502138 1.510788 1.536761 1.545453 1.554203 1.562914 1.588985 1.597670 1.606359 1.615138 1.623841 1.641173 1.649969 1.667212 1.684443 1.706508 1.728171 1.739714 1.751360 1.796345 1.806411 1.815165 1.823774 1.832392 1.850705 1.904042 1.912663 1.921290 1.965506 2.010558 2.019691 2.031504 2.040849 2.052303 2.062337 2.130226 2.140892 2.150154 2.159153 2.168281 2.178677 2.196265 2.215240 2.224928 2.233708 2.244147 2.253259 2.261827 2.271049 2.279632 2.288181 2.315002 2.333937 2.359347 2.367877 2.385067 2.395459 2.408621 2.426550 2.435177 2.443840 2.455219 2.489747 2.499533 2.509747 2.520582 2.538616 2.565162 2.573736 2.583041 2.600134 2.617129 2.625557 2.634054 2.642547 2.652482 2.664300 2.673154 2.681891 2.707511 2.733038 2.758641 2.768806 2.786292 2.796313 2.806779 2.817066 2.825483 2.834461 2.845448 2.854275 2.862711 2.879596 2.888003 2.958320 2.967954 2.998098 3.008456 3.016813 3.044235 3.052981 3.070793 3.096189 3.122373 3.155697 3.194866 3.212389 3.220983 3.229808 3.238264 3.247980 3.265339 3.292647 3.304680 3.324810 3.349791 3.374741 3.412050 3.423412 3.432512 3.451996 3.461667 3.469991 3.528242 3.536622 3.561463 3.619561 3.627959 3.636319 3.644645 3.653056 3.661461 3.670034 3.679461 3.687811 3.696082 3.704381 3.712746 3.729298 3.737606 3.745926 3.754211 3.816315 3.854237 3.896765 3.907320 3.916384 3.925566 3.936414 3.956171 3.988989 4.023631 4.033314 4.042031 4.051348 4.060888 4.069727 4.079417 4.087757 4.096198 4.105206 4.113861 4.132362 4.141328 4.150898 4.160647 4.169480 4.186124 4.230334 4.264269 4.272596 4.289923 4.298450 4.307668 4.317156 4.342203 4.350560 4.358589 4.399058 4.407140 4.428088 4.439072 4.448493 4.456530 4.464635 4.472698 4.480733 4.512759 4.520770 4.528865 4.553186 4.562937 4.570990 4.579033 4.595061 4.603411 4.611463 4.627471 4.635784 4.645451 4.656389 4.664804 4.672764 4.713574 4.730305 4.772849 4.810575
Elapsed_time: 4.810575
Score: 81394.008527
